1.354e-06 -0.0195408 -0.00203625
0.00304557 -0.0195408 -0.0040001
0.00600349 -0.0195408 -0.0049949
0.00799802 -0.0195408 -0.00599422
0.00999745 -0.0195408 -0.00699422
0.0119974 -0.0195408 -0.00799266
0.0139958 -0.0195408 -0.0089924
0.0159955 -0.0195408 -0.00999443
0.0179977 -0.0195408 -0.0109928
0.0199959 -0.0195408 -0.0119921
0.0219953 -0.0195408 -0.0129922
0.0239955 -0.0195408 -0.0139929
0.025996 -0.0195408 -0.0149922
0.0279954 -0.0195408 -0.0159928
0.0299959 -0.0195408 -0.0169917
0.0319949 -0.0195408 -0.0179941
0.0339976 -0.0195408 -0.0189929
0.035996 -0.0195408 -0.0199911
0.0379943 -0.0195408 -0.021013
0.0400161 -0.0195408 -0.0219933
0.0419965 -0.0195408 -0.0229876
0.0439908 -0.0195408 -0.0239853
0.0459885 -0.0195408 -0.0249872
0.0479904 -0.0195408 -0.0259846
0.0499878 -0.0195408 -0.0269851
0.0519883 -0.0195408 -0.0280017
0.0540053 -0.0195408 -0.0289929
0.0559961 -0.0195408 -0.0299934
0.0579967 -0.0195408 -0.0309924
0.0599956 -0.0195408 -0.0319925
0.0619957 -0.0195408 -0.0329955
0.0639986 -0.0195408 -0.0339925
0.0659957 -0.0195408 -0.0349932
0.0679964 -0.0195408 -0.0359919
0.0699952 -0.0195408 -0.0369925
0.0719957 -0.0195408 -0.037992
0.0739953 -0.0195408 -0.0389927
0.0759959 -0.0195408 -0.0399921
0.0779953 -0.0195408 -0.0409912
0.0799943 -0.0195408 -0.0419916
0.0819948 -0.0195408 -0.0429919
0.0839951 -0.0195408 -0.0439927
0.0859958 -0.0195408 -0.0449936
0.0879968 -0.0195408 -0.0460092
0.0900126 -0.0195408 -0.0469926
0.0919958 -0.0195408 -0.0480034
0.0940085 -0.0195408 -0.0489918
0.0959952 -0.0195408 -0.049992
0.0979954 -0.0195408 -0.0509909
0.0999941 -0.0195408 -0.0519915
0.101995 -0.0195408 -0.0529968
0.104 -0.0195408 -0.0539927
0.105996 -0.0195408 -0.0549917
0.107995 -0.0195408 -0.0559911
0.109994 -0.0195408 -0.0569922
0.111995 -0.0195408 -0.0579944
0.113998 -0.0195408 -0.0589909
0.115994 -0.0195408 -0.0599917
0.117995 -0.0195408 -0.0609927
0.119996 -0.0195408 -0.0619924
0.121996 -0.0195408 -0.0629936
0.123997 -0.0195408 -0.0639909
0.125994 -0.0195408 -0.0649918
0.127995 -0.0195408 -0.0659917
0.129995 -0.0195408 -0.0669918
0.131995 -0.0195408 -0.0679972
0.134 -0.0195408 -0.0689915
0.135995 -0.0195408 -0.0699904
0.137993 -0.0195408 -0.0709926
0.139996 -0.0195408 -0.071997
0.142001 -0.0195408 -0.0729987
0.144002 -0.0195408 -0.0739931
0.145996 -0.0195408 -0.0749934
0.147997 -0.0195408 -0.0759928
0.149996 -0.0195408 -0.0769919
0.151995 -0.0195408 -0.0782338
0.154237 -0.0195408 -0.0799873
0.156991 -0.0195408 -0.0809761
0.15898 -0.0195408 -0.0819738
0.160978 -0.0195408 -0.0829748
0.162979 -0.0195408 -0.0839728
0.164975 -0.0195408 -0.0849731
0.166976 -0.0195408 -0.0859732
0.168976 -0.0195408 -0.0869733
0.170976 -0.0195408 -0.0879759
0.17298 -0.0195408 -0.0889749
0.174979 -0.0195408 -0.0899739
0.176978 -0.0195408 -0.0909739
0.178978 -0.0195408 -0.0919741
0.180978 -0.0195408 -0.0929736
0.182976 -0.0195408 -0.0939736
0.184976 -0.0195408 -0.0949741
0.186978 -0.0195408 -0.0959747
0.188979 -0.0195408 -0.0969731
0.190976 -0.0195408 -0.0979737
0.192976 -0.0195408 -0.0989692
0.194972 -0.0195408 -0.099968
0.196971 -0.0195408 -0.100968
0.198971 -0.0195408 -0.101966
0.200969 -0.0195408 -0.102991
0.202994 -0.0195408 -0.103975
0.204979 -0.0195408 -0.104975
0.206979 -0.0195408 -0.105973
0.208976 -0.0195408 -0.106973
0.210976 -0.0195408 -0.107974
0.212978 -0.0195408 -0.108974
0.214978 -0.0195408 -0.109972
0.216975 -0.0195408 -0.110974
0.218976 -0.0195408 -0.111973
0.220976 -0.0195408 -0.112975
0.222979 -0.0195408 -0.113973
0.224976 -0.0195408 -0.114975
0.226979 -0.0195408 -0.115974
0.228978 -0.0195408 -0.116973
0.230976 -0.0195408 -0.117974
0.232978 -0.0195408 -0.118974
0.234978 -0.0195408 -0.119975
0.236979 -0.0195408 -0.120974
0.238978 -0.0195408 -0.121973
0.240975 -0.0195408 -0.122974
0.242978 -0.0195408 -0.123974
0.244978 -0.0195408 -0.124973
0.246975 -0.0195408 -0.125974
0.248976 -0.0195408 -0.126973
0.250976 -0.0195408 -0.127975
0.252979 -0.0195408 -0.129131
0.255134 -0.0195408 -0.13099
0.257993 -0.0195408 -0.131987
0.25999 -0.0195408 -0.132986
0.26199 -0.0195408 -0.133997
0.264 -0.0195408 -0.134991
0.265994 -0.0195408 -0.135991
0.267994 -0.0195408 -0.136992
0.269995 -0.0195408 -0.13799
0.271993 -0.0195408 -0.138993
0.273997 -0.0195408 -0.13999
0.275994 -0.0195408 -0.140992
0.277995 -0.0195408 -0.141992
0.279995 -0.0195408 -0.142992
0.281995 -0.0195408 -0.143991
0.283994 -0.0195408 -0.144992
0.285995 -0.0195408 -0.145991
0.287994 -0.0195408 -0.146991
0.289994 -0.0195408 -0.147991
0.291994 -0.0195408 -0.148991
0.293994 -0.0195408 -0.150008
0.296011 -0.0195408 -0.150991
0.297994 -0.0195408 -0.151991
0.299994 -0.0195408 -0.152991
0.301994 -0.0195408 -0.15399
0.303994 -0.0195408 -0.15499
0.305993 -0.0195408 -0.155989
0.307993 -0.0195408 -0.156997
0.310001 -0.0195408 -0.157997
0.312 -0.0195408 -0.158992
0.313995 -0.0195408 -0.159992
0.315995 -0.0195408 -0.160992
0.317995 -0.0195408 -0.161995
0.319998 -0.0195408 -0.162992
0.321995 -0.0195408 -0.163993
0.323996 -0.0195408 -0.164992
0.325995 -0.0195408 -0.165991
0.327994 -0.0195408 -0.166992
0.329995 -0.0195408 -0.167991
0.331994 -0.0195408 -0.168992
0.333996 -0.0195408 -0.169992
0.335995 -0.0195408 -0.170991
0.337994 -0.0195408 -0.171992
0.339995 -0.0195408 -0.172993
0.341996 -0.0195408 -0.173993
0.343997 -0.0195408 -0.174992
0.345995 -0.0195408 -0.175992
0.347995 -0.0195408 -0.176992
0.349995 -0.0195408 -0.177992
0.351995 -0.0195408 -0.178992
0.353995 -0.0195408 -0.180176
0.356179 -0.0195408 -0.181978
0.358981 -0.0195408 -0.182975
0.360979 -0.0195408 -0.183975
0.362979 -0.0195408 -0.184975
0.364979 -0.0195408 -0.185974
0.366976 -0.0195408 -0.186975
0.368979 -0.0195408 -0.187974
0.370976 -0.0195408 -0.188975
0.372979 -0.0195408 -0.189973
0.374976 -0.0195408 -0.190974
0.376978 -0.0195408 -0.191972
0.378975 -0.0195408 -0.192972
0.380975 -0.0195408 -0.193976
0.382981 -0.0195408 -0.194975
0.384979 -0.0195408 -0.195975
0.386979 -0.0195408 -0.196974
0.388976 -0.0195408 -0.197975
0.390979 -0.0195408 -0.198975
0.392979 -0.0195408 -0.199975
0.394979 -0.0195408 -0.200974
0.396978 -0.0195408 -0.201974
0.398976 -0.0195408 -0.202972
0.400975 -0.0195408 -0.203974
0.402978 -0.0195408 -0.204974
0.404976 -0.0195408 -0.205974
0.406976 -0.0195408 -0.206973
0.408976 -0.0195408 -0.207974
0.410976 -0.0195408 -0.20899
0.412993 -0.0195408 -0.209975
0.414979 -0.0195408 -0.210973
0.416976 -0.0195408 -0.211975
0.418979 -0.0195408 -0.212974
0.420976 -0.0195408 -0.213974
0.422978 -0.0195408 -0.214975
0.424979 -0.0195408 -0.215975
0.426979 -0.0195408 -0.216973
0.428976 -0.0195408 -0.217974
0.430976 -0.0195408 -0.218974
0.432978 -0.0195408 -0.219975
0.434979 -0.0195408 -0.220975
0.436979 -0.0195408 -0.221974
0.438976 -0.0195408 -0.222974
0.440978 -0.0195408 -0.223974
0.442978 -0.0195408 -0.224968
0.44497 -0.0195408 -0.225969
0.446971 -0.0195408 -0.226968
0.448971 -0.0195408 -0.227966
0.450969 -0.0195408 -0.228978
0.452981 -0.0195408 -0.229974
0.454979 -0.0195408 -0.231128
0.457131 -0.0195408 -0.232999
0.460002 -0.0195408 -0.233993
0.461997 -0.0195408 -0.234985
0.463988 -0.0195408 -0.235985
0.465988 -0.0195408 -0.236986
0.46799 -0.0195408 -0.237984
0.469987 -0.0195408 -0.238987
0.47199 -0.0195408 -0.239993
0.473996 -0.0195408 -0.240992
0.475995 -0.0195408 -0.24199
0.477993 -0.0195408 -0.242991
0.479994 -0.0195408 -0.243991
0.481994 -0.0195408 -0.244992
0.483995 -0.0195408 -0.245991
0.485994 -0.0195408 -0.246991
0.487994 -0.0195408 -0.24799
0.489994 -0.0195408 -0.24899
0.491993 -0.0195408 -0.249991
0.493994 -0.0195408 -0.250992
0.495995 -0.0195408 -0.25199
0.497993 -0.0195408 -0.25299
0.499993 -0.0195408 -0.253991
0.501994 -0.0195408 -0.25499
0.503993 -0.0195408 -0.25599
0.505993 -0.0195408 -0.256993
0.507996 -0.0195408 -0.25799
0.509994 -0.0195408 -0.258991
0.511994 -0.0195408 -0.259992
0.513996 -0.0195408 -0.26099
0.515993 -0.0195408 -0.261991
0.517994 -0.0195408 -0.262991
0.519994 -0.0195408 -0.263991
0.521995 -0.0195408 -0.264992
0.523995 -0.0195408 -0.265992
0.525995 -0.0195408 -0.266992
0.527996 -0.0195408 -0.267998
0.530001 -0.0195408 -0.268991
0.531995 -0.0195408 -0.269991
0.533994 -0.0195408 -0.270991
0.535994 -0.0195408 -0.271991
0.537994 -0.0195408 -0.27299
0.539994 -0.0195408 -0.273991
0.541994 -0.0195408 -0.274991
0.543994 -0.0195408 -0.275991
0.545994 -0.0195408 -0.276991
0.547994 -0.0195408 -0.27799
0.549993 -0.0195408 -0.278992
0.551995 -0.0195408 -0.279994
0.553997 -0.0195408 -0.280991
0.555994 -0.0195408 -0.282165
0.558168 -0.0195408 -0.283975
0.560979 -0.0195408 -0.284974
0.562978 -0.0195408 -0.285973
0.564976 -0.0195408 -0.286971
0.566974 -0.0195408 -0.287972
0.568975 -0.0195408 -0.288973
0.570976 -0.0195408 -0.289974
0.572976 -0.0195408 -0.290972
0.574975 -0.0195408 -0.291975
0.576979 -0.0195408 -0.292975
0.578979 -0.0195408 -0.293973
0.580975 -0.0195408 -0.294974
0.582976 -0.0195408 -0.295974
0.584978 -0.0195408 -0.296974
0.586978 -0.0195408 -0.297974
0.588978 -0.0195408 -0.298973
0.590976 -0.0195408 -0.299974
0.592976 -0.0195408 -0.300973
0.594976 -0.0195408 -0.301973
0.596976 -0.0195408 -0.302974
0.598978 -0.0195408 -0.303974
0.600976 -0.0195408 -0.304974
0.602976 -0.0195408 -0.305973
0.604976 -0.0195408 -0.306974
0.606976 -0.0195408 -0.307973
0.608976 -0.0195408 -0.308974
0.610976 -0.0195408 -0.309974
0.612978 -0.0195408 -0.310975
0.614979 -0.0195408 -0.311976
0.61698 -0.0195408 -0.312975
0.618979 -0.0195408 -0.313974
0.620976 -0.0195408 -0.31498
0.622982 -0.0195408 -0.315974
0.624976 -0.0195408 -0.316974
0.626976 -0.0195408 -0.317973
0.628976 -0.0195408 -0.318973
0.630976 -0.0195408 -0.319974
0.632978 -0.0195408 -0.320975
0.63498 -0.0195408 -0.321973
0.636976 -0.0195408 -0.322973
0.638976 -0.0195408 -0.323973
0.640976 -0.0195408 -0.324974
0.642978 -0.0195408 -0.325973
0.644976 -0.0195408 -0.326975
0.646979 -0.0195408 -0.327974
0.648978 -0.0195408 -0.328973
0.650975 -0.0195408 -0.329974
0.652978 -0.0195408 -0.330975
0.654979 -0.0195408 -0.331974
0.656978 -0.0195408 -0.333129
0.659132 -0.0195408 -0.334994
0.661997 -0.0195408 -0.335993
0.663996 -0.0195408 -0.336993
0.665996 -0.0195408 -0.337993
0.667996 -0.0195408 -0.339007
0.670011 -0.0195408 -0.339993
0.671997 -0.0195408 -0.340985
0.673988 -0.0195408 -0.341985
0.675989 -0.0195408 -0.342986
0.67799 -0.0195408 -0.343984
0.679987 -0.0195408 -0.344985
0.681989 -0.0195408 -0.345995
0.683998 -0.0195408 -0.346994
0.685997 -0.0195408 -0.347992
0.687996 -0.0195408 -0.348992
0.689995 -0.0195408 -0.349992
0.691995 -0.0195408 -0.350987
0.69399 -0.0195408 -0.351986
0.695989 -0.0195408 -0.352986
0.697989 -0.0195408 -0.353986
0.699989 -0.0195408 -0.354985
0.701989 -0.0195408 -0.355995
0.703998 -0.0195408 -0.356992
0.705995 -0.0195408 -0.357993
0.707996 -0.0195408 -0.358992
0.709995 -0.0195408 -0.359992
0.711995 -0.0195408 -0.360993
0.713996 -0.0195408 -0.361992
0.715995 -0.0195408 -0.362993
0.717996 -0.0195408 -0.363992
0.719996 -0.0195408 -0.364993
0.721996 -0.0195408 -0.365993
0.723996 -0.0195408 -0.366992
0.725995 -0.0195408 -0.367993
0.727996 -0.0195408 -0.368992
0.729996 -0.0195408 -0.369991
0.731995 -0.0195408 -0.370993
0.733996 -0.0195408 -0.371992
0.735995 -0.0195408 -0.372992
0.737995 -0.0195408 -0.374008
0.740011 -0.0195408 -0.374993
0.741996 -0.0195408 -0.375992
0.743996 -0.0195408 -0.376992
0.745995 -0.0195408 -0.377993
0.747996 -0.0195408 -0.378992
0.749995 -0.0195408 -0.379992
0.751995 -0.0195408 -0.380993
0.753996 -0.0195408 -0.381993
0.755997 -0.0195408 -0.382993
0.757997 -0.0195408 -0.384171
0.760174 -0.0195408 -0.385976
0.762981 -0.0195408 -0.386975
0.764979 -0.0195408 -0.387974
0.766978 -0.0195408 -0.388973
0.768976 -0.0195408 -0.389974
0.770978 -0.0195408 -0.390974
0.772978 -0.0195408 -0.391975
0.774979 -0.0195408 -0.392974
0.776977 -0.0195408 -0.393973
0.778976 -0.0195408 -0.394974
0.780978 -0.0195408 -0.395974
0.782976 -0.0195408 -0.396974
0.784976 -0.0195408 -0.39798
0.786982 -0.0195408 -0.398974
0.788978 -0.0195408 -0.399973
0.790976 -0.0195408 -0.400975
0.792979 -0.0195408 -0.401973
0.794976 -0.0195408 -0.402974
0.796978 -0.0195408 -0.403973
0.798976 -0.0195408 -0.404972
0.800975 -0.0195408 -0.405975
0.802979 -0.0195408 -0.406975
0.804979 -0.0195408 -0.407973
0.806975 -0.0195408 -0.408974
0.808978 -0.0195408 -0.409974
0.810978 -0.0195408 -0.410974
0.812978 -0.0195408 -0.411975
0.814979 -0.0195408 -0.412972
0.816975 -0.0195408 -0.413973
0.818976 -0.0195408 -0.414974
0.820977 -0.0195408 -0.415975
0.822979 -0.0195408 -0.416973
0.824976 -0.0195408 -0.417973
0.826975 -0.0195408 -0.418973
0.828976 -0.0195408 -0.419974
0.830976 -0.0195408 -0.420978
0.832981 -0.0195408 -0.421974
0.834978 -0.0195408 -0.422973
0.836976 -0.0195408 -0.423974
0.838978 -0.0195408 -0.424974
0.840978 -0.0195408 -0.425974
0.842978 -0.0195408 -0.426973
0.844975 -0.0195408 -0.427973
0.846976 -0.0195408 -0.428974
0.848978 -0.0195408 -0.429972
0.850975 -0.0195408 -0.430975
0.852979 -0.0195408 -0.431974
0.854976 -0.0195408 -0.432973
0.856975 -0.0195408 -0.433973
0.858975 -0.0195408 -0.435123
0.861126 -0.0195408 -0.436999
0.864002 -0.0195408 -0.437993
0.865997 -0.0195408 -0.438991
0.867995 -0.0195408 -0.439992
0.869995 -0.0195408 -0.440991
0.871994 -0.0195408 -0.441992
0.873996 -0.0195408 -0.442993
0.875996 -0.0195408 -0.443992
0.877996 -0.0195408 -0.444997
0.88 -0.0195408 -0.445992
0.881995 -0.0195408 -0.446986
0.883989 -0.0195408 -0.447985
0.885988 -0.0195408 -0.448986
0.887989 -0.0195408 -0.449985
0.889989 -0.0195408 -0.450985
0.891988 -0.0195408 -0.451994
0.893998 -0.0195408 -0.452993
0.895997 -0.0195408 -0.453992
0.897995 -0.0195408 -0.454992
0.899996 -0.0195408 -0.455992
0.901996 -0.0195408 -0.456994
0.903997 -0.0195408 -0.457993
0.905996 -0.0195408 -0.458992
0.907995 -0.0195408 -0.459992
0.909995 -0.0195408 -0.460991
0.911994 -0.0195408 -0.461993
0.913996 -0.0195408 -0.462992
0.915996 -0.0195408 -0.463992
0.917995 -0.0195408 -0.464992
0.919995 -0.0195408 -0.465992
0.921995 -0.0195408 -0.466992
0.923995 -0.0195408 -0.468009
0.926012 -0.0195408 -0.468992
0.927995 -0.0195408 -0.469991
0.929994 -0.0195408 -0.470993
0.931996 -0.0195408 -0.471993
0.933996 -0.0195408 -0.472992
0.935996 -0.0195408 -0.473993
0.937996 -0.0195408 -0.474992
0.939995 -0.0195408 -0.475992
0.941995 -0.0195408 -0.476986
0.943989 -0.0195408 -0.477985
0.945988 -0.0195408 -0.478985
0.947988 -0.0195408 -0.479991
0.949994 -0.0195408 -0.480985
0.951988 -0.0195408 -0.481993
0.953997 -0.0195408 -0.482993
0.955996 -0.0195408 -0.483992
0.957995 -0.0195408 -0.484992
0.959995 -0.0195408 -0.486166
0.962169 -0.0195408 -0.487975
0.964979 -0.0195408 -0.488973
0.966976 -0.0195408 -0.489973
0.968976 -0.0195408 -0.490974
0.970977 -0.0195408 -0.49198
0.972983 -0.0195408 -0.492974
0.974978 -0.0195408 -0.493973
0.976976 -0.0195408 -0.494973
0.978976 -0.0195408 -0.495973
0.980976 -0.0195408 -0.496975
0.982978 -0.0195408 -0.49797
0.984973 -0.0195408 -0.498968
0.986971 -0.0195408 -0.499968
0.988971 -0.0195408 -0.500968
0.990971 -0.0195408 -0.501984
0.992987 -0.0195408 -0.502976
0.99498 -0.0195408 -0.503974
0.996978 -0.0195408 -0.504976
0.99898 -0.0195408 -0.505973
1.00098 -0.0195408 -0.506978
1.00298 -0.0195408 -0.507974
1.00498 -0.0195408 -0.508974
1.00698 -0.0195408 -0.509974
1.00898 -0.0195408 -0.510974
1.01098 -0.0195408 -0.511975
1.01298 -0.0195408 -0.512973
1.01498 -0.0195408 -0.513973
1.01698 -0.0195408 -0.514988
1.01899 -0.0195408 -0.515974
1.02098 -0.0195408 -0.516975
1.02298 -0.0195408 -0.517974
1.02498 -0.0195408 -0.518974
1.02698 -0.0195408 -0.519973
1.02898 -0.0195408 -0.520974
1.03098 -0.0195408 -0.521975
1.03298 -0.0195408 -0.522974
1.03498 -0.0195408 -0.523975
1.03698 -0.0195408 -0.524974
1.03898 -0.0195408 -0.525973
1.04098 -0.0195408 -0.526976
1.04298 -0.0195408 -0.527973
1.04498 -0.0195408 -0.528975
1.04698 -0.0195408 -0.529973
1.04898 -0.0195408 -0.530972
1.05097 -0.0195408 -0.531974
1.05298 -0.0195408 -0.532973
1.05498 -0.0195408 -0.533973
1.05698 -0.0195408 -0.534973
1.05898 -0.0195408 -0.535973
1.06098 -0.0195408 -0.537135
1.06314 -0.0195408 -0.538997
1.066 -0.0195408 -0.539993
1.068 -0.0195408 -0.540992
1.07 -0.0195408 -0.541987
1.07199 -0.0195408 -0.542992
1.07399 -0.0195408 -0.543992
1.07599 -0.0195408 -0.544991
1.07799 -0.0195408 -0.545993
1.08 -0.0195408 -0.546992
1.082 -0.0195408 -0.547993
1.084 -0.0195408 -0.548993
1.086 -0.0195408 -0.549993
1.088 -0.0195408 -0.550993
1.09 -0.0195408 -0.551993
1.092 -0.0195408 -0.552987
1.09399 -0.0195408 -0.553985
1.09599 -0.0195408 -0.554985
1.09799 -0.0195408 -0.555986
1.09999 -0.0195408 -0.556985
1.10199 -0.0195408 -0.557994
1.104 -0.0195408 -0.558993
1.106 -0.0195408 -0.559992
1.108 -0.0195408 -0.560992
1.11 -0.0195408 -0.562009
1.11201 -0.0195408 -0.562992
1.114 -0.0195408 -0.563992
1.116 -0.0195408 -0.564992
1.11799 -0.0195408 -0.565992
1.12 -0.0195408 -0.566992
1.122 -0.0195408 -0.567992
1.124 -0.0195408 -0.568992
1.126 -0.0195408 -0.569992
1.128 -0.0195408 -0.570992
1.12999 -0.0195408 -0.571993
1.132 -0.0195408 -0.572992
1.134 -0.0195408 -0.573996
1.136 -0.0195408 -0.574992
1.138 -0.0195408 -0.575993
1.14 -0.0195408 -0.576993
1.142 -0.0195408 -0.577993
1.144 -0.0195408 -0.578992
1.146 -0.0195408 -0.579992
1.14799 -0.0195408 -0.580992
1.14999 -0.0195408 -0.581993
1.152 -0.0195408 -0.582992
1.154 -0.0195408 -0.583993
1.156 -0.0195408 -0.584992
1.158 -0.0195408 -0.585994
1.16 -0.0195408 -0.586992
1.162 -0.0195408 -0.588165
1.16417 -0.0195408 -0.589974
1.16698 -0.0195408 -0.590974
1.16898 -0.0195408 -0.591973
1.17098 -0.0195408 -0.592974
1.17298 -0.0195408 -0.593974
1.17498 -0.0195408 -0.594974
1.17698 -0.0195408 -0.595973
1.17898 -0.0195408 -0.596973
1.18098 -0.0195408 -0.597976
1.18298 -0.0195408 -0.598975
1.18498 -0.0195408 -0.599974
1.18698 -0.0195408 -0.600975
1.18898 -0.0195408 -0.601974
1.19098 -0.0195408 -0.602975
1.19298 -0.0195408 -0.603968
1.19497 -0.0195408 -0.604968
1.19697 -0.0195408 -0.605968
1.19897 -0.0195408 -0.606967
1.20097 -0.0195408 -0.607976
1.20298 -0.0195408 -0.608975
1.20498 -0.0195408 -0.609975
1.20698 -0.0195408 -0.610973
1.20898 -0.0195408 -0.611973
1.21098 -0.0195408 -0.612975
1.21298 -0.0195408 -0.613973
1.21498 -0.0195408 -0.614972
1.21697 -0.0195408 -0.615973
1.21898 -0.0195408 -0.616973
1.22098 -0.0195408 -0.617975
1.22298 -0.0195408 -0.618974
1.22498 -0.0195408 -0.619974
1.22698 -0.0195408 -0.620988
1.22899 -0.0195408 -0.621975
1.23098 -0.0195408 -0.622983
1.23299 -0.0195408 -0.623976
1.23498 -0.0195408 -0.624974
1.23698 -0.0195408 -0.625975
1.23898 -0.0195408 -0.626973
1.24098 -0.0195408 -0.627976
1.24298 -0.0195408 -0.628974
1.24498 -0.0195408 -0.629973
1.24698 -0.0195408 -0.630974
1.24898 -0.0195408 -0.631973
1.25098 -0.0195408 -0.632979
1.25298 -0.0195408 -0.633975
1.25498 -0.0195408 -0.634973
1.25698 -0.0195408 -0.635974
1.25898 -0.0195408 -0.636973
1.26098 -0.0195408 -0.637974
1.26298 -0.0195408 -0.639127
1.26513 -0.0195408 -0.640993
1.268 -0.0195408 -0.641993
1.27 -0.0195408 -0.642991
1.27199 -0.0195408 -0.643992
1.274 -0.0195408 -0.644998
1.276 -0.0195408 -0.645993
1.278 -0.0195408 -0.646992
1.28 -0.0195408 -0.647992
1.282 -0.0195408 -0.648993
1.284 -0.0195408 -0.649993
1.286 -0.0195408 -0.650993
1.288 -0.0195408 -0.651991
1.28999 -0.0195408 -0.652992
1.29199 -0.0195408 -0.653993
1.294 -0.0195408 -0.654993
1.296 -0.0195408 -0.655992
1.29799 -0.0195408 -0.656993
1.3 -0.0195408 -0.657993
1.302 -0.0195408 -0.658985
1.30399 -0.0195408 -0.659987
1.30599 -0.0195408 -0.660985
1.30799 -0.0195408 -0.661985
1.30999 -0.0195408 -0.662985
1.31199 -0.0195408 -0.663995
1.314 -0.0195408 -0.664993
1.316 -0.0195408 -0.665992
1.318 -0.0195408 -0.666992
1.32 -0.0195408 -0.668008
1.32201 -0.0195408 -0.668993
1.324 -0.0195408 -0.669992
1.326 -0.0195408 -0.670993
1.328 -0.0195408 -0.671993
1.33 -0.0195408 -0.672993
1.332 -0.0195408 -0.673992
1.334 -0.0195408 -0.674992
1.336 -0.0195408 -0.675993
1.338 -0.0195408 -0.676992
1.34 -0.0195408 -0.677993
1.342 -0.0195408 -0.678993
1.344 -0.0195408 -0.679998
1.346 -0.0195408 -0.680993
1.348 -0.0195408 -0.681992
1.35 -0.0195408 -0.682993
1.352 -0.0195408 -0.683993
1.354 -0.0195408 -0.684992
1.35599 -0.0195408 -0.685992
1.358 -0.0195408 -0.686992
1.36 -0.0195408 -0.687993
1.362 -0.0195408 -0.688992
1.364 -0.0195408 -0.690163
1.36617 -0.0195408 -0.691979
1.36898 -0.0195408 -0.692974
1.37098 -0.0195408 -0.693974
1.37298 -0.0195408 -0.694974
1.37498 -0.0195408 -0.695974
1.37698 -0.0195408 -0.696974
1.37898 -0.0195408 -0.697973
1.38098 -0.0195408 -0.698973
1.38298 -0.0195408 -0.699975
1.38498 -0.0195408 -0.700973
1.38698 -0.0195408 -0.701973
1.38898 -0.0195408 -0.702975
1.39098 -0.0195408 -0.703975
1.39298 -0.0195408 -0.704973
1.39498 -0.0195408 -0.705973
1.39698 -0.0195408 -0.706975
1.39898 -0.0195408 -0.707972
1.40098 -0.0195408 -0.708975
1.40298 -0.0195408 -0.709974
1.40498 -0.0195408 -0.710973
1.40698 -0.0195408 -0.711975
1.40898 -0.0195408 -0.712974
1.41098 -0.0195408 -0.713975
1.41298 -0.0195408 -0.71499
1.41499 -0.0195408 -0.715973
1.41698 -0.0195408 -0.716972
1.41897 -0.0195408 -0.717973
1.42098 -0.0195408 -0.718974
1.42298 -0.0195408 -0.719973
1.42498 -0.0195408 -0.720973
1.42698 -0.0195408 -0.721973
1.42898 -0.0195408 -0.722974
1.43098 -0.0195408 -0.723973
1.43298 -0.0195408 -0.724973
1.43498 -0.0195408 -0.725973
1.43698 -0.0195408 -0.726976
1.43898 -0.0195408 -0.727974
1.44098 -0.0195408 -0.728974
1.44298 -0.0195408 -0.729968
1.44497 -0.0195408 -0.730968
1.44697 -0.0195408 -0.731968
1.44897 -0.0195408 -0.732967
1.45097 -0.0195408 -0.733973
1.45298 -0.0195408 -0.734974
1.45498 -0.0195408 -0.735973
1.45698 -0.0195408 -0.736974
1.45898 -0.0195408 -0.737975
1.46098 -0.0195408 -0.738975
1.46298 -0.0195408 -0.739974
1.46498 -0.0195408 -0.74112
1.46712 -0.0195408 -0.742993
1.47 -0.0195408 -0.743992
1.472 -0.0195408 -0.744993
1.474 -0.0195408 -0.745993
1.476 -0.0195408 -0.746992
1.47799 -0.0195408 -0.747992
1.48 -0.0195408 -0.748993
1.482 -0.0195408 -0.749992
1.484 -0.0195408 -0.750994
1.486 -0.0195408 -0.751992
1.488 -0.0195408 -0.752992
1.48999 -0.0195408 -0.753992
1.492 -0.0195408 -0.754992
1.494 -0.0195408 -0.755992
1.49599 -0.0195408 -0.756993
1.498 -0.0195408 -0.757992
1.5 -0.0195408 -0.758992
1.50199 -0.0195408 -0.759993
1.504 -0.0195408 -0.760991
1.50599 -0.0195408 -0.761992
1.50799 -0.0195408 -0.762993
1.51 -0.0195408 -0.763992
1.51199 -0.0195408 -0.764985
1.51399 -0.0195408 -0.765985
1.51599 -0.0195408 -0.766986
1.51799 -0.0195408 -0.767985
1.51999 -0.0195408 -0.768985
1.52199 -0.0195408 -0.769994
1.524 -0.0195408 -0.770992
1.52599 -0.0195408 -0.771992
1.528 -0.0195408 -0.772993
1.53 -0.0195408 -0.774009
1.53201 -0.0195408 -0.774992
1.534 -0.0195408 -0.775993
1.536 -0.0195408 -0.776993
1.538 -0.0195408 -0.777992
1.53999 -0.0195408 -0.778992
1.542 -0.0195408 -0.779992
1.544 -0.0195408 -0.780993
1.546 -0.0195408 -0.781992
1.548 -0.0195408 -0.782991
1.54999 -0.0195408 -0.783992
1.55199 -0.0195408 -0.784993
1.554 -0.0195408 -0.785999
1.556 -0.0195408 -0.786993
1.558 -0.0195408 -0.787992
1.55999 -0.0195408 -0.788991
1.56199 -0.0195408 -0.789993
1.564 -0.0195408 -0.790992
1.56599 -0.0195408 -0.792165
1.56817 -0.0195408 -0.793976
1.57098 -0.0195408 -0.794975
1.57298 -0.0195408 -0.795974
1.57498 -0.0195408 -0.796973
1.57698 -0.0195408 -0.797978
1.57898 -0.0195408 -0.798974
1.58098 -0.0195408 -0.799975
1.58298 -0.0195408 -0.800974
1.58498 -0.0195408 -0.801974
1.58698 -0.0195408 -0.802974
1.58898 -0.0195408 -0.803974
1.59098 -0.0195408 -0.804974
1.59298 -0.0195408 -0.805973
1.59498 -0.0195408 -0.806973
1.59698 -0.0195408 -0.807974
1.59898 -0.0195408 -0.808988
1.60099 -0.0195408 -0.809975
1.60298 -0.0195408 -0.810974
1.60498 -0.0195408 -0.811974
1.60698 -0.0195408 -0.812973
1.60898 -0.0195408 -0.813975
1.61098 -0.0195408 -0.814974
1.61298 -0.0195408 -0.815973
1.61498 -0.0195408 -0.816972
1.61697 -0.0195408 -0.817973
1.61898 -0.0195408 -0.818973
1.62098 -0.0195408 -0.819975
1.62298 -0.0195408 -0.820971
1.62497 -0.0195408 -0.821968
1.62697 -0.0195408 -0.822968
1.62897 -0.0195408 -0.823968
1.63097 -0.0195408 -0.824979
1.63298 -0.0195408 -0.825975
1.63498 -0.0195408 -0.826974
1.63698 -0.0195408 -0.827974
1.63898 -0.0195408 -0.828974
1.64098 -0.0195408 -0.829974
1.64298 -0.0195408 -0.830974
1.64498 -0.0195408 -0.831975
1.64698 -0.0195408 -0.832974
1.64898 -0.0195408 -0.833973
1.65098 -0.0195408 -0.834974
1.65298 -0.0195408 -0.835974
1.65498 -0.0195408 -0.836973
1.65698 -0.0195408 -0.837973
1.65898 -0.0195408 -0.838974
1.66098 -0.0195408 -0.839976
1.66298 -0.0195408 -0.840973
1.66498 -0.0195408 -0.841979
1.66698 -0.0195408 -0.843125
1.66913 -0.0195408 -0.844993
1.672 -0.0195408 -0.845993
1.674 -0.0195408 -0.846993
1.676 -0.0195408 -0.847992
1.678 -0.0195408 -0.848992
1.68 -0.0195408 -0.849993
1.682 -0.0195408 -0.850992
1.684 -0.0195408 -0.851993
1.686 -0.0195408 -0.852992
1.68799 -0.0195408 -0.854
1.69 -0.0195408 -0.854992
1.692 -0.0195408 -0.855985
1.69399 -0.0195408 -0.856985
1.69599 -0.0195408 -0.857985
1.69799 -0.0195408 -0.858985
1.69999 -0.0195408 -0.859985
1.70199 -0.0195408 -0.860993
1.704 -0.0195408 -0.861993
1.706 -0.0195408 -0.862993
1.708 -0.0195408 -0.863992
1.71 -0.0195408 -0.864991
1.71199 -0.0195408 -0.865998
1.714 -0.0195408 -0.866992
1.71599 -0.0195408 -0.867992
1.71799 -0.0195408 -0.868992
1.72 -0.0195408 -0.869992
1.72199 -0.0195408 -0.870986
1.72399 -0.0195408 -0.871984
1.72599 -0.0195408 -0.872985
1.72799 -0.0195408 -0.873984
1.72999 -0.0195408 -0.874985
1.73199 -0.0195408 -0.875992
1.734 -0.0195408 -0.876993
1.736 -0.0195408 -0.877992
1.738 -0.0195408 -0.878992
1.74 -0.0195408 -0.87999
1.74199 -0.0195408 -0.880993
1.744 -0.0195408 -0.881992
1.74599 -0.0195408 -0.882991
1.74799 -0.0195408 -0.883992
1.75 -0.0195408 -0.884991
1.75199 -0.0195408 -0.885993
1.754 -0.0195408 -0.886993
1.756 -0.0195408 -0.887992
1.758 -0.0195408 -0.889009
1.76001 -0.0195408 -0.889991
1.76199 -0.0195408 -0.890993
1.764 -0.0195408 -0.891991
1.76599 -0.0195408 -0.892992
1.76799 -0.0195408 -0.894166
1.77017 -0.0195408 -0.895975
1.77298 -0.0195408 -0.896975
1.77498 -0.0195408 -0.897974
1.77698 -0.0195408 -0.898975
1.77898 -0.0195408 -0.899975
1.78098 -0.0195408 -0.900989
1.78299 -0.0195408 -0.901974
1.78498 -0.0195408 -0.902973
1.78698 -0.0195408 -0.903974
1.78898 -0.0195408 -0.904974
1.79098 -0.0195408 -0.905974
1.79298 -0.0195408 -0.906973
1.79498 -0.0195408 -0.907973
1.79698 -0.0195408 -0.908974
1.79898 -0.0195408 -0.909973
1.80098 -0.0195408 -0.910975
1.80298 -0.0195408 -0.911974
1.80498 -0.0195408 -0.912976
1.80698 -0.0195408 -0.913974
1.80898 -0.0195408 -0.914975
1.81098 -0.0195408 -0.915975
1.81298 -0.0195408 -0.916974
1.81498 -0.0195408 -0.917972
1.81697 -0.0195408 -0.918973
1.81898 -0.0195408 -0.919975
1.82098 -0.0195408 -0.920975
1.82298 -0.0195408 -0.921973
1.82498 -0.0195408 -0.922974
1.82698 -0.0195408 -0.923974
1.82898 -0.0195408 -0.924976
1.83098 -0.0195408 -0.925973
1.83298 -0.0195408 -0.926973
1.83498 -0.0195408 -0.927975
1.83698 -0.0195408 -0.928973
1.83898 -0.0195408 -0.929975
1.84098 -0.0195408 -0.930975
1.84298 -0.0195408 -0.931975
1.84498 -0.0195408 -0.932975
1.84698 -0.0195408 -0.933973
1.84898 -0.0195408 -0.934972
1.85097 -0.0195408 -0.93598
1.85298 -0.0195408 -0.936974
1.85498 -0.0195408 -0.937973
1.85698 -0.0195408 -0.938974
1.85898 -0.0195408 -0.939973
1.86098 -0.0195408 -0.940975
1.86298 -0.0195408 -0.941974
1.86498 -0.0195408 -0.942972
1.86698 -0.0195408 -0.943973
1.86898 -0.0195408 -0.945125
1.87113 -0.0195408 -0.946999
1.874 -0.0195408 -0.948
1.876 -0.0195408 -0.948993
1.878 -0.0195408 -0.949992
1.88 -0.0195408 -0.950992
1.882 -0.0195408 -0.951992
1.884 -0.0195408 -0.952993
1.886 -0.0195408 -0.953992
1.888 -0.0195408 -0.954993
1.89 -0.0195408 -0.955992
1.89199 -0.0195408 -0.956992
1.894 -0.0195408 -0.957992
1.896 -0.0195408 -0.958993
1.898 -0.0195408 -0.959993
1.9 -0.0195408 -0.960993
1.902 -0.0195408 -0.961994
1.904 -0.0195408 -0.962993
1.906 -0.0195408 -0.963993
1.908 -0.0195408 -0.964992
1.91 -0.0195408 -0.965992
1.912 -0.0195408 -0.966993
1.914 -0.0195408 -0.967991
1.91599 -0.0195408 -0.968992
1.918 -0.0195408 -0.969993
1.92 -0.0195408 -0.970992
1.922 -0.0195408 -0.971993
1.924 -0.0195408 -0.972992
1.92599 -0.0195408 -0.973992
1.92799 -0.0195408 -0.974992
1.93 -0.0195408 -0.975993
1.932 -0.0195408 -0.976986
1.93399 -0.0195408 -0.977985
1.93599 -0.0195408 -0.978984
1.93799 -0.0195408 -0.979985
1.93999 -0.0195408 -0.980985
1.94199 -0.0195408 -0.981988
1.94399 -0.0195408 -0.983003
1.94601 -0.0195408 -0.983986
1.94799 -0.0195408 -0.984985
1.94999 -0.0195408 -0.985985
1.95199 -0.0195408 -0.986993
1.954 -0.0195408 -0.987992
1.95599 -0.0195408 -0.988993
1.958 -0.0195408 -0.989992
1.96 -0.0195408 -0.990991
1.96199 -0.0195408 -0.991993
1.964 -0.0195408 -0.992992
1.966 -0.0195408 -0.993993
1.968 -0.0195408 -0.994996
1.97 -0.0195408 -0.996163
1.97217 -0.0195408 -0.997974
1.97498 -0.0195408 -0.998975
1.97698 -0.0195408 -0.999975
1.97898 -0.0195408 -1.00097
1.98098 -0.0195408 -1.00197
1.98298 -0.0195408 -1.00297
1.98498 -0.0195408 -1.00397
1.98698 -0.0195408 -1.00497
1.98898 -0.0195408 -1.00597
1.99098 -0.0195408 -1.00698
1.99298 -0.0195408 -1.00797
1.99498 -0.0195408 -1.00897
1.99698 -0.0195408 -1.00997
1.99898 -0.0195408 -1.01097
2.00097 -0.0195408 -1.01197
2.00298 -0.0195408 -1.01297
2.00498 -0.0195408 -1.01397
2.00698 -0.0195408 -1.01497
2.00898 -0.0195408 -1.01597
2.01098 -0.0195408 -1.01697
2.01298 -0.0195408 -1.01797
2.01498 -0.0195408 -1.01897
2.01697 -0.0195408 -1.01997
2.01898 -0.0195408 -1.02097
2.02098 -0.0195408 -1.02197
2.02298 -0.0195408 -1.02297
2.02497 -0.0195408 -1.02397
2.02697 -0.0195408 -1.02497
2.02897 -0.0195408 -1.02597
2.03097 -0.0195408 -1.02698
2.03298 -0.0195408 -1.02797
2.03498 -0.0195408 -1.02897
2.03698 -0.0195408 -1.02998
2.03898 -0.0195408 -1.03097
2.04098 -0.0195408 -1.03197
2.04298 -0.0195408 -1.03297
2.04498 -0.0195408 -1.03397
2.04698 -0.0195408 -1.03497
2.04898 -0.0195408 -1.03597
2.05097 -0.0195408 -1.03697
2.05298 -0.0195408 -1.03797
2.05498 -0.0195408 -1.03897
2.05698 -0.0195408 -1.03997
2.05898 -0.0195408 -1.04097
2.06098 -0.0195408 -1.04198
2.06298 -0.0195408 -1.04297
2.06498 -0.0195408 -1.04397
2.06698 -0.0195408 -1.04497
