1.459e-06 -0.0195408 -0.00191938
0.00292687 -0.0195408 -0.00388813
0.00589162 -0.0195408 -0.00488474
0.00788781 -0.0195408 -0.00588281
0.00988594 -0.0195408 -0.00688187
0.011885 -0.0195408 -0.00788026
0.0138833 -0.0195408 -0.00888016
0.0158832 -0.0195408 -0.00988755
0.0178909 -0.0195408 -0.0108812
0.0198845 -0.0195408 -0.0118803
0.0218833 -0.0195408 -0.0128804
0.0238834 -0.0195408 -0.0138794
0.0258824 -0.0195408 -0.0148799
0.0278832 -0.0195408 -0.0158798
0.029883 -0.0195408 -0.0168804
0.0318835 -0.0195408 -0.0178808
0.0338839 -0.0195408 -0.0188795
0.0358826 -0.0195408 -0.0198793
0.0378823 -0.0195408 -0.0208802
0.0398833 -0.0195408 -0.0218786
0.0418817 -0.0195408 -0.0228796
0.0438827 -0.0195408 -0.0238809
0.045884 -0.0195408 -0.0248795
0.0478826 -0.0195408 -0.0259051
0.0499084 -0.0195408 -0.0268806
0.0518839 -0.0195408 -0.0278814
0.0538844 -0.0195408 -0.0288805
0.0558836 -0.0195408 -0.0298797
0.0578829 -0.0195408 -0.0308802
0.0598834 -0.0195408 -0.0318798
0.061883 -0.0195408 -0.0328793
0.0638824 -0.0195408 -0.0338801
0.0658832 -0.0195408 -0.0348799
0.067883 -0.0195408 -0.0358802
0.0698832 -0.0195408 -0.0368792
0.0718823 -0.0195408 -0.0378822
0.0738856 -0.0195408 -0.0388804
0.0758836 -0.0195408 -0.0398801
0.0778833 -0.0195408 -0.040874
0.0798771 -0.0195408 -0.0418746
0.0818778 -0.0195408 -0.0428728
0.083876 -0.0195408 -0.0438734
0.0858765 -0.0195408 -0.0448739
0.087877 -0.0195408 -0.0458878
0.0898914 -0.0195408 -0.0468807
0.0918841 -0.0195408 -0.0478799
0.0938832 -0.0195408 -0.0488806
0.0958837 -0.0195408 -0.0498817
0.0978848 -0.0195408 -0.0508805
0.0998838 -0.0195408 -0.0518799
0.101883 -0.0195408 -0.0528797
0.103883 -0.0195408 -0.0538793
0.105882 -0.0195408 -0.0548798
0.107883 -0.0195408 -0.0558814
0.109885 -0.0195408 -0.0568791
0.111882 -0.0195408 -0.057881
0.113884 -0.0195408 -0.0588799
0.115883 -0.0195408 -0.0601047
0.118108 -0.0195408 -0.0618599
0.120863 -0.0195408 -0.0628565
0.122859 -0.0195408 -0.0638578
0.124861 -0.0195408 -0.0648548
0.126858 -0.0195408 -0.0658669
0.12887 -0.0195408 -0.0668638
0.130868 -0.0195408 -0.0678628
0.132867 -0.0195408 -0.0688609
0.134864 -0.0195408 -0.0698627
0.136867 -0.0195408 -0.0708635
0.138868 -0.0195408 -0.0718615
0.140864 -0.0195408 -0.0728932
0.142896 -0.0195408 -0.0738676
0.14487 -0.0195408 -0.0748622
0.146866 -0.0195408 -0.0758631
0.148867 -0.0195408 -0.0768624
0.150866 -0.0195408 -0.0778618
0.152864 -0.0195408 -0.078862
0.154865 -0.0195408 -0.079861
0.156864 -0.0195408 -0.0808619
0.158865 -0.0195408 -0.0818608
0.160863 -0.0195408 -0.0828619
0.162865 -0.0195408 -0.0838616
0.164864 -0.0195408 -0.0848622
0.166866 -0.0195408 -0.0858628
0.168867 -0.0195408 -0.0868617
0.170864 -0.0195408 -0.0878616
0.172864 -0.0195408 -0.0888627
0.174867 -0.0195408 -0.0898608
0.176863 -0.0195408 -0.0908624
0.178866 -0.0195408 -0.0918627
0.180867 -0.0195408 -0.0928606
0.182863 -0.0195408 -0.0938616
0.184864 -0.0195408 -0.094862
0.186865 -0.0195408 -0.095863
0.188867 -0.0195408 -0.0968621
0.190866 -0.0195408 -0.0978605
0.192863 -0.0195408 -0.0988621
0.194866 -0.0195408 -0.0998627
0.196867 -0.0195408 -0.100863
0.198867 -0.0195408 -0.101863
0.200867 -0.0195408 -0.102862
0.202865 -0.0195408 -0.103861
0.204864 -0.0195408 -0.104862
0.206866 -0.0195408 -0.105862
0.208864 -0.0195408 -0.106861
0.210864 -0.0195408 -0.10786
0.212863 -0.0195408 -0.108862
0.214864 -0.0195408 -0.109861
0.216864 -0.0195408 -0.11103
0.219033 -0.0195408 -0.112883
0.221886 -0.0195408 -0.113882
0.223886 -0.0195408 -0.114881
0.225884 -0.0195408 -0.11588
0.227883 -0.0195408 -0.11688
0.229883 -0.0195408 -0.117881
0.231884 -0.0195408 -0.11888
0.233883 -0.0195408 -0.119879
0.235882 -0.0195408 -0.12088
0.237883 -0.0195408 -0.12188
0.239883 -0.0195408 -0.122879
0.241883 -0.0195408 -0.123881
0.243884 -0.0195408 -0.12488
0.245884 -0.0195408 -0.12588
0.247883 -0.0195408 -0.126881
0.249884 -0.0195408 -0.12788
0.251883 -0.0195408 -0.128881
0.253884 -0.0195408 -0.12988
0.255883 -0.0195408 -0.13088
0.257883 -0.0195408 -0.131882
0.259885 -0.0195408 -0.13288
0.261883 -0.0195408 -0.133879
0.263883 -0.0195408 -0.134881
0.265884 -0.0195408 -0.135881
0.267884 -0.0195408 -0.13688
0.269883 -0.0195408 -0.137879
0.271883 -0.0195408 -0.13888
0.273883 -0.0195408 -0.13988
0.275883 -0.0195408 -0.14088
0.277883 -0.0195408 -0.14188
0.279883 -0.0195408 -0.142881
0.281884 -0.0195408 -0.14388
0.283884 -0.0195408 -0.14488
0.285883 -0.0195408 -0.14588
0.287883 -0.0195408 -0.146873
0.289876 -0.0195408 -0.147873
0.291876 -0.0195408 -0.148874
0.293877 -0.0195408 -0.149873
0.295876 -0.0195408 -0.150874
0.297877 -0.0195408 -0.151882
0.299886 -0.0195408 -0.15288
0.301883 -0.0195408 -0.15388
0.303883 -0.0195408 -0.154903
0.305906 -0.0195408 -0.15588
0.307883 -0.0195408 -0.15688
0.309883 -0.0195408 -0.15788
0.311883 -0.0195408 -0.158881
0.313885 -0.0195408 -0.15988
0.315883 -0.0195408 -0.16088
0.317883 -0.0195408 -0.162064
0.320067 -0.0195408 -0.163864
0.322868 -0.0195408 -0.164863
0.324867 -0.0195408 -0.165861
0.326863 -0.0195408 -0.166863
0.328868 -0.0195408 -0.167862
0.330865 -0.0195408 -0.168861
0.332863 -0.0195408 -0.169862
0.334864 -0.0195408 -0.170861
0.336864 -0.0195408 -0.171863
0.338867 -0.0195408 -0.172862
0.340866 -0.0195408 -0.173861
0.342863 -0.0195408 -0.174862
0.344865 -0.0195408 -0.175862
0.346865 -0.0195408 -0.176863
0.348867 -0.0195408 -0.177862
0.350866 -0.0195408 -0.178861
0.352864 -0.0195408 -0.179861
0.354864 -0.0195408 -0.180862
0.356865 -0.0195408 -0.181861
0.358864 -0.0195408 -0.182863
0.360867 -0.0195408 -0.183862
0.362866 -0.0195408 -0.184861
0.364863 -0.0195408 -0.185863
0.366867 -0.0195408 -0.186863
0.368867 -0.0195408 -0.187856
0.370859 -0.0195408 -0.188856
0.372859 -0.0195408 -0.189856
0.374859 -0.0195408 -0.190855
0.376858 -0.0195408 -0.191864
0.378868 -0.0195408 -0.192863
0.380867 -0.0195408 -0.193861
0.382863 -0.0195408 -0.194863
0.384867 -0.0195408 -0.195863
0.386867 -0.0195408 -0.196862
0.388867 -0.0195408 -0.197862
0.390865 -0.0195408 -0.198861
0.392864 -0.0195408 -0.199861
0.394864 -0.0195408 -0.200863
0.396867 -0.0195408 -0.201887
0.39889 -0.0195408 -0.202863
0.400867 -0.0195408 -0.203862
0.402866 -0.0195408 -0.204861
0.404864 -0.0195408 -0.205863
0.406867 -0.0195408 -0.206862
0.408864 -0.0195408 -0.207862
0.410866 -0.0195408 -0.208863
0.412867 -0.0195408 -0.209862
0.414864 -0.0195408 -0.210863
0.416867 -0.0195408 -0.211863
0.418867 -0.0195408 -0.213013
0.421016 -0.0195408 -0.214883
0.423886 -0.0195408 -0.21588
0.425883 -0.0195408 -0.21688
0.427883 -0.0195408 -0.217881
0.429884 -0.0195408 -0.21888
0.431883 -0.0195408 -0.21988
0.433883 -0.0195408 -0.220881
0.435884 -0.0195408 -0.22188
0.437884 -0.0195408 -0.22288
0.439883 -0.0195408 -0.22388
0.441883 -0.0195408 -0.224881
0.443884 -0.0195408 -0.225883
0.445886 -0.0195408 -0.226881
0.447884 -0.0195408 -0.227882
0.449885 -0.0195408 -0.228881
0.451884 -0.0195408 -0.22988
0.453883 -0.0195408 -0.23088
0.455883 -0.0195408 -0.231881
0.457884 -0.0195408 -0.232881
0.459884 -0.0195408 -0.23388
0.461883 -0.0195408 -0.23488
0.463883 -0.0195408 -0.235879
0.465882 -0.0195408 -0.23688
0.467883 -0.0195408 -0.237881
0.469884 -0.0195408 -0.23888
0.471883 -0.0195408 -0.23988
0.473883 -0.0195408 -0.240879
0.475882 -0.0195408 -0.24188
0.477883 -0.0195408 -0.24288
0.479883 -0.0195408 -0.243881
0.481884 -0.0195408 -0.24488
0.483883 -0.0195408 -0.24588
0.485883 -0.0195408 -0.24688
0.487883 -0.0195408 -0.24788
0.489883 -0.0195408 -0.24888
0.491883 -0.0195408 -0.249881
0.493884 -0.0195408 -0.250879
0.495882 -0.0195408 -0.25188
0.497883 -0.0195408 -0.252872
0.499875 -0.0195408 -0.253873
0.501876 -0.0195408 -0.254874
0.503877 -0.0195408 -0.255873
0.505876 -0.0195408 -0.256872
0.507875 -0.0195408 -0.257884
0.509887 -0.0195408 -0.25888
0.511883 -0.0195408 -0.25988
0.513883 -0.0195408 -0.260878
0.515881 -0.0195408 -0.26188
0.517883 -0.0195408 -0.262881
0.519884 -0.0195408 -0.264054
0.522057 -0.0195408 -0.265864
0.524868 -0.0195408 -0.266861
0.526864 -0.0195408 -0.267864
0.528868 -0.0195408 -0.268863
0.530867 -0.0195408 -0.269863
0.532867 -0.0195408 -0.270861
0.534864 -0.0195408 -0.271862
0.536865 -0.0195408 -0.27286
0.538862 -0.0195408 -0.273862
0.540866 -0.0195408 -0.27486
0.542863 -0.0195408 -0.275863
0.544867 -0.0195408 -0.276862
0.546865 -0.0195408 -0.277862
0.548866 -0.0195408 -0.278863
0.550867 -0.0195408 -0.279862
0.552865 -0.0195408 -0.280862
0.554864 -0.0195408 -0.281862
0.556865 -0.0195408 -0.282861
0.558864 -0.0195408 -0.283862
0.560865 -0.0195408 -0.284862
0.562866 -0.0195408 -0.285862
0.564866 -0.0195408 -0.286862
0.566866 -0.0195408 -0.287862
0.568866 -0.0195408 -0.288861
0.570864 -0.0195408 -0.289862
0.572865 -0.0195408 -0.290862
0.574865 -0.0195408 -0.291861
0.576863 -0.0195408 -0.292862
0.578865 -0.0195408 -0.293863
0.580867 -0.0195408 -0.294862
0.582866 -0.0195408 -0.295883
0.584885 -0.0195408 -0.296863
0.586867 -0.0195408 -0.297863
0.588867 -0.0195408 -0.298862
0.590864 -0.0195408 -0.29986
0.592863 -0.0195408 -0.300863
0.594867 -0.0195408 -0.301862
0.596866 -0.0195408 -0.302863
0.598867 -0.0195408 -0.303863
0.600867 -0.0195408 -0.304861
0.602864 -0.0195408 -0.305862
0.604864 -0.0195408 -0.306861
0.606864 -0.0195408 -0.30786
0.608863 -0.0195408 -0.308862
0.610865 -0.0195408 -0.309862
0.612865 -0.0195408 -0.310862
0.614867 -0.0195408 -0.311863
0.616867 -0.0195408 -0.312863
0.618867 -0.0195408 -0.313856
0.620859 -0.0195408 -0.315006
0.623009 -0.0195408 -0.316875
0.625878 -0.0195408 -0.317873
0.627876 -0.0195408 -0.318881
0.629884 -0.0195408 -0.319881
0.631884 -0.0195408 -0.32088
0.633883 -0.0195408 -0.32188
0.635883 -0.0195408 -0.322879
0.637882 -0.0195408 -0.32388
0.639884 -0.0195408 -0.324881
0.641884 -0.0195408 -0.32588
0.643883 -0.0195408 -0.326879
0.645882 -0.0195408 -0.327879
0.647882 -0.0195408 -0.328881
0.649884 -0.0195408 -0.329879
0.651882 -0.0195408 -0.33088
0.653883 -0.0195408 -0.33188
0.655883 -0.0195408 -0.33288
0.657883 -0.0195408 -0.33388
0.659883 -0.0195408 -0.33488
0.661883 -0.0195408 -0.33588
0.663883 -0.0195408 -0.336879
0.665882 -0.0195408 -0.33788
0.667883 -0.0195408 -0.33888
0.669883 -0.0195408 -0.339879
0.671882 -0.0195408 -0.34088
0.673883 -0.0195408 -0.34188
0.675883 -0.0195408 -0.342903
0.677907 -0.0195408 -0.343881
0.679884 -0.0195408 -0.344879
0.681883 -0.0195408 -0.345879
0.683882 -0.0195408 -0.34688
0.685883 -0.0195408 -0.34788
0.687883 -0.0195408 -0.34888
0.689883 -0.0195408 -0.34988
0.691883 -0.0195408 -0.350879
0.693882 -0.0195408 -0.351879
0.695883 -0.0195408 -0.352879
0.697882 -0.0195408 -0.35388
0.699883 -0.0195408 -0.354878
0.701881 -0.0195408 -0.35588
0.703883 -0.0195408 -0.35688
0.705883 -0.0195408 -0.357879
0.707882 -0.0195408 -0.358873
0.709876 -0.0195408 -0.359874
0.711877 -0.0195408 -0.360874
0.713877 -0.0195408 -0.361873
0.715876 -0.0195408 -0.362872
0.717876 -0.0195408 -0.363883
0.719886 -0.0195408 -0.36488
0.721884 -0.0195408 -0.366055
0.724058 -0.0195408 -0.367863
0.726867 -0.0195408 -0.368864
0.728868 -0.0195408 -0.369862
0.730866 -0.0195408 -0.370861
0.732863 -0.0195408 -0.371862
0.734865 -0.0195408 -0.372862
0.736864 -0.0195408 -0.373862
0.738866 -0.0195408 -0.374861
0.740864 -0.0195408 -0.375861
0.742863 -0.0195408 -0.376861
0.744864 -0.0195408 -0.377861
0.746864 -0.0195408 -0.378863
0.748867 -0.0195408 -0.379861
0.750864 -0.0195408 -0.380862
0.752866 -0.0195408 -0.381862
0.754865 -0.0195408 -0.382862
0.756864 -0.0195408 -0.383862
0.758864 -0.0195408 -0.384862
0.760866 -0.0195408 -0.385863
0.762867 -0.0195408 -0.386862
0.764864 -0.0195408 -0.387861
0.766864 -0.0195408 -0.388863
0.768867 -0.0195408 -0.389884
0.770887 -0.0195408 -0.390863
0.772867 -0.0195408 -0.391861
0.774864 -0.0195408 -0.392861
0.776863 -0.0195408 -0.393863
0.778867 -0.0195408 -0.394862
0.780866 -0.0195408 -0.395861
0.782864 -0.0195408 -0.396862
0.784864 -0.0195408 -0.397863
0.786866 -0.0195408 -0.398862
0.788866 -0.0195408 -0.399862
0.790865 -0.0195408 -0.400861
0.792863 -0.0195408 -0.401864
0.794868 -0.0195408 -0.402861
0.796863 -0.0195408 -0.403862
0.798866 -0.0195408 -0.404861
0.800864 -0.0195408 -0.405862
0.802865 -0.0195408 -0.406861
0.804864 -0.0195408 -0.407863
0.806867 -0.0195408 -0.408862
0.808865 -0.0195408 -0.409861
0.810864 -0.0195408 -0.410862
0.812866 -0.0195408 -0.411862
0.814866 -0.0195408 -0.412861
0.816864 -0.0195408 -0.413863
0.818867 -0.0195408 -0.414862
0.820865 -0.0195408 -0.415888
0.822891 -0.0195408 -0.417028
0.825031 -0.0195408 -0.418884
0.827887 -0.0195408 -0.41988
0.829884 -0.0195408 -0.420881
0.831884 -0.0195408 -0.421881
0.833884 -0.0195408 -0.422881
0.835884 -0.0195408 -0.423879
0.837883 -0.0195408 -0.42488
0.839883 -0.0195408 -0.425879
0.841882 -0.0195408 -0.426881
0.843884 -0.0195408 -0.42788
0.845883 -0.0195408 -0.42888
0.847883 -0.0195408 -0.429881
0.849884 -0.0195408 -0.43088
0.851883 -0.0195408 -0.43188
0.853883 -0.0195408 -0.432881
0.855884 -0.0195408 -0.43388
0.857883 -0.0195408 -0.434882
0.859885 -0.0195408 -0.43588
0.861883 -0.0195408 -0.43688
0.863883 -0.0195408 -0.43788
0.865884 -0.0195408 -0.438881
0.867884 -0.0195408 -0.44088
0.870883 -0.0195408 -0.441874
0.872878 -0.0195408 -0.442873
0.874877 -0.0195408 -0.443874
0.876877 -0.0195408 -0.444884
0.878888 -0.0195408 -0.44588
0.880883 -0.0195408 -0.446881
0.882884 -0.0195408 -0.447879
0.884882 -0.0195408 -0.44888
0.886884 -0.0195408 -0.449885
0.888888 -0.0195408 -0.45088
0.890883 -0.0195408 -0.45188
0.892883 -0.0195408 -0.45288
0.894883 -0.0195408 -0.45388
0.896883 -0.0195408 -0.454883
0.898886 -0.0195408 -0.455881
0.900885 -0.0195408 -0.45688
0.902883 -0.0195408 -0.45788
0.904884 -0.0195408 -0.458879
0.906883 -0.0195408 -0.459881
0.908884 -0.0195408 -0.460879
0.910883 -0.0195408 -0.46188
0.912883 -0.0195408 -0.46288
0.914883 -0.0195408 -0.463879
0.916882 -0.0195408 -0.464882
0.918885 -0.0195408 -0.465873
0.920876 -0.0195408 -0.466872
0.922876 -0.0195408 -0.468061
0.925064 -0.0195408 -0.469857
0.92786 -0.0195408 -0.470869
0.929872 -0.0195408 -0.471863
0.931867 -0.0195408 -0.472886
0.933888 -0.0195408 -0.473861
0.935864 -0.0195408 -0.474863
0.937867 -0.0195408 -0.475863
0.939867 -0.0195408 -0.476861
0.941863 -0.0195408 -0.477861
0.943864 -0.0195408 -0.47886
0.945863 -0.0195408 -0.479863
0.947867 -0.0195408 -0.48086
0.949863 -0.0195408 -0.481861
0.951864 -0.0195408 -0.482894
0.953897 -0.0195408 -0.483892
0.955894 -0.0195408 -0.484862
0.957867 -0.0195408 -0.485862
0.959864 -0.0195408 -0.486863
0.961867 -0.0195408 -0.487861
0.963863 -0.0195408 -0.48886
0.965863 -0.0195408 -0.48986
0.967863 -0.0195408 -0.49086
0.969863 -0.0195408 -0.49186
0.971863 -0.0195408 -0.492862
0.973866 -0.0195408 -0.49386
0.975863 -0.0195408 -0.494861
0.977863 -0.0195408 -0.495859
0.979862 -0.0195408 -0.496863
0.981867 -0.0195408 -0.497862
0.983866 -0.0195408 -0.498862
0.985866 -0.0195408 -0.49986
0.987862 -0.0195408 -0.500862
0.989866 -0.0195408 -0.501861
0.991864 -0.0195408 -0.502863
0.993867 -0.0195408 -0.503861
0.995864 -0.0195408 -0.50486
0.997863 -0.0195408 -0.50586
0.999863 -0.0195408 -0.506861
1.00186 -0.0195408 -0.507861
1.00386 -0.0195408 -0.508861
1.00586 -0.0195408 -0.509861
1.00786 -0.0195408 -0.510856
1.00986 -0.0195408 -0.511855
1.01186 -0.0195408 -0.512854
1.01386 -0.0195408 -0.513856
1.01586 -0.0195408 -0.514858
1.01786 -0.0195408 -0.516871
1.02087 -0.0195408 -0.517864
1.02287 -0.0195408 -0.518863
1.02487 -0.0195408 -0.520888
1.02789 -0.0195408 -0.521881
1.02988 -0.0195408 -0.522881
1.03188 -0.0195408 -0.523881
1.03388 -0.0195408 -0.524881
1.03588 -0.0195408 -0.525881
1.03788 -0.0195408 -0.526881
1.03988 -0.0195408 -0.527879
1.04188 -0.0195408 -0.52888
1.04388 -0.0195408 -0.529879
1.04588 -0.0195408 -0.530881
1.04788 -0.0195408 -0.53188
1.04988 -0.0195408 -0.53288
1.05188 -0.0195408 -0.533879
1.05388 -0.0195408 -0.53488
1.05588 -0.0195408 -0.53588
1.05788 -0.0195408 -0.536881
1.05988 -0.0195408 -0.537881
1.06188 -0.0195408 -0.53888
1.06388 -0.0195408 -0.539881
1.06588 -0.0195408 -0.540881
1.06788 -0.0195408 -0.54188
1.06988 -0.0195408 -0.54288
1.07188 -0.0195408 -0.543904
1.07391 -0.0195408 -0.544881
1.07588 -0.0195408 -0.545881
1.07788 -0.0195408 -0.546881
1.07988 -0.0195408 -0.547879
1.08188 -0.0195408 -0.548881
1.08388 -0.0195408 -0.549879
1.08588 -0.0195408 -0.55088
1.08788 -0.0195408 -0.551881
1.08988 -0.0195408 -0.55288
1.09188 -0.0195408 -0.55388
1.09388 -0.0195408 -0.554881
1.09588 -0.0195408 -0.555877
1.09788 -0.0195408 -0.55688
1.09988 -0.0195408 -0.55788
1.10188 -0.0195408 -0.55888
1.10388 -0.0195408 -0.55988
1.10588 -0.0195408 -0.56088
1.10788 -0.0195408 -0.561879
1.10988 -0.0195408 -0.562879
1.11188 -0.0195408 -0.56388
1.11388 -0.0195408 -0.56488
1.11588 -0.0195408 -0.56588
1.11788 -0.0195408 -0.566874
1.11988 -0.0195408 -0.567874
1.12188 -0.0195408 -0.568875
1.12388 -0.0195408 -0.570047
1.12605 -0.0195408 -0.571861
1.12886 -0.0195408 -0.572857
1.13086 -0.0195408 -0.573857
1.13286 -0.0195408 -0.57487
1.13487 -0.0195408 -0.575857
1.13686 -0.0195408 -0.576869
1.13887 -0.0195408 -0.577863
1.14087 -0.0195408 -0.57886
1.14286 -0.0195408 -0.57986
1.14486 -0.0195408 -0.580861
1.14686 -0.0195408 -0.581862
1.14886 -0.0195408 -0.582862
1.15087 -0.0195408 -0.583861
1.15286 -0.0195408 -0.584863
1.15487 -0.0195408 -0.585863
1.15687 -0.0195408 -0.586862
1.15886 -0.0195408 -0.587861
1.16086 -0.0195408 -0.588862
1.16286 -0.0195408 -0.589861
1.16486 -0.0195408 -0.590859
1.16686 -0.0195408 -0.591863
1.16887 -0.0195408 -0.592862
1.17086 -0.0195408 -0.593863
1.17287 -0.0195408 -0.594863
1.17487 -0.0195408 -0.59586
1.17686 -0.0195408 -0.596863
1.17887 -0.0195408 -0.597862
1.18087 -0.0195408 -0.598862
1.18287 -0.0195408 -0.599862
1.18486 -0.0195408 -0.600862
1.18686 -0.0195408 -0.601862
1.18887 -0.0195408 -0.602862
1.19086 -0.0195408 -0.603861
1.19286 -0.0195408 -0.604861
1.19486 -0.0195408 -0.605861
1.19686 -0.0195408 -0.606862
1.19887 -0.0195408 -0.607862
1.20086 -0.0195408 -0.608861
1.20286 -0.0195408 -0.609862
1.20486 -0.0195408 -0.610862
1.20686 -0.0195408 -0.61186
1.20886 -0.0195408 -0.612862
1.21086 -0.0195408 -0.613884
1.21289 -0.0195408 -0.614863
1.21487 -0.0195408 -0.615863
1.21687 -0.0195408 -0.616862
1.21886 -0.0195408 -0.617862
1.22086 -0.0195408 -0.618862
1.22287 -0.0195408 -0.619862
1.22487 -0.0195408 -0.621014
1.22702 -0.0195408 -0.622887
1.22989 -0.0195408 -0.623881
1.23188 -0.0195408 -0.624879
1.23388 -0.0195408 -0.625905
1.23591 -0.0195408 -0.626881
1.23788 -0.0195408 -0.627881
1.23988 -0.0195408 -0.62888
1.24188 -0.0195408 -0.62988
1.24388 -0.0195408 -0.63088
1.24588 -0.0195408 -0.63188
1.24788 -0.0195408 -0.63288
1.24988 -0.0195408 -0.63388
1.25188 -0.0195408 -0.63488
1.25388 -0.0195408 -0.635879
1.25588 -0.0195408 -0.63688
1.25788 -0.0195408 -0.637879
1.25988 -0.0195408 -0.638881
1.26188 -0.0195408 -0.639879
1.26388 -0.0195408 -0.640879
1.26588 -0.0195408 -0.64188
1.26788 -0.0195408 -0.64288
1.26988 -0.0195408 -0.64388
1.27188 -0.0195408 -0.64488
1.27388 -0.0195408 -0.64588
1.27588 -0.0195408 -0.646881
1.27788 -0.0195408 -0.647881
1.27988 -0.0195408 -0.64888
1.28188 -0.0195408 -0.649881
1.28388 -0.0195408 -0.65088
1.28588 -0.0195408 -0.651879
1.28788 -0.0195408 -0.65288
1.28988 -0.0195408 -0.65388
1.29188 -0.0195408 -0.65488
1.29388 -0.0195408 -0.655881
1.29588 -0.0195408 -0.65688
1.29788 -0.0195408 -0.65788
1.29988 -0.0195408 -0.65888
1.30188 -0.0195408 -0.65988
1.30388 -0.0195408 -0.660881
1.30588 -0.0195408 -0.66188
1.30788 -0.0195408 -0.66288
1.30988 -0.0195408 -0.663879
1.31188 -0.0195408 -0.66488
1.31388 -0.0195408 -0.66588
1.31588 -0.0195408 -0.66688
1.31788 -0.0195408 -0.667881
1.31988 -0.0195408 -0.668881
1.32188 -0.0195408 -0.66988
1.32388 -0.0195408 -0.67088
1.32588 -0.0195408 -0.672055
1.32806 -0.0195408 -0.673864
1.33087 -0.0195408 -0.674862
1.33286 -0.0195408 -0.675861
1.33486 -0.0195408 -0.676862
1.33686 -0.0195408 -0.677862
1.33887 -0.0195408 -0.678856
1.34086 -0.0195408 -0.679855
1.34286 -0.0195408 -0.680856
1.34486 -0.0195408 -0.681856
1.34686 -0.0195408 -0.682869
1.34887 -0.0195408 -0.683863
1.35087 -0.0195408 -0.684863
1.35287 -0.0195408 -0.685862
1.35487 -0.0195408 -0.686861
1.35686 -0.0195408 -0.687862
1.35886 -0.0195408 -0.688863
1.36087 -0.0195408 -0.689863
1.36287 -0.0195408 -0.690861
1.36486 -0.0195408 -0.691861
1.36686 -0.0195408 -0.692863
1.36887 -0.0195408 -0.693856
1.37086 -0.0195408 -0.694856
1.37286 -0.0195408 -0.695856
1.37486 -0.0195408 -0.696853
1.37686 -0.0195408 -0.697864
1.37887 -0.0195408 -0.698862
1.38086 -0.0195408 -0.699861
1.38286 -0.0195408 -0.700863
1.38487 -0.0195408 -0.701861
1.38686 -0.0195408 -0.702862
1.38887 -0.0195408 -0.703862
1.39086 -0.0195408 -0.70486
1.39286 -0.0195408 -0.705861
1.39486 -0.0195408 -0.706861
1.39686 -0.0195408 -0.707862
1.39887 -0.0195408 -0.708863
1.40087 -0.0195408 -0.70986
1.40286 -0.0195408 -0.710861
1.40486 -0.0195408 -0.711862
1.40686 -0.0195408 -0.712862
1.40886 -0.0195408 -0.713862
1.41087 -0.0195408 -0.714862
1.41287 -0.0195408 -0.715863
1.41487 -0.0195408 -0.716862
1.41687 -0.0195408 -0.717863
1.41887 -0.0195408 -0.718861
1.42086 -0.0195408 -0.719882
1.42289 -0.0195408 -0.720861
1.42486 -0.0195408 -0.72186
1.42686 -0.0195408 -0.723016
1.42902 -0.0195408 -0.724883
1.43189 -0.0195408 -0.725882
1.43388 -0.0195408 -0.726881
1.43588 -0.0195408 -0.727881
1.43788 -0.0195408 -0.72888
1.43988 -0.0195408 -0.72988
1.44188 -0.0195408 -0.73088
1.44388 -0.0195408 -0.731904
1.44591 -0.0195408 -0.732881
1.44788 -0.0195408 -0.73388
1.44988 -0.0195408 -0.734881
1.45188 -0.0195408 -0.735881
1.45388 -0.0195408 -0.736881
1.45588 -0.0195408 -0.737881
1.45788 -0.0195408 -0.738881
1.45988 -0.0195408 -0.73988
1.46188 -0.0195408 -0.74088
1.46388 -0.0195408 -0.741879
1.46588 -0.0195408 -0.742881
1.46788 -0.0195408 -0.743878
1.46988 -0.0195408 -0.74488
1.47188 -0.0195408 -0.74588
1.47388 -0.0195408 -0.74688
1.47588 -0.0195408 -0.747882
1.47788 -0.0195408 -0.748881
1.47988 -0.0195408 -0.749881
1.48188 -0.0195408 -0.750882
1.48389 -0.0195408 -0.751881
1.48588 -0.0195408 -0.752881
1.48788 -0.0195408 -0.753881
1.48988 -0.0195408 -0.754881
1.49188 -0.0195408 -0.755882
1.49389 -0.0195408 -0.756881
1.49588 -0.0195408 -0.757882
1.49788 -0.0195408 -0.758881
1.49988 -0.0195408 -0.759881
1.50188 -0.0195408 -0.76088
1.50388 -0.0195408 -0.76188
1.50588 -0.0195408 -0.762881
1.50788 -0.0195408 -0.76388
1.50988 -0.0195408 -0.764881
1.51188 -0.0195408 -0.76588
1.51388 -0.0195408 -0.76688
1.51588 -0.0195408 -0.767881
1.51788 -0.0195408 -0.768881
1.51988 -0.0195408 -0.769879
1.52188 -0.0195408 -0.77088
1.52388 -0.0195408 -0.77188
1.52588 -0.0195408 -0.772881
1.52788 -0.0195408 -0.774059
1.53006 -0.0195408 -0.775863
1.53287 -0.0195408 -0.776863
1.53487 -0.0195408 -0.777863
1.53687 -0.0195408 -0.778864
1.53887 -0.0195408 -0.779862
1.54086 -0.0195408 -0.780861
1.54286 -0.0195408 -0.781862
1.54486 -0.0195408 -0.782862
1.54687 -0.0195408 -0.783862
1.54887 -0.0195408 -0.784856
1.55086 -0.0195408 -0.785856
1.55286 -0.0195408 -0.786856
1.55486 -0.0195408 -0.787856
1.55686 -0.0195408 -0.788864
1.55887 -0.0195408 -0.789863
1.56087 -0.0195408 -0.790884
1.56289 -0.0195408 -0.791862
1.56487 -0.0195408 -0.792862
1.56686 -0.0195408 -0.793863
1.56887 -0.0195408 -0.794863
1.57087 -0.0195408 -0.795862
1.57287 -0.0195408 -0.796861
1.57486 -0.0195408 -0.797862
1.57686 -0.0195408 -0.798862
1.57887 -0.0195408 -0.799862
1.58086 -0.0195408 -0.800862
1.58286 -0.0195408 -0.801863
1.58487 -0.0195408 -0.802863
1.58687 -0.0195408 -0.803862
1.58886 -0.0195408 -0.804863
1.59087 -0.0195408 -0.805861
1.59286 -0.0195408 -0.806863
1.59487 -0.0195408 -0.80786
1.59686 -0.0195408 -0.808862
1.59887 -0.0195408 -0.809863
1.60087 -0.0195408 -0.810862
1.60287 -0.0195408 -0.811862
1.60486 -0.0195408 -0.812863
1.60687 -0.0195408 -0.813862
1.60886 -0.0195408 -0.814862
1.61086 -0.0195408 -0.815863
1.61287 -0.0195408 -0.816861
1.61486 -0.0195408 -0.817863
1.61687 -0.0195408 -0.818863
1.61887 -0.0195408 -0.819856
1.62086 -0.0195408 -0.820856
1.62286 -0.0195408 -0.821856
1.62486 -0.0195408 -0.822855
1.62686 -0.0195408 -0.823861
1.62886 -0.0195408 -0.825012
1.63101 -0.0195408 -0.826882
1.63389 -0.0195408 -0.82788
1.63588 -0.0195408 -0.82888
1.63788 -0.0195408 -0.829879
1.63988 -0.0195408 -0.83088
1.64188 -0.0195408 -0.831879
1.64388 -0.0195408 -0.832878
1.64588 -0.0195408 -0.833879
1.64788 -0.0195408 -0.834876
1.64988 -0.0195408 -0.835875
1.65188 -0.0195408 -0.836873
1.65388 -0.0195408 -0.837873
1.65588 -0.0195408 -0.838873
1.65788 -0.0195408 -0.839882
1.65989 -0.0195408 -0.840881
1.66188 -0.0195408 -0.841881
1.66388 -0.0195408 -0.842881
1.66588 -0.0195408 -0.843881
1.66788 -0.0195408 -0.844881
1.66988 -0.0195408 -0.845879
1.67188 -0.0195408 -0.84688
1.67388 -0.0195408 -0.847881
1.67588 -0.0195408 -0.848881
1.67788 -0.0195408 -0.84988
1.67988 -0.0195408 -0.85088
1.68188 -0.0195408 -0.851881
1.68388 -0.0195408 -0.852881
1.68588 -0.0195408 -0.853881
1.68788 -0.0195408 -0.85488
1.68988 -0.0195408 -0.855881
1.69188 -0.0195408 -0.856881
1.69388 -0.0195408 -0.85788
1.69588 -0.0195408 -0.85888
1.69788 -0.0195408 -0.859881
1.69988 -0.0195408 -0.860879
1.70188 -0.0195408 -0.861881
1.70388 -0.0195408 -0.862881
1.70588 -0.0195408 -0.86388
1.70788 -0.0195408 -0.86488
1.70988 -0.0195408 -0.86588
1.71188 -0.0195408 -0.86688
1.71388 -0.0195408 -0.867879
1.71588 -0.0195408 -0.868879
1.71788 -0.0195408 -0.86988
1.71988 -0.0195408 -0.870878
1.72188 -0.0195408 -0.87188
1.72388 -0.0195408 -0.87288
1.72588 -0.0195408 -0.873881
1.72788 -0.0195408 -0.87488
1.72988 -0.0195408 -0.87606
1.73206 -0.0195408 -0.877863
1.73487 -0.0195408 -0.878863
1.73687 -0.0195408 -0.879863
1.73887 -0.0195408 -0.880862
1.74087 -0.0195408 -0.881861
1.74286 -0.0195408 -0.882884
1.74489 -0.0195408 -0.883863
1.74687 -0.0195408 -0.884863
1.74887 -0.0195408 -0.885862
1.75086 -0.0195408 -0.886862
1.75286 -0.0195408 -0.887862
1.75487 -0.0195408 -0.888861
1.75686 -0.0195408 -0.889861
1.75886 -0.0195408 -0.890856
1.76086 -0.0195408 -0.891856
1.76286 -0.0195408 -0.892856
1.76486 -0.0195408 -0.893856
1.76686 -0.0195408 -0.894864
1.76887 -0.0195408 -0.895863
1.77087 -0.0195408 -0.896861
1.77286 -0.0195408 -0.897863
1.77487 -0.0195408 -0.898862
1.77686 -0.0195408 -0.899863
1.77887 -0.0195408 -0.900861
1.78086 -0.0195408 -0.901862
1.78286 -0.0195408 -0.902863
1.78487 -0.0195408 -0.903861
1.78686 -0.0195408 -0.904863
1.78887 -0.0195408 -0.905862
1.79086 -0.0195408 -0.906862
1.79287 -0.0195408 -0.907862
1.79487 -0.0195408 -0.908862
1.79686 -0.0195408 -0.909863
1.79887 -0.0195408 -0.910863
1.80087 -0.0195408 -0.911863
1.80287 -0.0195408 -0.912862
1.80486 -0.0195408 -0.913862
1.80686 -0.0195408 -0.914862
1.80886 -0.0195408 -0.915862
1.81086 -0.0195408 -0.916862
1.81286 -0.0195408 -0.917862
1.81486 -0.0195408 -0.918862
1.81686 -0.0195408 -0.919863
1.81887 -0.0195408 -0.920862
1.82087 -0.0195408 -0.921862
1.82287 -0.0195408 -0.922863
1.82487 -0.0195408 -0.92386
1.82686 -0.0195408 -0.924862
1.82887 -0.0195408 -0.925862
1.83087 -0.0195408 -0.927011
1.83301 -0.0195408 -0.928882
1.83588 -0.0195408 -0.929881
1.83788 -0.0195408 -0.93088
1.83988 -0.0195408 -0.93188
1.84188 -0.0195408 -0.93288
1.84388 -0.0195408 -0.93388
1.84588 -0.0195408 -0.93488
1.84788 -0.0195408 -0.935879
1.84988 -0.0195408 -0.936879
1.85188 -0.0195408 -0.93788
1.85388 -0.0195408 -0.93888
1.85588 -0.0195408 -0.93988
1.85788 -0.0195408 -0.94088
1.85988 -0.0195408 -0.941903
1.86191 -0.0195408 -0.94288
1.86388 -0.0195408 -0.94388
1.86588 -0.0195408 -0.94488
1.86788 -0.0195408 -0.945875
1.86988 -0.0195408 -0.946873
1.87188 -0.0195408 -0.947873
1.87388 -0.0195408 -0.948872
1.87588 -0.0195408 -0.949873
1.87788 -0.0195408 -0.950882
1.87988 -0.0195408 -0.951882
1.88188 -0.0195408 -0.95288
1.88388 -0.0195408 -0.953881
1.88588 -0.0195408 -0.954879
1.88788 -0.0195408 -0.95588
1.88988 -0.0195408 -0.95688
1.89188 -0.0195408 -0.957881
1.89388 -0.0195408 -0.95888
1.89588 -0.0195408 -0.959875
1.89788 -0.0195408 -0.96088
1.89988 -0.0195408 -0.96188
1.90188 -0.0195408 -0.962879
1.90388 -0.0195408 -0.96388
1.90588 -0.0195408 -0.96488
1.90788 -0.0195408 -0.96588
1.90988 -0.0195408 -0.966879
1.91188 -0.0195408 -0.967879
1.91388 -0.0195408 -0.968879
1.91588 -0.0195408 -0.969879
1.91788 -0.0195408 -0.97088
1.91988 -0.0195408 -0.971881
1.92188 -0.0195408 -0.97288
1.92388 -0.0195408 -0.973879
1.92588 -0.0195408 -0.974879
1.92788 -0.0195408 -0.97588
1.92988 -0.0195408 -0.97688
1.93188 -0.0195408 -0.978052
1.93405 -0.0195408 -0.979864
1.93687 -0.0195408 -0.980862
1.93887 -0.0195408 -0.981861
1.94086 -0.0195408 -0.98286
1.94286 -0.0195408 -0.983863
1.94487 -0.0195408 -0.984863
1.94687 -0.0195408 -0.985862
1.94886 -0.0195408 -0.986861
1.95086 -0.0195408 -0.987862
1.95287 -0.0195408 -0.988862
1.95486 -0.0195408 -0.989862
1.95687 -0.0195408 -0.990861
1.95886 -0.0195408 -0.991863
1.96087 -0.0195408 -0.992861
1.96286 -0.0195408 -0.993861
1.96486 -0.0195408 -0.994862
1.96686 -0.0195408 -0.995863
1.96887 -0.0195408 -0.996856
1.97086 -0.0195408 -0.997856
1.97286 -0.0195408 -0.998856
1.97486 -0.0195408 -0.999854
1.97686 -0.0195408 -1.00086
1.97887 -0.0195408 -1.00186
1.98087 -0.0195408 -1.00286
1.98286 -0.0195408 -1.00386
1.98487 -0.0195408 -1.00486
1.98687 -0.0195408 -1.00586
1.98887 -0.0195408 -1.00686
1.99086 -0.0195408 -1.00786
1.99286 -0.0195408 -1.00886
1.99487 -0.0195408 -1.00986
1.99686 -0.0195408 -1.01086
1.99886 -0.0195408 -1.01186
2.00086 -0.0195408 -1.01286
2.00286 -0.0195408 -1.01386
2.00486 -0.0195408 -1.01486
2.00686 -0.0195408 -1.01586
2.00886 -0.0195408 -1.01686
2.01086 -0.0195408 -1.01786
2.01287 -0.0195408 -1.01886
2.01487 -0.0195408 -1.01986
2.01686 -0.0195408 -1.02086
2.01887 -0.0195408 -1.02186
2.02086 -0.0195408 -1.02286
2.02287 -0.0195408 -1.02388
2.02489 -0.0195408 -1.02486
2.02686 -0.0195408 -1.02586
2.02886 -0.0195408 -1.02686
2.03086 -0.0195408 -1.02786
2.03286 -0.0195408 -1.02901
2.03502 -0.0195408 -1.03088
2.03788 -0.0195408 -1.03188
2.03988 -0.0195408 -1.03288
2.04188 -0.0195408 -1.03388
2.04388 -0.0195408 -1.03488
2.04588 -0.0195408 -1.03588
2.04788 -0.0195408 -1.03687
2.04988 -0.0195408 -1.03787
2.05188 -0.0195408 -1.03887
2.05388 -0.0195408 -1.03987
2.05588 -0.0195408 -1.04087
2.05788 -0.0195408 -1.0429
2.0609 -0.0195408 -1.04388
2.06289 -0.0195408 -1.04488
2.06488 -0.0195408 -1.04588
2.06688 -0.0195408 -1.04688
2.06889 -0.0195408 -1.04788
2.07088 -0.0195408 -1.04888
