1.823e-06 2.0127 0.00765479
0.0102967 2.0127 0.0076851
0.0201217 2.0127 0.00769391
0.0301069 2.0127 0.00769469
0.0401049 2.0127 0.00769505
0.0501065 2.0127 0.00769531
0.0601117 2.0127 0.00769464
0.0701049 2.0127 0.00769443
0.0801045 2.0127 0.00769526
0.090104 2.0127 0.00769505
0.100112 2.0127 0.00769437
0.110105 2.0127 0.00769234
0.120107 2.0127 0.00769125
0.130105 2.0127 0.00769042
0.140109 2.0127 0.00769151
0.150106 2.0127 0.00769214
0.160105 2.0127 0.00769318
0.170106 2.0127 0.00769427
0.18011 2.0127 0.00769401
0.190104 2.0127 0.00769354
0.200105 2.0127 0.00769385
0.210105 2.0127 0.00764688
0.220106 2.0127 0.00769365
0.230105 2.0127 0.00769385
0.240104 2.0127 0.0076949
0.250105 2.0127 0.00769469
0.260111 2.0127 0.00769401
0.270105 2.0127 0.00769458
0.280105 2.0127 0.00769516
0.290105 2.0127 0.0076925
0.300106 2.0127 0.00769526
0.310103 2.0127 0.0076499
0.320105 2.0127 0.00769552
0.330103 2.0127 0.00769516
0.34011 2.0127 0.00769635
0.350103 2.0127 0.00769594
0.360104 2.0127 0.00769573
0.370104 2.0127 0.00769604
0.38011 2.0127 0.00769516
0.390105 2.0127 0.00769375
0.400105 2.0127 0.00769484
0.410104 2.0127 0.00769573
0.420153 2.0127 0.00769417
0.430105 2.0127 0.00769557
0.440103 2.0127 0.00769583
0.450105 2.0127 0.00769531
0.46011 2.0127 0.00769516
0.470105 2.0127 0.00769531
0.480104 2.0127 0.00769557
0.490103 2.0127 0.00769542
0.500109 2.0127 0.00769552
0.510104 2.0127 0.00769453
0.520105 2.0127 0.00769422
0.530105 2.0127 0.00769604
0.540105 2.0127 0.00769458
0.550104 2.0127 0.00769495
0.560103 2.0127 0.00769432
0.570104 2.0127 0.00769557
0.58011 2.0127 0.00769552
0.590104 2.0127 0.00769573
0.600103 2.0127 0.0076951
0.610104 2.0127 0.00769604
0.62011 2.0127 0.00765313
0.630104 2.0127 0.00769479
0.640105 2.0127 0.00769573
0.650103 2.0127 0.00769542
0.660109 2.0127 0.00769573
0.670105 2.02247 0.00769542
0.680104 2.0127 0.00769594
0.690104 2.0127 0.00769599
0.700104 2.0127 0.00769516
0.710104 2.0127 0.00769516
0.720104 2.0127 0.00765271
0.730104 2.0127 0.00769526
0.740109 2.0127 0.00769656
0.750105 2.0127 0.00769531
0.760104 2.0127 0.00769526
0.770104 2.0127 0.00769526
0.780104 2.0127 0.00769219
0.790104 2.0127 0.00769537
0.800103 2.0127 0.00769589
0.810104 2.0127 0.00769448
0.820111 2.0127 0.00769573
0.830145 2.0127 0.00769443
0.840105 2.0127 0.00769651
0.850104 2.0127 0.00769552
0.86011 2.0127 0.00769583
0.870103 2.0127 0.00769432
0.880103 2.0127 0.00769526
0.890104 2.0127 0.00769641
0.900109 2.0127 0.00769589
0.910103 2.0127 0.00769537
0.920104 2.0127 0.00769552
0.930146 2.0127 0.0076951
0.940109 2.0127 0.00769578
0.950104 2.0127 0.00768766
0.960103 2.0127 0.0076951
0.970103 2.0127 0.00769505
0.98011 2.0127 0.00769552
0.990103 2.0127 0.00769568
1.0001 2.0127 0.00769521
1.0101 2.0127 0.00769505
1.02011 2.0127 0.00769656
1.0301 2.0127 0.00765422
1.0401 2.0127 0.00769516
1.0501 2.0127 0.00769583
1.06011 2.02247 0.00769568
1.0701 2.0127 0.00769599
1.0801 2.0127 0.00769458
1.0901 2.0127 0.00769599
1.10011 2.0127 0.00769568
1.1101 2.0127 0.00769583
1.1201 2.0127 0.00768682
1.1301 2.0127 0.00769609
1.14015 2.0127 0.00769557
1.1501 2.0127 0.00769557
1.1601 2.0127 0.00769437
1.1701 2.0127 0.00769469
1.1801 2.0127 0.00769437
1.19011 2.0127 0.007695
1.2001 2.0127 0.00769557
1.2101 2.0127 0.00769521
1.22011 2.0127 0.00769495
1.2301 2.0127 0.007695
1.2401 2.0127 0.00765359
1.2501 2.0127 0.00769557
1.2601 2.0127 0.00769411
1.2701 2.0127 0.00769469
1.2801 2.0127 0.00769537
1.2901 2.0127 0.00769448
1.30011 2.0127 0.00769521
1.3101 2.0127 0.00769547
1.3201 2.0127 0.00769521
1.3301 2.0127 0.00769604
1.34011 2.0127 0.00769563
1.35014 2.0127 0.00769526
1.3601 2.0127 0.00769578
1.3701 2.0127 0.00769557
1.3801 2.0127 0.0076938
1.3901 2.0127 0.00769448
1.4001 2.0127 0.00769484
1.4101 2.0127 0.00769557
1.42011 2.0127 0.00769573
1.4301 2.0127 0.00769636
1.4401 2.0127 0.00769526
1.45011 2.0127 0.00769187
1.46011 2.0127 0.00769568
1.4701 2.0127 0.00769578
1.4801 2.0127 0.00769542
1.4901 2.0127 0.00769521
1.50011 2.0127 0.00769531
1.5101 2.0127 0.00769557
1.5201 2.0127 0.00769526
1.5301 2.0127 0.00769563
1.54011 2.0127 0.00769484
1.5501 2.0127 0.0076512
1.5601 2.0127 0.00769563
1.5701 2.0127 0.00769531
1.58011 2.0127 0.00769537
1.5901 2.0127 0.00769547
1.6001 2.0127 0.0076951
1.6101 2.0127 0.00769568
1.62011 2.0127 0.00769672
1.6301 2.0127 0.00769568
1.6401 2.0127 0.00769625
1.6501 2.0127 0.0076537
1.66011 2.0127 0.00769531
1.6701 2.0127 0.00769573
1.6801 2.0127 0.00769495
1.6901 2.0127 0.00769469
1.7001 2.0127 0.00769495
1.7101 2.0127 0.00768797
1.7201 2.0127 0.00769526
1.7301 2.0127 0.00769552
1.74011 2.0127 0.00769615
1.7501 2.0127 0.00769615
1.76014 2.0127 0.00769505
1.7701 2.0127 0.00769531
1.78011 2.0127 0.00769526
1.7901 2.0127 0.00769615
1.8001 2.0127 0.00769484
1.8101 2.0127 0.0076963
1.82011 2.0127 0.0076962
1.8301 2.0127 0.00769453
1.8401 2.0127 0.00769563
1.8501 2.0127 0.00769625
1.86015 2.0127 0.0076949
1.8701 2.0127 0.00769526
1.8801 2.0127 0.00769438
1.8901 2.0127 0.007695
1.90011 2.0127 0.00769484
1.9101 2.0127 0.00769542
1.9201 2.0127 0.00769547
1.9301 2.0127 0.00769526
1.94011 2.0127 0.00769599
1.9501 2.0127 0.00769651
1.9601 2.0127 0.00769182
1.9701 2.0127 0.00769542
1.98011 2.0127 0.00769573
1.9901 2.0127 0.00769636
2.0001 2.0127 0.00769599
2.0101 2.0127 0.00769609
2.02011 2.0127 0.00769521
2.0301 2.0127 0.00769656
2.0401 2.0127 0.00769563
2.0501 2.0127 0.00769448
2.06011 2.0127 0.00765469
2.07011 2.0127 0.00769589
2.08011 2.0127 0.00769599
2.0901 2.0127 0.00769604
2.10011 2.0127 0.00769531
2.1101 2.0127 0.00769656
2.1201 2.02247 0.0076962
2.1301 2.0127 0.00769594
2.14011 2.0127 0.00769568
2.1501 2.0127 0.00769667
2.1601 2.0127 0.00769604
2.17014 2.0127 0.00769479
2.18011 2.0127 0.00769443
2.1901 2.0127 0.00769568
2.2001 2.0127 0.00769615
2.2101 2.0127 0.00769516
2.22011 2.0127 0.0076936
2.2301 2.0127 0.00769615
2.2401 2.0127 0.00769479
2.2501 2.0127 0.00769589
2.26011 2.0127 0.00769969
2.2701 2.0127 0.00769386
2.28011 2.0127 0.00769458
2.2901 2.0127 0.00769448
2.3001 2.0127 0.0076961
2.3101 2.0127 0.00769547
2.3201 2.0127 0.00769636
2.3301 2.02247 0.00769563
2.34011 2.0127 0.00769573
2.3501 2.0127 0.00769594
2.3601 2.0127 0.00769583
2.3701 2.0127 0.00764979
2.38011 2.0127 0.00769568
2.3901 2.0127 0.00769479
2.4001 2.0127 0.00769531
2.4101 2.0127 0.007695
2.42011 2.0127 0.00769578
2.4301 2.0127 0.00769578
2.4401 2.0127 0.0076963
2.45011 2.0127 0.00769531
2.46011 2.0127 0.00769458
2.4701 2.0127 0.00769599
2.4801 2.0127 0.00769427
2.4901 2.0127 0.00769505
2.50011 2.0127 0.00769552
2.5101 2.0127 0.00769547
2.5201 2.0127 0.0076963
2.5301 2.0127 0.00769557
2.54011 2.0127 0.00769552
2.5501 2.0127 0.00769526
2.5601 2.0127 0.0076961
2.5701 2.0127 0.00769583
2.58015 2.0127 0.00769432
2.5901 2.0127 0.00769505
2.6001 2.0127 0.0076962
2.6101 2.0127 0.00769547
2.62011 2.0127 0.00769578
2.6301 2.0127 0.00769615
2.6401 2.0127 0.00769573
2.6501 2.0127 0.00769531
2.66011 2.0127 0.00769557
2.6701 2.0127 0.00769526
2.6801 2.0127 0.00769453
2.6901 2.0127 0.00769521
2.7001 2.0127 0.0076951
2.7101 2.0127 0.00769563
2.7201 2.0127 0.0076961
2.7301 2.0127 0.00769563
2.74011 2.0127 0.00769641
2.7501 2.0127 0.00769479
2.7601 2.0127 0.00769563
2.7701 2.0127 0.00769557
2.78011 2.0127 0.00765292
2.7901 2.0127 0.00769542
2.8001 2.0127 0.00769573
2.8101 2.0127 0.00768755
2.82011 2.0127 0.00769578
2.8301 2.02247 0.00769557
2.8401 2.0127 0.00769537
2.8501 2.0127 0.0076951
2.8601 2.0127 0.00769453
2.87011 2.0127 0.0076951
2.8801 2.0127 0.00764979
2.89011 2.0127 0.00769484
2.90011 2.0127 0.00769537
2.9101 2.0127 0.00769505
2.9201 2.0127 0.00769464
2.9301 2.0127 0.00769542
2.94011 2.0127 0.00769542
2.95011 2.02247 0.0076951
2.9601 2.0127 0.00769667
2.9701 2.0127 0.00769547
2.98011 2.0127 0.00769552
2.99014 2.0127 0.00769438
3.0001 2.0127 0.00769568
3.0101 2.0127 0.00769505
3.02011 2.0127 0.00769521
3.0301 2.0127 0.00769542
3.0401 2.0127 0.00769573
3.0501 2.0127 0.00769505
3.0601 2.0127 0.00769573
3.0701 2.0127 0.00769568
3.0801 2.0127 0.00769417
3.09014 2.0127 0.00769474
3.10011 2.0127 0.00769557
3.1101 2.02247 0.00769563
3.1201 2.0127 0.0076963
3.1301 2.0127 0.00769521
3.14011 2.0127 0.00769568
3.1501 2.0127 0.00769589
3.1601 2.0127 0.0076963
3.1701 2.0127 0.00769464
3.18011 2.0127 0.00769516
3.1901 2.0127 0.00769563
3.2001 2.0127 0.00769547
3.2101 2.0127 0.00769563
3.22011 2.0127 0.00769479
3.2301 2.0127 0.007695
3.2401 2.0127 0.00769719
3.2501 2.0127 0.00769469
3.2601 2.0127 0.00769386
3.2701 2.0127 0.00769505
3.2801 2.0127 0.00769547
3.29011 2.0127 0.0076949
3.30011 2.0127 0.00769542
3.3101 2.0127 0.00769552
3.3201 2.0127 0.00769552
3.3301 2.0127 0.00769542
3.3401 2.0127 0.00769557
3.3501 2.0127 0.00769552
3.3601 2.0127 0.00769453
3.3701 2.0127 0.00769557
3.38011 2.0127 0.007695
3.3901 2.0127 0.00769271
3.4001 2.02247 0.00769589
3.4101 2.0127 0.00769516
3.42011 2.0127 0.00769641
3.4301 2.0127 0.00769578
3.4401 2.0127 0.0076951
3.4501 2.0127 0.00769589
3.46011 2.0127 0.00769531
3.4701 2.0127 0.00769479
3.4801 2.0127 0.00769464
3.4901 2.0127 0.00765386
3.50011 2.0127 0.00769469
3.5101 2.0127 0.007695
3.52011 2.0127 0.00769344
3.5301 2.0127 0.00769547
3.54011 2.0127 0.00769542
3.5501 2.0127 0.00769531
3.5601 2.0127 0.00769485
3.5701 2.0127 0.00769583
3.58011 2.0127 0.00769573
3.5901 2.0127 0.00769594
3.60014 2.0127 0.00769469
3.6101 2.0127 0.00769563
3.62011 2.0127 0.00769516
3.6301 2.0127 0.00769656
3.64011 2.0127 0.00769531
3.6501 2.0127 0.00769604
3.66011 2.0127 0.0076949
3.6701 2.0127 0.00769594
3.6801 2.0127 0.00769542
3.69011 2.0127 0.0076962
3.7001 2.0127 0.00765318
3.7101 2.0127 0.00769537
3.7201 2.0127 0.00769547
3.7301 2.0127 0.00769537
3.74011 2.0127 0.00769521
3.7501 2.0127 0.00769636
3.7601 2.0127 0.00769578
3.7701 2.0127 0.00769615
3.78011 2.0127 0.00769641
3.7901 2.0127 0.00769568
3.8001 2.0127 0.00765349
3.8101 2.0127 0.00769531
3.82011 2.0127 0.00769313
3.83011 2.0127 0.00769479
3.8401 2.0127 0.00769443
3.8501 2.0127 0.00769531
3.86011 2.0127 0.00769625
3.8701 2.0127 0.00769656
3.8801 2.0127 0.00769552
3.8901 2.0127 0.00769542
3.9001 2.0127 0.0076512
3.91011 2.0127 0.00769469
3.92011 2.0127 0.00769537
3.9301 2.0127 0.00769484
3.94011 2.0127 0.00769599
3.9501 2.0127 0.00769589
3.9601 2.0127 0.00769432
3.9701 2.0127 0.00769537
3.98011 2.0127 0.00769313
3.9901 2.0127 0.0076962
4.0001 2.0127 0.00769662
4.01015 2.0127 0.00769464
4.02011 2.0127 0.00769589
4.0301 2.0127 0.00769578
4.0401 2.0127 0.00769578
4.0501 2.0127 0.00769568
4.06011 2.0127 0.00769386
4.0701 2.0127 0.00769583
4.0801 2.0127 0.00769557
4.0901 2.0127 0.00769589
4.10011 2.0127 0.00769511
4.11014 2.0127 0.0076949
4.1201 2.0127 0.00769563
4.1301 2.0127 0.00769453
4.14011 2.0127 0.007695
4.1501 2.0127 0.00769604
4.1601 2.0127 0.00769526
4.1701 2.0127 0.00769526
4.18011 2.0127 0.00769526
4.1901 2.0127 0.0076962
4.20011 2.0127 0.00769594
4.21014 2.02247 0.00769328
4.22011 2.0127 0.00769459
4.2301 2.0127 0.00768818
4.2401 2.0127 0.00769625
4.2501 2.0127 0.00769547
4.26011 2.0127 0.00769526
4.2701 2.0127 0.0076963
4.28011 2.0127 0.00769589
4.2901 2.0127 0.00769573
4.30011 2.0127 0.00769594
4.3101 2.0127 0.00765537
4.3201 2.0127 0.00769599
4.33011 2.0127 0.00769511
4.34011 2.0127 0.00769552
4.3501 2.0127 0.00769589
4.3601 2.0127 0.0076963
4.3701 2.0127 0.00769542
4.3801 2.0127 0.00769433
4.3901 2.0127 0.00769521
4.4001 2.0127 0.00769495
4.4101 2.0127 0.00765344
4.42011 2.0127 0.00769484
4.4301 2.0127 0.00769516
4.4401 2.0127 0.0076961
4.45011 2.0127 0.00769573
4.46011 2.0127 0.00769573
4.4701 2.0127 0.00769568
4.4801 2.0127 0.00769641
4.4901 2.0127 0.00769641
4.50011 2.0127 0.00769459
4.5101 2.0127 0.00769537
4.52015 2.0127 0.00769526
4.53011 2.0127 0.00769505
4.54011 2.0127 0.00769484
4.5501 2.0127 0.00769568
4.5601 2.0127 0.00769552
4.57011 2.0127 0.00769479
4.58011 2.0127 0.00769511
4.5901 2.0127 0.00769558
4.6001 2.0127 0.00769615
4.6101 2.0127 0.00769547
4.62015 2.0127 0.00769406
4.63011 2.0127 0.00769563
4.6401 2.0127 0.00769625
4.6501 2.0127 0.00769568
4.66011 2.0127 0.00769526
4.6701 2.0127 0.00769589
4.6801 2.0127 0.00769615
4.6901 2.0127 0.00769604
4.7001 2.0127 0.00769599
4.7101 2.0127 0.00769537
4.7201 2.0127 0.0076549
4.73011 2.0127 0.00769573
4.7401 2.0127 0.00769422
4.7501 2.0127 0.00769516
4.7601 2.0127 0.00769537
4.7701 2.02247 0.00769521
4.78011 2.0127 0.00769505
4.7901 2.02247 0.00769531
4.8001 2.0127 0.00769615
4.8101 2.0127 0.00769526
4.82011 2.0127 0.00760573
4.83011 2.0127 0.00769417
4.84011 2.0127 0.00769558
4.8501 2.0127 0.00769396
4.86011 2.0127 0.00769422
4.8701 2.0127 0.00769552
4.88011 2.0127 0.00769578
4.8901 2.0127 0.00769547
4.90011 2.0127 0.00769542
4.9101 2.0127 0.00769474
4.9201 2.0127 0.00769557
4.93015 2.0127 0.00769344
4.94011 2.0127 0.00769448
4.95011 2.0127 0.00769505
4.9601 2.0127 0.00769511
4.9701 2.0127 0.007695
4.98011 2.0127 0.0076925
4.99011 2.02247 0.00769552
5.0001 2.0127 0.00769583
5.0101 2.0127 0.00769578
5.02011 2.0127 0.0076949
5.0301 2.0127 0.00769386
5.04011 2.0127 0.00769578
5.05011 2.0127 0.00769578
5.06011 2.0127 0.00769016
5.07011 2.0127 0.00769578
5.08011 2.0127 0.0076962
5.09011 2.0127 0.00769521
5.10011 2.0127 0.0076949
5.1101 2.0127 0.00769521
5.1201 2.0127 0.00769526
5.13011 2.0127 0.00765365
5.14011 2.0127 0.00769469
5.1501 2.0127 0.00769459
5.16011 2.0127 0.0076949
5.17011 2.0127 0.00769542
5.18011 2.0127 0.0076949
5.19011 2.0127 0.00769599
5.2001 2.0127 0.00769448
5.2101 2.0127 0.00769573
5.22011 2.0127 0.00769443
5.2301 2.0127 0.00769703
5.24015 2.0127 0.00769313
5.25011 2.0127 0.00769521
5.26011 2.0127 0.00769365
5.2701 2.0127 0.00769557
5.2801 2.0127 0.00769547
5.2901 2.0127 0.00769557
5.30011 2.0127 0.00769469
5.3101 2.0127 0.00769433
5.3201 2.0127 0.00769604
5.3301 2.0127 0.00769443
5.34011 2.0127 0.00769177
5.3501 2.0127 0.00769542
5.36011 2.0127 0.00769537
5.3701 2.0127 0.00769568
5.38011 2.0127 0.00769469
5.3901 2.0127 0.00769505
5.4001 2.0127 0.00769537
5.41011 2.0127 0.00769511
5.42011 2.0127 0.00769433
5.43011 2.0127 0.00769479
5.4401 2.0127 0.00764896
5.45011 2.0127 0.00769485
5.46011 2.0127 0.00769552
5.4701 2.0127 0.0076949
5.4801 2.0127 0.00769453
5.4901 2.0127 0.0076963
5.50011 2.0127 0.00769427
5.51011 2.0127 0.00769505
5.5201 2.0127 0.00769578
5.5301 2.0127 0.00769573
5.54011 2.0127 0.00765297
5.55011 2.0127 0.00769433
5.5601 2.0127 0.00769464
5.5701 2.0127 0.0076936
5.5801 2.0127 0.00769552
5.5901 2.0127 0.00769448
5.6001 2.0127 0.00769662
5.6101 2.0127 0.00769557
5.62011 2.0127 0.00769641
5.6301 2.0127 0.007695
5.64011 2.0127 0.00769583
5.65015 2.0127 0.00766714
5.66011 2.0127 0.00769448
5.6701 2.0127 0.00769511
5.6801 2.0127 0.00769589
5.6901 2.0127 0.00769542
5.70011 2.0127 0.00769516
5.7101 2.0127 0.00769521
5.7201 2.0127 0.00769521
5.7301 2.0127 0.0076961
5.74011 2.0127 0.00769583
5.75015 2.0127 0.00769474
5.7601 2.0127 0.0076949
5.7701 2.0127 0.00769552
5.78011 2.0127 0.00769532
5.79011 2.0127 0.00769568
5.8001 2.0127 0.00769495
5.8101 2.0127 0.00769547
5.82011 2.0127 0.00769693
5.83011 2.0127 0.00769532
5.8401 2.0127 0.00769578
5.8501 2.0127 0.00769401
5.86011 2.0127 0.00769589
5.8701 2.0127 0.00769532
5.8801 2.0127 0.00769604
5.8901 2.0127 0.00769532
5.90011 2.0127 0.00769537
5.9101 2.0127 0.00769542
5.9201 2.0127 0.00769604
5.9301 2.0127 0.00769677
5.94011 2.0127 0.0076961
5.9501 2.0127 0.00765292
5.96011 2.0127 0.00769557
5.9701 2.0127 0.00769594
5.98011 2.0127 0.00769594
5.9901 2.0127 0.0076938
6.0001 2.0127 0.00769526
6.0101 2.0127 0.00769656
6.02011 2.0127 0.00769568
6.0301 2.0127 0.00769526
6.0401 2.0127 0.00769599
6.0501 2.0127 0.00769625
6.06015 2.0127 0.00769479
6.0701 2.0127 0.00769537
6.0801 2.0127 0.00769469
6.0901 2.0127 0.00769552
6.10011 2.0127 0.00770063
6.1101 2.0127 0.00769636
6.1201 2.0127 0.00769604
6.1301 2.0127 0.00769604
6.14011 2.0127 0.00769589
6.1501 2.0127 0.00769542
6.1601 2.0127 0.00769526
6.1701 2.0127 0.00769334
6.18011 2.0127 0.00769547
6.19011 2.0127 0.00769563
6.20011 2.0127 0.00769542
6.2101 2.0127 0.00769604
6.22011 2.0127 0.00769563
6.2301 2.0127 0.00769568
6.24011 2.0127 0.00769552
6.2501 2.0127 0.00769479
6.26011 2.0127 0.00765125
6.27011 2.0127 0.00769511
6.28011 2.0127 0.00769526
6.2901 2.0127 0.00769495
6.30011 2.0127 0.00769526
6.3101 2.0127 0.00769584
6.3201 2.0127 0.00769542
6.3301 2.0127 0.00766959
6.34011 2.0127 0.0076962
6.3501 2.0127 0.0076949
6.3601 2.0127 0.00765412
6.3701 2.0127 0.00769485
6.38011 2.0127 0.00769401
6.39011 2.0127 0.00769547
6.4001 2.0127 0.0076963
6.4101 2.0127 0.00769542
6.4201 2.0127 0.00769511
6.4301 2.0127 0.00769568
6.44011 2.0127 0.00769532
6.4501 2.0127 0.00769516
6.4601 2.0127 0.00765365
6.47011 2.0127 0.00769464
6.48011 2.0127 0.00769521
6.4901 2.0127 0.00769604
6.50011 2.0127 0.00769057
6.5101 2.0127 0.00769526
6.5201 2.0127 0.00769532
6.5301 2.0127 0.00769594
6.54011 2.0127 0.00769573
6.5501 2.0127 0.00769615
6.5601 2.0127 0.0076511
6.57011 2.0127 0.00769599
6.58011 2.0127 0.00769573
6.5901 2.0127 0.00769511
6.6001 2.0127 0.00769438
6.6101 2.0127 0.00769516
6.62011 2.0127 0.00769547
6.6301 2.02247 0.00769599
6.6401 2.0127 0.00769542
6.6501 2.0127 0.00769526
6.66011 2.0127 0.00765287
6.67011 2.0127 0.00769469
6.6801 2.0127 0.00769479
6.6901 2.0127 0.00769511
6.7001 2.0127 0.00769427
6.71011 2.0127 0.00769417
6.72011 2.0127 0.00769542
6.7301 2.0127 0.00769584
6.74011 2.0127 0.00769521
6.7501 2.0127 0.00767839
6.7601 2.0127 0.00769516
6.77015 2.0127 0.00769547
6.78011 2.0127 0.00769557
6.7901 2.0127 0.00769537
6.8001 2.0127 0.00769584
6.8101 2.0127 0.00769557
6.82011 2.02247 0.00769568
6.8301 2.0127 0.00769625
6.8401 2.0127 0.0076949
6.8501 2.0127 0.00769547
6.86011 2.0127 0.00769521
6.87015 2.0127 0.00769433
6.8801 2.0127 0.00769443
6.8901 2.0127 0.00769516
6.90011 2.0127 0.0076949
6.9101 2.0127 0.0076949
6.9201 2.0127 0.00768703
6.9301 2.0127 0.00769532
6.94011 2.0127 0.00769589
6.95011 2.0127 0.00769485
6.9601 2.0127 0.00769584
6.9701 2.0127 0.00765412
6.98011 2.0127 0.00769521
6.9901 2.0127 0.00769443
7.0001 2.0127 0.0076949
7.0101 2.0127 0.00769459
7.0201 2.0127 0.00769511
7.0301 2.0127 0.007695
7.0401 2.0127 0.00769464
7.05011 2.0127 0.00769479
7.06011 2.0127 0.00769537
7.0701 2.0127 0.00769532
7.0801 2.0127 0.00769417
7.0901 2.0127 0.0076949
7.10011 2.0127 0.00769532
7.1101 2.0127 0.00769511
7.1201 2.0127 0.00769526
7.1301 2.0127 0.00769573
7.14011 2.0127 0.00769594
7.1501 2.0127 0.00769656
7.1601 2.0127 0.00769485
7.1701 2.02247 0.007695
7.18015 2.0127 0.00769162
7.19011 2.0127 0.0076949
7.2001 2.0127 0.00769552
7.2101 2.0127 0.00769521
7.2201 2.0127 0.00769532
7.23011 2.0127 0.00769568
7.2401 2.0127 0.00769558
7.2501 2.0127 0.00769604
7.2601 2.0127 0.00769396
7.2701 2.0127 0.00769656
7.2801 2.0127 0.00769287
7.29011 2.0127 0.00769537
7.30011 2.0127 0.00769485
7.3101 2.0127 0.00769511
7.3201 2.0127 0.0076961
7.3301 2.0127 0.00769136
7.34011 2.0127 0.00769459
7.35011 2.0127 0.0076961
7.3601 2.0127 0.007695
7.37011 2.0127 0.00769438
7.38011 2.0127 0.00765719
7.39011 2.0127 0.00769448
7.4001 2.0127 0.00769558
7.4101 2.0127 0.00769558
7.42011 2.0127 0.00769427
7.4301 2.0127 0.00769479
7.4401 2.0127 0.00769573
7.4501 2.0127 0.00769427
7.46011 2.0127 0.00769427
7.47011 2.0127 0.00769578
7.4801 2.0127 0.00765401
7.49011 2.0127 0.00769443
7.50011 2.0127 0.00769287
7.5101 2.0127 0.007695
7.5201 2.0127 0.00769578
7.5301 2.0127 0.00769526
7.54011 2.0127 0.00769516
7.5501 2.0127 0.00769443
7.5601 2.0127 0.00769594
7.5701 2.0127 0.00769547
7.58011 2.0127 0.00759797
7.59011 2.0127 0.00768891
7.60011 2.0127 0.00768813
7.61011 2.0127 0.00769099
7.62011 2.0127 0.00769084
7.63011 2.0127 0.00768823
7.64011 2.0127 0.00768969
7.65011 2.0127 0.00768995
7.66011 2.0127 0.00769084
7.6701 2.0127 0.00769047
7.68011 2.0127 0.00768964
7.69015 2.0127 0.00768834
7.70011 2.0127 0.0076898
7.71011 2.0127 0.00769073
7.72011 2.0127 0.00768985
7.73011 2.0127 0.00769042
7.74011 2.0127 0.0076898
7.75011 2.0127 0.00768745
7.76011 2.0127 0.0076911
7.77011 2.0127 0.00768901
7.78011 2.0127 0.00769006
7.79011 2.0127 0.00768969
7.80011 2.0127 0.00769011
7.81011 2.0127 0.0076899
7.82011 2.0127 0.0076898
7.83011 2.0127 0.00769052
7.84011 2.0127 0.00769089
7.85011 2.0127 0.00769084
7.86011 2.0127 0.00769058
7.87011 2.0127 0.00768985
7.88011 2.0127 0.00769078
7.89011 2.0127 0.00765089
7.90011 2.0127 0.00768927
7.91011 2.0127 0.00769031
7.9201 2.0127 0.0076861
7.93011 2.0127 0.00769068
7.94011 2.0127 0.00769203
7.9501 2.0127 0.00769094
7.96011 2.0127 0.00768907
7.97011 2.0127 0.00768797
7.98011 2.0127 0.00769068
7.99011 2.0127 0.00764922
8.00011 2.0127 0.00769042
8.0101 2.0127 0.00769089
8.02011 2.0127 0.00769172
8.03011 2.0127 0.00769089
8.04011 2.0127 0.00769052
8.05011 2.0127 0.00769099
8.06011 2.0127 0.00769151
8.07011 2.0127 0.00769068
8.08011 2.0127 0.00769016
8.09011 2.0127 0.00769047
8.10011 2.0127 0.00769099
8.1101 2.0127 0.00769453
8.1201 2.0127 0.00769386
8.1301 2.0127 0.00769532
8.1401 2.0127 0.00769683
8.15011 2.0127 0.00768792
8.16011 2.0127 0.00769011
8.17011 2.0127 0.00764974
8.18011 2.0127 0.00769016
8.19011 2.0127 0.0076911
8.20011 2.0127 0.00768849
8.21011 2.0127 0.00769073
8.22011 2.0127 0.00769078
8.23011 2.0127 0.00768995
8.24011 2.0127 0.00769026
8.25011 2.0127 0.00769037
8.26011 2.0127 0.00769063
8.27011 2.0127 0.00769021
8.28011 2.0127 0.00769006
8.29011 2.0127 0.00769162
8.30015 2.0127 0.00769058
8.31011 2.0127 0.00769037
8.32011 2.0127 0.00769078
8.33011 2.0127 0.00769162
8.34011 2.0127 0.00768912
8.35011 2.0127 0.00769037
8.36011 2.0127 0.00769042
8.37011 2.0127 0.00769068
8.38011 2.0127 0.0076898
8.39011 2.0127 0.00769037
8.40011 2.0127 0.00764948
8.41011 2.0127 0.00768818
8.42011 2.0127 0.00769104
8.43011 2.0127 0.00769042
8.44011 2.0127 0.00769052
8.45011 2.0127 0.00768995
8.46011 2.0127 0.00769026
8.47011 2.0127 0.0076911
8.48011 2.0127 0.00769032
8.49011 2.0127 0.00769016
8.50011 2.0127 0.00769094
8.51015 2.0127 0.00768901
8.52011 2.0127 0.00768969
8.53011 2.0127 0.00769021
8.54011 2.0127 0.00769099
8.55011 2.0127 0.00769078
8.56011 2.0127 0.00769063
8.57011 2.0127 0.00769068
8.58011 2.0127 0.00769151
8.59011 2.0127 0.00769042
8.6001 2.0127 0.0076911
8.61011 2.0127 0.00768797
8.62011 2.0127 0.00769078
8.63011 2.0127 0.00769125
8.64011 2.0127 0.00769078
8.65011 2.0127 0.00769042
8.66011 2.0127 0.0076974
8.67011 2.0127 0.00769115
8.68011 2.0127 0.00768828
8.69011 2.0127 0.00769042
8.7001 2.0127 0.00768995
8.71011 2.0127 0.00764969
8.72011 2.0127 0.00768834
8.73011 2.0127 0.00769037
8.74011 2.0127 0.00769183
8.75011 2.0127 0.00769079
8.76011 2.0127 0.00769079
8.77011 2.0127 0.00769032
8.78011 2.0127 0.00769079
8.79011 2.0127 0.00769141
8.80011 2.0127 0.00769104
8.81011 2.0127 0.00769073
8.82015 2.0127 0.00768829
8.83011 2.0127 0.00768735
8.84011 2.0127 0.00768912
8.85011 2.0127 0.00765235
8.86011 2.0127 0.00769032
8.87011 2.0127 0.00768698
8.88011 2.0127 0.00768813
8.89011 2.02247 0.00768886
8.90011 2.0127 0.00768823
8.91011 2.0127 0.00768662
8.92011 2.0127 0.00764891
8.93011 2.0127 0.00768802
8.9401 2.0127 0.00768922
8.95011 2.0127 0.00768766
8.96011 2.0127 0.00768756
8.97011 2.0127 0.00768782
8.98011 2.0127 0.00768985
8.99011 2.0127 0.00768933
9.00011 2.0127 0.00768813
9.01011 2.0127 0.00769464
9.0201 2.0127 0.00764579
9.03011 2.0127 0.00768719
9.04011 2.0127 0.00769016
9.05011 2.0127 0.00769099
9.06011 2.0127 0.00769063
9.07011 2.0127 0.0076899
9.08011 2.0127 0.00769157
9.09011 2.0127 0.00769079
9.10011 2.0127 0.00769016
9.1101 2.0127 0.00769042
9.12011 2.0127 0.00769068
9.13015 2.0127 0.00768782
9.14011 2.0127 0.00769125
9.15011 2.0127 0.00768953
9.16011 2.0127 0.00768792
9.17011 2.0127 0.00769052
9.18011 2.0127 0.00769058
9.19011 2.0127 0.00769058
9.20011 2.0127 0.00769063
9.21011 2.0127 0.00769084
9.22011 2.02247 0.00769099
9.23011 2.0127 0.00768584
9.24011 2.0127 0.00769006
9.25011 2.0127 0.00768974
9.26011 2.0127 0.00769089
9.27011 2.0127 0.00769089
9.2801 2.0127 0.00769104
9.29011 2.0127 0.00769037
9.30011 2.0127 0.00768959
9.31011 2.0127 0.00768797
9.32011 2.0127 0.00768854
9.33011 2.0127 0.00764922
9.34011 2.0127 0.00768907
9.35011 2.0127 0.00768792
9.36011 2.0127 0.00768735
9.37011 2.0127 0.00768698
9.38011 2.0127 0.00768922
9.39011 2.0127 0.00768829
9.40011 2.0127 0.00768865
9.41011 2.0127 0.0076875
9.42011 2.0127 0.00768886
9.43015 2.0127 0.00764808
9.44011 2.0127 0.0076874
9.45011 2.0127 0.00768787
9.46011 2.0127 0.0076873
9.47011 2.0127 0.00768844
9.48011 2.0127 0.00768985
9.49011 2.0127 0.00769589
9.5001 2.0127 0.00768969
9.51011 2.0127 0.00768964
9.52011 2.0127 0.00768985
9.53011 2.0127 0.00769032
9.54015 2.0127 0.00769079
9.55011 2.0127 0.00768922
9.56011 2.0127 0.00769052
9.57011 2.0127 0.00768813
9.58011 2.0127 0.00769042
9.59011 2.0127 0.00769063
9.6001 2.0127 0.00769006
9.61011 2.0127 0.00769006
9.62011 2.0127 0.00769052
9.63011 2.0127 0.00769037
9.64011 2.0127 0.00768881
9.65011 2.0127 0.00769068
9.66011 2.0127 0.00769016
9.67011 2.0127 0.00769016
9.68011 2.0127 0.00768735
9.69011 2.0127 0.00769047
9.70011 2.0127 0.00769099
9.71011 2.0127 0.00769079
9.72011 2.0127 0.00769037
9.73011 2.0127 0.00769099
9.74011 2.0127 0.00765058
9.75011 2.0127 0.00769011
9.76011 2.0127 0.00765506
9.77011 2.0127 0.00769125
9.78011 2.0127 0.00769047
9.79011 2.0127 0.00769063
9.80011 2.0127 0.00769037
9.81011 2.0127 0.00769068
9.82011 2.0127 0.0076912
9.83011 2.0127 0.00769125
9.84011 2.0127 0.00765203
9.85011 2.0127 0.00769058
9.86011 2.0127 0.00769021
9.87011 2.0127 0.00769099
9.88011 2.0127 0.0076899
9.89011 2.0127 0.00769032
9.90011 2.0127 0.00769011
9.91011 2.0127 0.00769037
9.92011 2.0127 0.00769136
9.93011 2.0127 0.00769079
9.94011 2.0127 0.00769683
9.95011 2.0127 0.00769037
9.96011 2.02247 0.00768776
9.97011 2.0127 0.00769162
9.98011 2.0127 0.00769073
9.99011 2.0127 0.00769047
10.0001 2.0127 0.00769063
10.0101 2.0127 0.00769115
10.0201 2.02247 0.00768803
10.0301 2.0127 0.00768776
10.0401 2.0127 0.00769073
10.0501 2.0127 0.00769047
10.0601 2.0127 0.00769125
10.0701 2.0127 0.00768974
10.0801 2.0127 0.00768938
10.0901 2.0127 0.00769125
10.1001 2.0127 0.00765641
10.1101 2.0127 0.00769459
10.1201 2.0127 0.00769485
10.1301 2.0127 0.00769068
10.1401 2.0127 0.00769558
10.1502 2.0127 0.00769094
10.1601 2.0127 0.00768443
10.1701 2.0127 0.00764568
10.1801 2.0127 0.00768849
10.1901 2.0127 0.00768907
10.2001 2.02247 0.0076898
10.2101 2.0127 0.00768776
10.2201 2.0127 0.00769037
10.2301 2.0127 0.0076899
