1.666e-06 2.0127 0.0973358
0.100206 2.0127 0.0973571
0.200111 2.0127 0.0973619
0.300122 2.0127 0.0973546
0.400164 2.0127 0.0973607
0.500155 2.0127 0.0973632
0.600107 2.0127 0.0973638
0.700112 2.0127 0.0973246
0.800106 2.0127 0.0973257
0.900107 2.0127 0.097366
1.00011 2.0127 0.0973644
1.10015 2.0127 0.0973642
1.20011 2.0127 0.0973641
1.30011 2.0127 0.0973244
1.40011 2.0127 0.0973656
1.50016 2.0127 0.0973643
1.60011 2.0127 0.0973629
1.70011 2.0127 0.0973648
1.80011 2.0127 0.0973256
1.90011 2.0127 0.0973259
2.00011 2.0127 0.0973252
2.10011 2.0127 0.0973653
2.20011 2.0127 0.0973664
2.30011 2.0127 0.0973656
2.40015 2.0127 0.0973649
2.50015 2.0127 0.0973653
2.60011 2.0127 0.0973611
2.70011 2.0127 0.0973244
2.80011 2.0127 0.0973068
2.90011 2.0127 0.0973638
3.00011 2.0127 0.0973656
3.10015 2.0127 0.0973638
3.20011 2.0127 0.0973241
3.30011 2.0127 0.0973659
3.40015 2.0127 0.0973656
3.50015 2.0127 0.0973641
3.60011 2.0127 0.0973643
3.70011 2.0127 0.097325
3.80011 2.0127 0.0973211
3.90011 2.0127 0.0973645
4.00014 2.0127 0.0973644
4.10015 2.0127 0.0973655
4.20011 2.0127 0.0973653
4.30011 2.0127 0.0973238
4.40011 2.0127 0.097365
4.50011 2.0127 0.0973644
4.60011 2.0127 0.0973646
4.70011 2.0127 0.0973651
4.80011 2.0127 0.097365
4.90011 2.0127 0.097365
5.00015 2.0127 0.0973658
5.10011 2.0127 0.0973239
5.20011 2.0127 0.0973216
5.30011 2.0127 0.0973653
5.40011 2.0127 0.0973655
5.50011 2.0127 0.097364
5.60011 2.0127 0.0973646
5.70015 2.0127 0.0973644
5.80011 2.0127 0.0973591
5.90012 2.0127 0.0973211
6.00012 2.0127 0.0973128
6.10013 2.0127 0.0973055
6.20013 2.0127 0.0970891
6.30013 2.0127 0.0973739
6.40012 2.0127 0.0973558
6.50018 2.0127 0.0973632
6.60011 2.0127 0.0973568
6.70012 2.0127 0.0973048
6.80011 2.0127 0.097362
6.90012 2.0127 0.0973566
7.00011 2.0127 0.0973647
7.10016 2.0127 0.0973621
7.20011 2.0127 0.0973591
7.30012 2.0127 0.0973539
7.40011 2.0127 0.0973561
7.50012 2.0127 0.0973223
7.60012 2.0127 0.0973026
7.70013 2.0127 0.09736
7.80012 2.0127 0.0973592
7.90012 2.0127 0.097358
8.00012 2.0127 0.0973606
8.10012 2.0127 0.0973523
8.20016 2.0127 0.0973608
8.30017 2.0127 0.0973591
8.40012 2.0127 0.0973569
8.50012 2.0127 0.0973579
8.60011 2.0127 0.0973201
8.70012 2.0127 0.0973186
8.80011 2.0127 0.0973646
8.90011 2.0127 0.0973468
9.00015 2.0127 0.0973634
9.10016 2.0127 0.0973645
9.20011 2.0127 0.0973648
9.30011 2.0127 0.0973577
9.40012 2.0127 0.09731
9.50012 2.0127 0.0973634
9.60011 2.0127 0.0973626
9.70012 2.0127 0.0973617
9.80011 2.0127 0.0973644
9.90011 2.0127 0.0973648
10.0002 2.0127 0.0973647
10.1002 2.0127 0.0973629
10.2001 2.0127 0.0973603
10.3001 2.0127 0.09731
10.4001 2.0127 0.0973612
10.5001 2.0127 0.0973597
10.6002 2.0127 0.0973617
10.7002 2.0127 0.0973518
10.8001 2.0127 0.0973027
10.9001 2.0127 0.0973583
11.0001 2.0127 0.0973594
11.1001 2.0127 0.0973556
11.2001 2.0127 0.0973607
11.3001 2.0127 0.0973561
11.4001 2.0127 0.0973572
11.5001 2.0127 0.0973605
11.6001 2.0127 0.0973564
11.7002 2.0127 0.0973587
11.8001 2.0127 0.097359
11.9001 2.0127 0.0973138
12.0001 2.0127 0.0973175
12.1001 2.0127 0.097313
12.2001 2.0127 0.097362
12.3001 2.0127 0.0973646
12.4001 2.0127 0.0973633
12.5002 2.0127 0.0973639
12.6001 2.0127 0.0973607
12.7001 2.0127 0.0973101
12.8001 2.0127 0.0973638
12.9001 2.0127 0.0973573
13.0001 2.0127 0.0973625
13.1002 2.0127 0.0973602
13.2001 2.0127 0.0973535
13.3001 2.0127 0.0973141
13.4001 2.0127 0.0973613
13.5001 2.0127 0.09736
13.6002 2.0127 0.0973637
13.7002 2.0127 0.0973392
13.8001 2.0127 0.0973584
13.9001 2.0127 0.0973593
14.0001 2.0127 0.0973121
14.1001 2.0127 0.097318
14.2001 2.0127 0.0973629
14.3001 2.0127 0.0973632
14.4001 2.0127 0.0973625
14.5002 2.0127 0.0973643
14.6001 2.0127 0.0973644
14.7001 2.0127 0.0973655
14.8001 2.0127 0.0973247
14.9001 2.0127 0.0973651
15.0001 2.0127 0.0973632
15.1002 2.0127 0.0973643
15.2001 2.0127 0.0973652
15.3001 2.0127 0.0973638
15.4001 2.0127 0.0973253
15.5001 2.0127 0.0973657
15.6001 2.0127 0.0973644
15.7002 2.0127 0.0973644
15.8001 2.0127 0.097366
15.9001 2.0127 0.0973654
16.0001 2.0127 0.0973165
16.1001 2.0127 0.0973645
16.2001 2.0127 0.0973646
16.3001 2.0127 0.0973591
16.4001 2.0127 0.0973596
16.5001 2.0127 0.097345
16.6001 2.0127 0.0973589
16.7001 2.0127 0.0973617
16.8001 2.0127 0.0973601
16.9002 2.0127 0.0973549
17.0001 2.0127 0.0973582
17.1001 2.0127 0.09735
17.2001 2.0127 0.0973106
17.3001 2.0127 0.0973118
17.4001 2.0127 0.0973591
17.5001 2.0127 0.0973598
17.6001 2.0127 0.0973574
17.7001 2.0127 0.0973619
17.8002 2.0127 0.0973551
17.9002 2.0127 0.0973581
18.0001 2.0127 0.0973586
18.1001 2.0127 0.0973591
18.2001 2.0127 0.0973221
18.3001 2.0127 0.0973217
18.4001 2.0127 0.0973228
18.5001 2.0127 0.0973647
18.6001 2.0127 0.097359
18.7002 2.0127 0.0973639
18.8001 2.0127 0.0973651
18.9001 2.0127 0.0973258
19.0001 2.0127 0.0973666
19.1001 2.0127 0.0973643
19.2001 2.0127 0.0973643
19.3001 2.0127 0.0973652
19.4001 2.0127 0.097365
19.5002 2.0127 0.0973643
19.6001 2.0127 0.0973671
19.7001 2.0127 0.0973246
19.8001 2.0127 0.0973241
19.9001 2.0127 0.0973252
20.0001 2.0127 0.0973661
20.1001 2.0127 0.0973646
20.2001 2.0127 0.0973651
20.3002 2.0127 0.0973656
20.4001 2.0127 0.0973662
20.5001 2.0127 0.0973246
20.6001 2.0127 0.0973646
20.7001 2.0127 0.0973645
20.8001 2.0127 0.0973659
20.9002 2.0127 0.0973644
21.0001 2.0127 0.0973642
21.1001 2.0127 0.0973253
21.2001 2.0127 0.0973644
21.3001 2.0127 0.0973633
21.4001 2.0127 0.0973642
21.5002 2.0127 0.0973645
21.6001 2.0127 0.0973652
21.7001 2.0127 0.0973255
21.8001 2.0127 0.097322
21.9001 2.0127 0.0973657
22.0001 2.0127 0.097365
22.1002 2.0127 0.0973664
22.2001 2.0127 0.0973244
22.3001 2.0127 0.0973653
22.4001 2.0127 0.097365
22.5001 2.0127 0.0973644
22.6001 2.0127 0.097365
22.7002 2.0127 0.0973642
22.8001 2.0127 0.0973251
22.9001 2.0127 0.0973254
23.0001 2.0127 0.0973653
23.1001 2.0127 0.0973642
23.2001 2.0127 0.0973653
23.3001 2.0127 0.0973631
23.4002 2.02247 0.0963617
23.5002 2.0127 0.0963621
23.6001 2.0127 0.0973114
23.7001 2.0127 0.0973116
23.8001 2.0127 0.0972996
23.9001 2.0127 0.0973567
24.0001 2.0127 0.0973626
24.1001 2.0127 0.0973589
24.2002 2.0127 0.09736
24.3002 2.0127 0.0973593
24.4001 2.0127 0.0973369
24.5001 2.0127 0.0973594
24.6001 2.0127 0.0973202
24.7001 2.0127 0.0973227
24.8001 2.0127 0.097364
24.9001 2.0127 0.0973623
25.0001 2.0127 0.0973636
25.1002 2.0127 0.0973653
25.2001 2.0127 0.0973254
25.3001 2.0127 0.0973252
25.4001 2.0127 0.0973656
25.5001 2.0127 0.0973649
25.6001 2.0127 0.097364
25.7002 2.0127 0.0973658
25.8001 2.0127 0.0973265
25.9001 2.0127 0.0973255
26.0001 2.0127 0.0973237
26.1001 2.0127 0.0973657
26.2001 2.0127 0.0973642
26.3001 2.0127 0.0973638
26.4001 2.0127 0.0973642
26.5002 2.0127 0.0973653
26.6001 2.0127 0.0973257
26.7001 2.0127 0.0973209
26.8001 2.0127 0.0973636
26.9001 2.0127 0.0973645
27.0001 2.0127 0.0973643
27.1002 2.0127 0.0973643
27.2001 2.0127 0.0973488
27.3001 2.0127 0.0973654
27.4001 2.0127 0.0973255
27.5001 2.0127 0.0973253
27.6001 2.0127 0.097365
27.7001 2.0127 0.0973649
27.8001 2.0127 0.0973652
27.9002 2.0127 0.0973647
28.0001 2.0127 0.0973423
28.1001 2.0127 0.0973053
28.2001 2.0127 0.0973621
28.3001 2.0127 0.0973609
28.4001 2.0127 0.0973417
28.5002 2.0127 0.0973557
28.6001 2.0127 0.0973624
28.7001 2.0127 0.0973565
28.8001 2.0127 0.0973574
28.9001 2.0127 0.0973456
29.0001 2.0127 0.0973096
29.1001 2.0127 0.0973192
29.2001 2.0127 0.0973636
29.3001 2.0127 0.0973637
29.4002 2.0127 0.0973653
29.5002 2.0127 0.097361
29.6001 2.0127 0.0973643
29.7001 2.0127 0.0973456
29.8001 2.0127 0.0973254
29.9001 2.0127 0.0973248
30.0001 2.0127 0.0973661
30.1001 2.0127 0.0973647
30.2001 2.0127 0.0973653
30.3001 2.0127 0.0973602
30.4001 2.0127 0.0973242
30.5001 2.0127 0.0973193
30.6001 2.0127 0.0973642
30.7002 2.0127 0.09736
30.8001 2.0127 0.0973652
30.9001 2.0127 0.0973254
31.0001 2.0127 0.0973251
31.1001 2.0127 0.0973655
31.2001 2.0127 0.0973652
31.3001 2.0127 0.0973657
31.4001 2.0127 0.0973643
31.5002 2.0127 0.0973653
31.6001 2.0127 0.0973645
31.7001 2.0127 0.0973638
31.8001 2.0127 0.097324
31.9001 2.0127 0.0973248
32.0001 2.0127 0.0973655
32.1001 2.0127 0.097366
32.2001 2.0127 0.0973637
32.3001 2.0127 0.0973663
32.4001 2.0127 0.0973641
32.5002 2.0127 0.0973641
32.6001 2.0127 0.0973242
32.7001 2.0127 0.0973645
32.8001 2.0127 0.0973651
32.9002 2.0127 0.0973644
33.0001 2.0127 0.0973646
33.1001 2.0127 0.097365
33.2001 2.0127 0.0973213
33.3001 2.0127 0.0973593
33.4001 2.0127 0.0973157
33.5001 2.0127 0.0973023
33.6001 2.0127 0.09736
33.7001 2.0127 0.0973377
33.8001 2.0127 0.0973586
33.9001 2.0127 0.0973541
34.0001 2.0127 0.0973612
34.1002 2.0127 0.0973594
34.2001 2.0127 0.0973624
34.3001 2.0127 0.0973622
34.4001 2.0127 0.0973157
34.5001 2.0127 0.0973123
34.6001 2.0127 0.0973635
34.7001 2.0127 0.0973615
34.8001 2.0127 0.0973631
34.9002 2.0127 0.0973646
35.0001 2.0127 0.0973649
35.1001 2.0127 0.0973649
35.2001 2.0127 0.0973646
35.3001 2.0127 0.0973255
35.4001 2.0127 0.0973663
35.5001 2.0127 0.097365
35.6001 2.0127 0.0973646
35.7001 2.0127 0.0973645
35.8001 2.0127 0.0973645
35.9002 2.0127 0.0973613
36.0001 2.0127 0.0973563
36.1001 2.0127 0.0973153
36.2001 2.0127 0.0972989
36.3001 2.0127 0.0973561
36.4001 2.0127 0.0973539
36.5001 2.0127 0.0973556
36.6001 2.0127 0.097359
36.7002 2.0127 0.0973549
36.8001 2.0127 0.0973532
36.9001 2.0127 0.0973165
37.0001 2.0127 0.097323
37.1001 2.0127 0.0973225
37.2001 2.0127 0.0973627
37.3001 2.0127 0.0973627
37.4001 2.0127 0.0973647
37.5002 2.0127 0.0973478
37.6001 2.0127 0.097366
37.7001 2.0127 0.097364
37.8001 2.0127 0.0973241
37.9001 2.0127 0.097325
38.0001 2.0127 0.0973646
38.1001 2.0127 0.0973648
38.2001 2.0127 0.0973648
38.3002 2.0127 0.0973647
38.4001 2.0127 0.0973656
38.5001 2.0127 0.0973651
38.6001 2.0127 0.097365
38.7001 2.0127 0.0973646
38.8001 2.0127 0.097326
38.9001 2.0127 0.0973242
39.0001 2.0127 0.0973652
39.1001 2.0127 0.0973651
39.2001 2.0127 0.0973647
39.3002 2.0127 0.0973655
39.4001 2.0127 0.0973645
39.5001 2.0127 0.0973636
39.6001 2.0127 0.097326
39.7001 2.0127 0.0973254
39.8001 2.0127 0.0973249
39.9001 2.0127 0.0973635
40.0001 2.0127 0.0973716
40.1002 2.0127 0.0973636
40.2001 2.0127 0.0973266
40.3001 2.0127 0.0973212
40.4001 2.0127 0.0973649
40.5001 2.0127 0.0973636
40.6001 2.0127 0.0973649
40.7002 2.0127 0.097365
40.8001 2.0127 0.0973236
40.9001 2.0127 0.0973138
41.0001 2.0127 0.0973605
41.1001 2.0127 0.0973611
41.2001 2.0127 0.0973631
41.3001 2.0127 0.0973643
41.4001 2.0127 0.0973636
41.5002 2.0127 0.0973636
41.6001 2.0127 0.0973244
41.7001 2.0127 0.0973653
41.8001 2.0127 0.0973649
41.9002 2.0127 0.0973653
42.0001 2.0127 0.0973636
42.1001 2.0127 0.0973241
42.2001 2.0127 0.0973657
42.3001 2.0127 0.0973614
42.4001 2.0127 0.09736
42.5001 2.0127 0.0973588
42.6001 2.0127 0.097351
42.7001 2.0127 0.0973578
42.8001 2.0127 0.0973613
42.9001 2.0127 0.0973613
43.0002 2.0127 0.0973588
43.1002 2.0127 0.0973562
43.2001 2.0127 0.0973583
43.3001 2.0127 0.0973599
43.4001 2.0127 0.0973094
43.5001 2.0127 0.097363
43.6001 2.0127 0.0973615
43.7001 2.0127 0.0973636
43.8001 2.0127 0.097365
43.9002 2.0127 0.0973638
44.0001 2.0127 0.097365
44.1001 2.0127 0.0973616
44.2001 2.0127 0.0973248
44.3001 2.0127 0.0973646
44.4001 2.0127 0.0973651
44.5001 2.0127 0.0973636
44.6001 2.0127 0.0973644
44.7002 2.0127 0.0973636
44.8001 2.0127 0.0973256
44.9001 2.0127 0.0973255
45.0001 2.0127 0.0973659
45.1001 2.0127 0.0973645
45.2001 2.0127 0.0973652
45.3002 2.0127 0.0973647
45.4001 2.0127 0.097324
45.5001 2.0127 0.0973248
45.6001 2.0127 0.0973655
45.7001 2.0127 0.0973647
45.8001 2.0127 0.0973649
45.9002 2.0127 0.0973635
46.0001 2.0127 0.0973656
46.1001 2.0127 0.0973586
46.2001 2.0127 0.0973238
46.3001 2.0127 0.0973649
46.4001 2.0127 0.0973638
46.5001 2.0127 0.0973647
46.6001 2.0127 0.0973644
46.7002 2.0127 0.0973658
46.8001 2.0127 0.0973648
46.9001 2.0127 0.0973603
47.0001 2.0127 0.0973255
47.1001 2.0127 0.0973202
47.2001 2.0127 0.0973644
47.3001 2.0127 0.0973479
47.4001 2.0127 0.0973653
47.5002 2.0127 0.0973657
47.6001 2.0127 0.0973659
47.7001 2.0127 0.0973636
47.8001 2.0127 0.0973249
47.9001 2.0127 0.0973254
48.0001 2.0127 0.0973655
48.1001 2.0127 0.0973652
48.2001 2.0127 0.0973644
48.3001 2.0127 0.0973648
48.4001 2.0127 0.0973651
48.5002 2.0127 0.0973663
48.6001 2.0127 0.0973646
48.7001 2.0127 0.0973663
48.8001 2.0127 0.0973253
48.9001 2.0127 0.0973651
49.0001 2.0127 0.0973644
49.1001 2.0127 0.0973651
49.2001 2.0127 0.0973652
49.3001 2.0127 0.0973638
49.4001 2.0127 0.097364
49.5002 2.0127 0.0973651
49.6001 2.0127 0.0973651
49.7001 2.0127 0.0973653
49.8001 2.0127 0.0973661
49.9001 2.0127 0.0973256
50.0001 2.0127 0.0973653
50.1001 2.0127 0.0973646
50.2001 2.0127 0.0973643
50.3002 2.0127 0.0973638
50.4001 2.0127 0.097364
50.5001 2.0127 0.097325
50.6001 2.0127 0.0973655
50.7001 2.0127 0.0973665
50.8001 2.0127 0.0973485
50.9002 2.0127 0.0973636
51.0001 2.0127 0.0973633
51.1001 2.0127 0.0973263
51.2001 2.0127 0.0973248
51.3001 2.0127 0.0973649
51.4001 2.0127 0.0973644
51.5002 2.0127 0.0973643
51.6001 2.0127 0.0973268
51.7001 2.0127 0.0973264
51.8001 2.0127 0.0973205
51.9001 2.0127 0.097366
52.0001 2.0127 0.0973662
52.1001 2.0127 0.0973655
52.2001 2.0127 0.0973647
52.3001 2.0127 0.0973652
52.4001 2.0127 0.0973647
52.5002 2.0127 0.0973656
52.6001 2.0127 0.0973646
52.7001 2.0127 0.0973248
52.8001 2.0127 0.0973264
52.9001 2.0127 0.0973236
53.0001 2.0127 0.0973645
53.1001 2.0127 0.097364
53.2001 2.0127 0.097366
53.3001 2.0127 0.0973656
53.4001 2.0127 0.0973655
53.5002 2.0127 0.0973654
53.6001 2.0127 0.0973666
53.7001 2.0127 0.0973246
53.8001 2.0127 0.0973656
53.9001 2.0127 0.0973655
54.0001 2.0127 0.0973655
54.1002 2.0127 0.097365
54.2001 2.0127 0.097365
54.3001 2.0127 0.0973253
54.4001 2.0127 0.0973253
54.5001 2.0127 0.0973658
54.6001 2.0127 0.0973656
54.7001 2.0127 0.0973659
54.8001 2.0127 0.0973647
54.9002 2.0127 0.0973648
55.0001 2.0127 0.0973641
55.1001 2.0127 0.0973256
55.2001 2.0127 0.0973662
55.3001 2.0127 0.0973652
55.4001 2.0127 0.0973647
55.5001 2.0127 0.0973653
55.6001 2.0127 0.0973642
55.7001 2.0127 0.0973255
55.8001 2.0127 0.0973652
55.9001 2.0127 0.0973648
56.0001 2.0127 0.0973659
56.1002 2.0127 0.0973653
56.2001 2.0127 0.0973641
56.3001 2.0127 0.0973647
56.4001 2.0127 0.0973646
56.5001 2.0127 0.0973239
56.6001 2.0127 0.097366
56.7001 2.0127 0.097364
56.8001 2.0127 0.0973645
56.9002 2.0127 0.0973643
57.0001 2.0127 0.0973656
57.1001 2.0127 0.0973252
57.2001 2.0127 0.0973258
57.3001 2.0127 0.0973649
57.4001 2.0127 0.0973658
57.5002 2.0127 0.0973632
57.6001 2.0127 0.097326
57.7001 2.0127 0.0973194
57.8001 2.0127 0.0973644
57.9001 2.0127 0.0973654
58.0001 2.0127 0.0973649
58.1001 2.0127 0.0973661
58.2001 2.0127 0.0973653
58.3002 2.0127 0.097364
58.4001 2.0127 0.0973656
58.5001 2.0127 0.0973658
58.6001 2.0127 0.097364
58.7001 2.0127 0.0973259
58.8001 2.0127 0.0973247
58.9001 2.0127 0.0973242
59.0001 2.0127 0.0973655
59.1001 2.0127 0.0973634
59.2001 2.0127 0.097365
59.3001 2.0127 0.0973634
59.4001 2.0127 0.0973635
59.5001 2.0127 0.0973648
59.6001 2.0127 0.0973654
59.7001 2.0127 0.097363
59.8001 2.0127 0.0973251
59.9001 2.0127 0.097323
60.0001 2.0127 0.0973641
60.1001 2.0127 0.0973642
60.2001 2.0127 0.0973645
60.3001 2.0127 0.0973651
60.4001 2.0127 0.0973648
60.5002 2.0127 0.0973654
60.6001 2.0127 0.0973643
60.7001 2.0127 0.0973653
60.8001 2.0127 0.0973254
60.9001 2.0127 0.0973656
61.0001 2.0127 0.0973658
61.1002 2.0127 0.0973657
61.2001 2.0127 0.0973646
61.3001 2.0127 0.0973647
61.4001 2.0127 0.0973255
61.5001 2.0127 0.0973656
61.6001 2.0127 0.0973655
61.7001 2.0127 0.0973645
61.8001 2.0127 0.0973653
61.9002 2.0127 0.0973653
62.0001 2.0127 0.0973249
62.1001 2.0127 0.0973243
62.2001 2.0127 0.0973243
62.3001 2.0127 0.0973642
62.4001 2.0127 0.0973642
62.5002 2.0127 0.0973651
62.6001 2.0127 0.0973595
62.7001 2.0127 0.0973261
62.8001 2.0127 0.0973263
62.9001 2.0127 0.0973254
63.0001 2.0127 0.0973663
63.1001 2.0127 0.0973636
63.2001 2.0127 0.0973648
63.3002 2.0127 0.0973645
63.4001 2.0127 0.0973596
63.5001 2.0127 0.0973139
63.6001 2.0127 0.0973624
63.7001 2.02247 0.0973578
63.8001 2.0127 0.0973622
63.9001 2.0127 0.0973612
64.0002 2.0127 0.0973394
64.1002 2.0127 0.0973569
64.2001 2.0127 0.0973621
64.3001 2.0127 0.097359
64.4001 2.0127 0.0973569
64.5001 2.0127 0.09736
64.6001 2.0127 0.0973142
64.7001 2.0127 0.0973197
64.8001 2.0127 0.0973621
64.9001 2.0127 0.0973629
65.0001 2.0127 0.0973627
65.1001 2.0127 0.097363
65.2001 2.0127 0.0973651
65.3001 2.0127 0.0973608
65.4001 2.0127 0.0973647
65.5002 2.0127 0.097365
65.6001 2.0127 0.0973635
65.7001 2.0127 0.0973254
65.8001 2.0127 0.0973652
65.9001 2.0127 0.0973642
66.0001 2.0127 0.0973654
66.1002 2.0127 0.0973627
66.2001 2.0127 0.0973642
66.3001 2.0127 0.0973625
66.4001 2.0127 0.0973253
66.5001 2.0127 0.0973149
66.6001 2.0127 0.0973611
66.7001 2.0127 0.0973605
66.8001 2.0127 0.0973647
66.9001 2.0127 0.0973454
67.0001 2.0127 0.097362
67.1002 2.0127 0.097363
67.2001 2.0127 0.0973633
67.3001 2.0127 0.0973631
67.4001 2.0127 0.0973248
67.5001 2.0127 0.0973665
67.6001 2.0127 0.0973642
67.7001 2.0127 0.0973618
67.8001 2.0127 0.0973649
67.9001 2.0127 0.0973485
68.0001 2.0127 0.0973633
68.1001 2.0127 0.0973592
68.2001 2.0127 0.0973225
68.3001 2.0127 0.0973664
68.4001 2.0127 0.0973641
68.5002 2.0127 0.0973639
68.6001 2.0127 0.0973655
68.7001 2.0127 0.0973264
68.8001 2.0127 0.0973259
68.9001 2.0127 0.0973653
69.0001 2.0127 0.0973657
69.1001 2.0127 0.0973643
69.2001 2.0127 0.0973654
69.3001 2.0127 0.097365
69.4001 2.0127 0.0973639
69.5002 2.0127 0.0973655
69.6001 2.0127 0.0973247
69.7001 2.0127 0.097322
69.8001 2.0127 0.0973034
69.9001 2.0127 0.0973625
70.0001 2.0127 0.0973583
70.1001 2.0127 0.09736
70.2001 2.0127 0.0973544
70.3001 2.0127 0.0973507
70.4002 2.0127 0.0973612
70.5002 2.0127 0.0973601
70.6001 2.0127 0.0973551
70.7001 2.0127 0.0973137
70.8001 2.0127 0.0973623
70.9001 2.0127 0.0973584
71.0002 2.0127 0.0973608
71.1002 2.0127 0.0973582
71.2001 2.0127 0.097315
71.3001 2.0127 0.0973649
71.4002 2.0127 0.0973614
71.5002 2.0127 0.0973623
71.6001 2.0127 0.0973634
71.7001 2.0127 0.0973237
71.8001 2.0127 0.0973213
71.9001 2.0127 0.0973651
72.0001 2.0127 0.0973657
72.1002 2.0127 0.097363
72.2001 2.0127 0.0973647
72.3001 2.0127 0.0973236
72.4001 2.0127 0.0973658
72.5001 2.0127 0.0973642
72.6001 2.0127 0.0973633
72.7002 2.0127 0.0973654
72.8001 2.0127 0.097324
72.9001 2.0127 0.0973258
73.0001 2.0127 0.0973649
73.1001 2.0127 0.0973657
73.2001 2.0127 0.0973654
73.3001 2.0127 0.0973641
73.4001 2.0127 0.0973662
73.5002 2.0127 0.0973649
73.6001 2.0127 0.0973654
73.7001 2.0127 0.0973258
73.8001 2.0127 0.0973246
73.9001 2.0127 0.0973646
74.0001 2.0127 0.0973658
74.1002 2.0127 0.097364
74.2001 2.0127 0.097323
74.3001 2.0127 0.0973667
74.4001 2.0127 0.0973651
74.5002 2.0127 0.0973644
74.6001 2.0127 0.097364
74.7001 2.0127 0.0973372
74.8001 2.0127 0.0973139
74.9001 2.0127 0.0973157
75.0001 2.0127 0.0972915
75.1001 2.0127 0.0973588
75.2002 2.0127 0.0963561
75.3002 2.0127 0.0973584
75.4001 2.0127 0.0973546
75.5001 2.0127 0.0973126
75.6001 2.0127 0.0973082
75.7001 2.0127 0.0973604
75.8001 2.0127 0.0973593
75.9001 2.0127 0.0973587
76.0002 2.0127 0.096359
76.1002 2.0127 0.0973606
76.2001 2.0127 0.097364
76.3001 2.0127 0.097358
76.4001 2.0127 0.0973225
76.5001 2.0127 0.0972538
76.6001 2.0127 0.0973578
76.7001 2.0127 0.0973612
76.8001 2.0127 0.097361
76.9002 2.0127 0.0973607
77.0001 2.0127 0.0973599
77.1001 2.0127 0.0973216
77.2001 2.0127 0.0973225
77.3001 2.0127 0.0973222
77.4001 2.0127 0.0973223
77.5001 2.0127 0.0973606
77.6001 2.0127 0.0973669
77.7002 2.0127 0.0973603
77.8001 2.0127 0.0973613
77.9001 2.0127 0.0973237
78.0001 2.0127 0.0973209
78.1001 2.0127 0.0973607
78.2001 2.0127 0.0973514
78.3001 2.0127 0.0973567
78.4001 2.0127 0.0973583
78.5002 2.0127 0.0973616
78.6001 2.0127 0.0973596
78.7001 2.0127 0.0973612
78.8001 2.0127 0.0973603
78.9001 2.0127 0.0973224
79.0001 2.0127 0.0973232
79.1001 2.0127 0.097361
79.2001 2.0127 0.097362
79.3001 2.0127 0.0973625
79.4001 2.0127 0.0973619
79.5002 2.0127 0.0973623
79.6001 2.0127 0.0973588
79.7001 2.0127 0.0973233
79.8001 2.0127 0.0973229
79.9001 2.0127 0.0973617
80.0001 2.0127 0.0973607
80.1002 2.0127 0.097362
80.2001 2.0127 0.0973597
80.3001 2.0127 0.0973198
80.4001 2.0127 0.097328
80.5001 2.0127 0.0973611
80.6001 2.0127 0.0973616
80.7001 2.0127 0.097361
80.8001 2.0127 0.09736
80.9002 2.0127 0.0973617
81.0001 2.0127 0.0973536
81.1001 2.0127 0.0973178
81.2001 2.0127 0.0973212
81.3001 2.0127 0.0973615
81.4001 2.0127 0.0973623
81.5001 2.0127 0.0973614
81.6002 2.0127 0.0973622
81.7002 2.0127 0.0973614
81.8001 2.0127 0.0973606
81.9001 2.0127 0.0973228
82.0001 2.0127 0.0973239
82.1001 2.0127 0.0973619
82.2001 2.0127 0.0973617
82.3001 2.0127 0.0973598
82.4001 2.0127 0.0973602
82.5002 2.0127 0.0973607
82.6001 2.0127 0.0973591
82.7001 2.0127 0.0973228
82.8001 2.0127 0.0973237
82.9001 2.0127 0.0973626
83.0001 2.0127 0.0973622
83.1002 2.0127 0.0973614
83.2001 2.0127 0.0973601
83.3001 2.0127 0.0973224
83.4001 2.0127 0.0973239
83.5001 2.0127 0.0973614
83.6001 2.0127 0.0973622
83.7001 2.0127 0.0973627
83.8001 2.0127 0.0973623
83.9002 2.0127 0.0973622
84.0001 2.0127 0.097361
84.1001 2.0127 0.0973239
84.2001 2.0127 0.0973228
84.3001 2.0127 0.0973005
84.4001 2.0127 0.0973123
84.5001 2.0127 0.0973599
84.6001 2.0127 0.0973614
84.7001 2.0127 0.0973614
84.8001 2.0127 0.097362
84.9001 2.0127 0.0973595
85.0002 2.0127 0.0973597
85.1002 2.0127 0.0973621
85.2001 2.0127 0.097361
85.3001 2.0127 0.097361
85.4001 2.0127 0.0973239
85.5001 2.0127 0.0973622
85.6001 2.0127 0.0973607
85.7002 2.0127 0.0973618
85.8001 2.0127 0.0973211
85.9001 2.0127 0.097361
86.0001 2.0127 0.0973617
86.1001 2.0127 0.0973216
86.2002 2.0127 0.0973601
86.3002 2.0127 0.0973603
86.4001 2.0127 0.0973602
86.5001 2.0127 0.0973206
86.6001 2.0127 0.0973215
86.7001 2.0127 0.0973586
86.8001 2.0127 0.0973615
86.9002 2.0127 0.0973624
87.0001 2.0127 0.0973597
87.1001 2.0127 0.0973528
87.2001 2.0127 0.0973033
87.3001 2.0127 0.0973549
87.4001 2.0127 0.0973491
87.5002 2.0127 0.0973526
87.6001 2.0127 0.0973194
87.7001 2.0127 0.0973104
87.8001 2.0127 0.0973105
87.9001 2.0127 0.097357
88.0001 2.0127 0.0973618
88.1002 2.0127 0.0973584
88.2001 2.0127 0.0973539
88.3001 2.0127 0.0973184
88.4001 2.0127 0.0973202
88.5001 2.0127 0.0973609
88.6001 2.0127 0.0973614
88.7001 2.0127 0.0973608
88.8001 2.0127 0.0973601
88.9001 2.0127 0.0973615
89.0001 2.0127 0.0973612
89.1001 2.0127 0.0973613
89.2001 2.0127 0.0973614
89.3001 2.0127 0.0973231
89.4001 2.0127 0.0973198
89.5001 2.0127 0.097362
89.6001 2.0127 0.0973614
89.7002 2.0127 0.0973623
89.8001 2.0127 0.0973228
89.9001 2.0127 0.097362
90.0001 2.0127 0.097362
90.1001 2.0127 0.0973624
90.2001 2.0127 0.0973622
90.3001 2.0127 0.0973619
90.4001 2.0127 0.0973623
90.5002 2.0127 0.0973621
90.6001 2.0127 0.097323
90.7001 2.0127 0.0973612
90.8001 2.0127 0.0973669
90.9002 2.0127 0.0973603
91.0001 2.0127 0.0973619
91.1001 2.0127 0.0973234
91.2001 2.0127 0.0973223
91.3001 2.0127 0.0973617
91.4001 2.0127 0.0973618
91.5001 2.0127 0.0973624
91.6001 2.0127 0.0973614
91.7001 2.0127 0.0973624
91.8001 2.0127 0.0973616
91.9002 2.0127 0.0973606
92.0001 2.0127 0.0973613
92.1001 2.0127 0.0973576
92.2001 2.0127 0.0973199
92.3001 2.0127 0.0973612
92.4001 2.0127 0.0973599
92.5002 2.0127 0.0973599
92.6001 2.0127 0.0973214
92.7001 2.0127 0.0973607
92.8001 2.0127 0.0973598
92.9001 2.0127 0.0973614
93.0001 2.0127 0.0973612
93.1002 2.0127 0.0973595
93.2001 2.0127 0.0973607
93.3001 2.0127 0.0973238
93.4001 2.0127 0.0973225
93.5001 2.0127 0.0973618
93.6001 2.0127 0.0973608
93.7001 2.0127 0.0973623
93.8001 2.0127 0.0973608
93.9001 2.0127 0.0973619
94.0001 2.0127 0.0973611
94.1001 2.0127 0.0973604
94.2001 2.0127 0.0973234
94.3001 2.0127 0.0973201
94.4001 2.0127 0.0973199
94.5001 2.0127 0.0973624
94.6001 2.0127 0.097361
94.7001 2.0127 0.0973617
94.8001 2.0127 0.0973602
94.9002 2.0127 0.0973609
95.0001 2.0127 0.0973214
95.1001 2.0127 0.0973609
95.2001 2.0127 0.0973622
95.3001 2.0127 0.0973269
95.4001 2.0127 0.0973608
95.5002 2.0127 0.0973605
95.6001 2.0127 0.0973222
95.7001 2.0127 0.0973622
95.8001 2.0127 0.0973611
95.9002 2.0127 0.0973608
96.0001 2.0127 0.0973594
96.1001 2.0127 0.0973226
96.2001 2.0127 0.0973191
96.3001 2.0127 0.0973621
96.4001 2.0127 0.0973623
96.5001 2.0127 0.0973621
96.6001 2.0127 0.0973615
96.7002 2.0127 0.0973558
96.8001 2.0127 0.0973527
96.9001 2.0127 0.0973173
97.0001 2.0127 0.0973142
97.1001 2.0127 0.097359
97.2001 2.0127 0.0973617
97.3001 2.0127 0.0973618
97.4001 2.0127 0.0973609
97.5001 2.0127 0.0973598
97.6001 2.0127 0.0973667
97.7002 2.0127 0.0973622
97.8001 2.0127 0.0973597
97.9001 2.0127 0.097322
98.0001 2.0127 0.097322
98.1001 2.0127 0.0973618
98.2001 2.0127 0.0973618
98.3001 2.0127 0.0973622
98.4001 2.0127 0.0973612
98.5002 2.0127 0.0973615
98.6001 2.0127 0.097361
98.7001 2.0127 0.0973605
98.8001 2.0127 0.097322
98.9001 2.0127 0.0973618
99.0001 2.0127 0.0973599
99.1002 2.0127 0.0973597
99.2001 2.0127 0.0973589
99.3001 2.0127 0.0973223
99.4001 2.0127 0.0973222
99.5001 2.0127 0.0973625
99.6001 2.0127 0.0973619
99.7002 2.0127 0.0973622
99.8001 2.0127 0.0973592
99.9001 2.0127 0.0973229
100 2.0127 0.0973226
100.1 2.0127 0.0973629
100.2 2.0127 0.0973588
100.3 2.0127 0.0973613
100.4 2.0127 0.0973254
100.5 2.0127 0.0973613
100.6 2.0127 0.0973607
100.7 2.0127 0.097322
100.8 2.0127 0.0973226
100.9 2.0127 0.0973619
101 2.0127 0.0973619
101.1 2.0127 0.0973605
101.2 2.0127 0.0973651
101.3 2.0127 0.0973105
101.4 2.0127 0.0973095
101.5 2.0127 0.0973598
101.6 2.0127 0.097358
101.7 2.0127 0.0973679
101.8 2.0127 0.0973588
101.9 2.0127 0.0973611
102 2.0127 0.0973613
102.1 2.0127 0.0973224
102.2 2.0127 0.0973232
102.3 2.0127 0.0973605
