3.907e-06 2.02247 -0.00129396
0.00230328 2.0127 -0.0032637
0.00526734 2.0127 -0.00425839
0.00726167 2.0127 -0.00525375
0.00925698 2.0127 -0.00625208
0.0112553 2.0127 -0.00726031
0.0132635 2.0127 -0.00825484
0.015258 2.0127 -0.00926453
0.017268 2.0127 -0.0102563
0.0192594 2.0127 -0.0112529
0.0212563 2.0127 -0.0122528
0.0232559 2.0127 -0.0132532
0.0252564 2.0127 -0.0142585
0.0272616 2.0127 -0.0152533
0.0292567 2.0127 -0.0162532
0.0312564 2.0127 -0.0172543
0.0332574 2.0127 -0.0182604
0.0352645 2.0127 -0.019256
0.0372594 2.0127 -0.0202543
0.0392576 2.0127 -0.0212539
0.041257 2.0127 -0.0222528
0.043256 2.0127 -0.0232538
0.045257 2.0127 -0.0242548
0.047258 2.0127 -0.0252535
0.0492567 2.0127 -0.0262536
0.0512568 2.0127 -0.0272549
0.0532581 2.0127 -0.0282532
0.0552564 2.0127 -0.0292544
0.0572575 2.0127 -0.0302559
0.0592592 2.0127 -0.0312545
0.0612577 2.0127 -0.0322523
0.0632555 2.0127 -0.0332556
0.0652588 2.0127 -0.0342547
0.0672579 2.0127 -0.0352533
0.0692565 2.0127 -0.036253
0.0712562 2.0127 -0.037254
0.0732572 2.0127 -0.038252
0.0752552 2.0127 -0.0392538
0.077257 2.0127 -0.0402531
0.0792563 2.0127 -0.0412544
0.0812575 2.0127 -0.0422555
0.0832589 2.0127 -0.0432528
0.0852562 2.0127 -0.0442556
0.0872587 2.0127 -0.0452542
0.0892573 2.0127 -0.0462523
0.0912554 2.0127 -0.0472524
0.0932556 2.0127 -0.0482519
0.0952551 2.0127 -0.0492552
0.0972583 2.0127 -0.0502529
0.099256 2.0127 -0.051497
0.101502 2.0127 -0.0532373
0.104241 2.0127 -0.0542364
0.106239 2.0127 -0.0552366
0.108239 2.0127 -0.0562349
0.110238 2.0127 -0.0572347
0.112237 2.0127 -0.0582352
0.114238 2.0127 -0.0592348
0.116237 2.0127 -0.0602414
0.118244 2.0127 -0.0612347
0.120237 2.0127 -0.0622357
0.122238 2.0127 -0.0632347
0.124238 2.0127 -0.0642351
0.126238 2.0127 -0.0652512
0.128254 2.0127 -0.0662356
0.130238 2.0127 -0.0672349
0.132238 2.0127 -0.0682352
0.134238 2.0127 -0.0692348
0.136238 2.0127 -0.0702431
0.138246 2.0127 -0.0712365
0.140239 2.0127 -0.072237
0.14224 2.0127 -0.0732366
0.144239 2.0127 -0.0742352
0.146238 2.0127 -0.0752369
0.14824 2.0127 -0.0762365
0.150239 2.0127 -0.0772374
0.152241 2.0127 -0.0782356
0.154239 2.0127 -0.0792353
0.156238 2.0127 -0.0802358
0.158238 2.0127 -0.0812357
0.160238 2.0127 -0.0822357
0.162238 2.0127 -0.0832348
0.164238 2.0127 -0.0842346
0.166237 2.0127 -0.0852368
0.16824 2.0127 -0.0862365
0.170239 2.0127 -0.0872346
0.172237 2.0127 -0.0882491
0.174252 2.0127 -0.0892352
0.176238 2.0127 -0.0902358
0.178239 2.0127 -0.0912349
0.180238 2.0127 -0.0922343
0.182237 2.0127 -0.0932354
0.184238 2.0127 -0.0942356
0.186238 2.0127 -0.0952362
0.188239 2.0127 -0.0962353
0.190238 2.0127 -0.0972345
0.192237 2.0127 -0.0982352
0.194238 2.0127 -0.0992343
0.196237 2.0127 -0.10024
0.198242 2.0127 -0.101236
0.200239 2.0127 -0.102401
0.202405 2.0127 -0.104257
0.20526 2.0127 -0.105256
0.207259 2.0127 -0.106254
0.209257 2.0127 -0.107256
0.211259 2.0127 -0.108253
0.213256 2.0127 -0.109254
0.215257 2.0127 -0.110253
0.217256 2.0127 -0.111253
0.219256 2.0127 -0.112255
0.221258 2.0127 -0.113252
0.223255 2.0127 -0.114252
0.225255 2.0127 -0.115257
0.22726 2.0127 -0.116253
0.229256 2.0127 -0.117255
0.231258 2.0127 -0.118253
0.233256 2.02247 -0.119253
0.235256 2.0127 -0.120256
0.237259 2.0127 -0.121254
0.239257 2.0127 -0.122252
0.241256 2.0127 -0.123254
0.243257 2.0127 -0.124253
0.245256 2.0127 -0.125256
0.247259 2.0127 -0.126253
0.249256 2.0127 -0.127253
0.251256 2.02247 -0.128253
0.253256 2.0127 -0.129253
0.255256 2.0127 -0.130255
0.257258 2.0127 -0.131252
0.259255 2.0127 -0.132252
0.261256 2.0127 -0.133252
0.263255 2.0127 -0.134252
0.265255 2.0127 -0.135261
0.267264 2.0127 -0.136255
0.269258 2.0127 -0.137252
0.271256 2.0127 -0.138252
0.273255 2.0127 -0.139254
0.275257 2.0127 -0.140255
0.277258 2.0127 -0.141253
0.279256 2.0127 -0.142252
0.281255 2.0127 -0.143252
0.283255 2.0127 -0.144253
0.285256 2.0127 -0.145254
0.287257 2.0127 -0.146252
0.289255 2.0127 -0.147253
0.291256 2.0127 -0.148253
0.293256 2.0127 -0.149252
0.295255 2.0127 -0.150255
0.297259 2.0127 -0.151253
0.299256 2.0127 -0.152253
0.301256 2.0127 -0.153299
0.303302 2.0127 -0.155253
0.306257 2.0127 -0.156253
0.308256 2.0127 -0.157253
0.310256 2.0127 -0.158254
0.312257 2.0127 -0.159271
0.314274 2.0127 -0.160253
0.316256 2.0127 -0.161254
0.318257 2.0127 -0.162253
0.320256 2.0127 -0.163252
0.322255 2.0127 -0.164252
0.324255 2.0127 -0.165252
0.326256 2.0127 -0.166254
0.328257 2.0127 -0.167253
0.330256 2.0127 -0.168253
0.332256 2.0127 -0.169253
0.334256 2.0127 -0.170252
0.336256 2.0127 -0.171256
0.338259 2.0127 -0.172254
0.340257 2.0127 -0.173253
0.342256 2.0127 -0.174252
0.344255 2.0127 -0.175252
0.346255 2.0127 -0.176254
0.348257 2.0127 -0.177255
0.350258 2.0127 -0.178252
0.352255 2.0127 -0.179253
0.354256 2.0127 -0.180253
0.356257 2.0127 -0.181257
0.35826 2.0127 -0.182253
0.360257 2.0127 -0.183253
0.362256 2.0127 -0.184253
0.364256 2.0127 -0.185253
0.366256 2.0127 -0.186254
0.368257 2.0127 -0.187253
0.370256 2.0127 -0.188252
0.372256 2.0127 -0.189253
0.374256 2.0127 -0.190252
0.376255 2.0127 -0.191253
0.378257 2.0127 -0.192252
0.380257 2.0127 -0.193252
0.382256 2.0127 -0.19426
0.384263 2.0127 -0.195253
0.386256 2.0127 -0.196254
0.388257 2.0127 -0.197252
0.390255 2.0127 -0.198252
0.392255 2.0127 -0.199253
0.394256 2.0127 -0.200253
0.396256 2.0127 -0.201253
0.398256 2.0127 -0.202251
0.400255 2.0127 -0.203252
0.402255 2.0127 -0.204298
0.404301 2.0127 -0.206256
0.407259 2.0127 -0.207255
0.409258 2.0127 -0.208253
0.411256 2.0127 -0.209254
0.413257 2.0127 -0.210252
0.415256 2.0127 -0.211253
0.417257 2.0127 -0.212252
0.419255 2.0127 -0.213254
0.421257 2.0127 -0.214252
0.423255 2.0127 -0.215252
0.425255 2.0127 -0.216254
0.427257 2.0127 -0.217253
0.429257 2.0127 -0.218268
0.431271 2.0127 -0.219254
0.433257 2.0127 -0.220254
0.435257 2.0127 -0.221255
0.437258 2.0127 -0.222252
0.439255 2.0127 -0.223253
0.441256 2.0127 -0.224252
0.443255 2.0127 -0.225252
0.445255 2.0127 -0.226254
0.447257 2.0127 -0.227252
0.449256 2.0127 -0.228252
0.451256 2.0127 -0.229253
0.453256 2.0127 -0.230255
0.455258 2.0127 -0.231254
0.457257 2.0127 -0.232253
0.459256 2.0127 -0.233252
0.461256 2.0127 -0.234252
0.463255 2.0127 -0.235253
0.465256 2.0127 -0.236254
0.467257 2.0127 -0.237255
0.469258 2.0127 -0.238252
0.471255 2.0127 -0.239252
0.473255 2.0127 -0.240252
0.475256 2.0127 -0.241255
0.477258 2.0127 -0.242253
0.479257 2.0127 -0.243254
0.481257 2.0127 -0.244252
0.483255 2.0127 -0.245252
0.485256 2.0127 -0.246254
0.487257 2.0127 -0.247253
0.489257 2.0127 -0.248251
0.491255 2.0127 -0.249252
0.493256 2.0127 -0.250252
0.495255 2.0127 -0.251254
0.497257 2.0127 -0.252252
0.499255 2.0127 -0.253257
0.50126 2.0127 -0.254253
0.503256 2.0127 -0.255298
0.505301 2.0127 -0.257256
0.508259 2.0127 -0.258253
0.510256 2.0127 -0.259252
0.512255 2.0127 -0.260253
0.514256 2.0127 -0.261253
0.516256 2.0127 -0.262253
0.518256 2.0127 -0.263252
0.520255 2.0127 -0.264253
0.522257 2.0127 -0.265252
0.524255 2.0127 -0.266253
0.526256 2.0127 -0.267252
0.528255 2.0127 -0.268253
0.530256 2.0127 -0.269253
0.532256 2.0127 -0.270252
0.534256 2.0127 -0.271253
0.536256 2.0127 -0.272254
0.538257 2.0127 -0.273253
0.540256 2.0127 -0.274252
0.542255 2.0127 -0.275252
0.544255 2.0127 -0.276252
0.546256 2.0127 -0.27726
0.548264 2.0127 -0.278253
0.550256 2.0127 -0.279252
0.552255 2.0127 -0.280253
0.554256 2.0127 -0.281253
0.556256 2.0127 -0.282254
0.558257 2.0127 -0.283252
0.560255 2.0127 -0.284252
0.562255 2.0127 -0.285253
0.564256 2.0127 -0.286252
0.566255 2.02247 -0.287253
0.568256 2.0127 -0.288253
0.570256 2.0127 -0.289254
0.572257 2.0127 -0.290252
0.574255 2.0127 -0.291252
0.576255 2.0127 -0.292253
0.578256 2.0127 -0.293252
0.580256 2.0127 -0.294253
0.582256 2.0127 -0.295252
0.584255 2.0127 -0.296252
0.586255 2.0127 -0.297252
0.588255 2.02247 -0.298252
0.590255 2.0127 -0.299252
0.592255 2.0127 -0.300251
0.594255 2.0127 -0.301254
0.596257 2.0127 -0.302253
0.598256 2.0127 -0.303253
0.600256 2.0127 -0.304252
0.602255 2.0127 -0.305253
0.604256 2.0127 -0.306296
0.606299 2.0127 -0.308254
0.609257 2.0127 -0.309254
0.611257 2.0127 -0.310253
0.613256 2.0127 -0.311253
0.615256 2.0127 -0.312256
0.617259 2.0127 -0.313255
0.619259 2.0127 -0.314253
0.621256 2.0127 -0.315252
0.623255 2.0127 -0.316253
0.625256 2.0127 -0.317254
0.627257 2.0127 -0.318252
0.629255 2.0127 -0.319252
0.631255 2.0127 -0.320252
0.633255 2.0127 -0.321252
0.635255 2.0127 -0.322254
0.637257 2.0127 -0.323252
0.639255 2.0127 -0.324252
0.641255 2.0127 -0.325256
0.643259 2.0127 -0.326252
0.645255 2.0127 -0.327255
0.647258 2.0127 -0.328253
0.649256 2.0127 -0.329254
0.651257 2.0127 -0.330253
0.653256 2.0127 -0.331253
0.655256 2.0127 -0.332253
0.657256 2.0127 -0.333253
0.659256 2.0127 -0.334252
0.661256 2.0127 -0.335253
0.663256 2.0127 -0.336253
0.665256 2.0127 -0.337256
0.667259 2.0127 -0.338254
0.669257 2.0127 -0.339252
0.671255 2.0127 -0.340252
0.673255 2.0127 -0.341253
0.675256 2.0127 -0.342286
0.677289 2.0127 -0.343255
0.679258 2.0127 -0.344254
0.681257 2.0127 -0.345254
0.683257 2.0127 -0.346257
0.68526 2.0127 -0.347256
0.687259 2.0127 -0.348252
0.689255 2.0127 -0.349252
0.691256 2.0127 -0.350252
0.693255 2.0127 -0.351253
0.695256 2.0127 -0.352255
0.697258 2.0127 -0.353253
0.699256 2.0127 -0.354252
0.701255 2.0127 -0.355252
0.703256 2.0127 -0.356253
0.705256 2.0127 -0.357298
0.707301 2.0127 -0.359254
0.710257 2.0127 -0.360253
0.712256 2.0127 -0.361253
0.714256 2.0127 -0.362252
0.716255 2.0127 -0.363253
0.718256 2.0127 -0.364252
0.720255 2.0127 -0.365252
0.722256 2.0127 -0.366252
0.724256 2.0127 -0.367252
0.726256 2.0127 -0.368252
0.728256 2.0127 -0.369252
0.730255 2.0127 -0.370259
0.732263 2.0127 -0.371254
0.734257 2.0127 -0.372252
0.736255 2.0127 -0.373253
0.738256 2.0127 -0.374253
0.740256 2.0127 -0.375252
0.742255 2.0127 -0.376252
0.744255 2.0127 -0.377252
0.746255 2.0127 -0.378253
0.748256 2.0127 -0.379253
0.750257 2.0127 -0.380252
0.752256 2.0127 -0.381253
0.754256 2.0127 -0.382255
0.756258 2.0127 -0.383254
0.758257 2.0127 -0.384252
0.760256 2.0127 -0.385252
0.762256 2.0127 -0.386252
0.764255 2.0127 -0.387253
0.766256 2.0127 -0.388253
0.768256 2.0127 -0.389252
0.770255 2.0127 -0.390252
0.772255 2.0127 -0.391252
0.774255 2.0127 -0.392252
0.776255 2.0127 -0.393254
0.778257 2.0127 -0.394254
0.780257 2.0127 -0.395251
0.782255 2.0127 -0.396253
0.784256 2.0127 -0.397253
0.786256 2.0127 -0.398248
0.788251 2.0127 -0.399252
0.790255 2.0127 -0.400252
0.792255 2.0127 -0.401252
0.794255 2.0127 -0.402252
0.796255 2.0127 -0.403253
0.798257 2.0127 -0.404252
0.800255 2.0127 -0.40527
0.802273 2.0127 -0.406252
0.804255 2.0127 -0.407252
0.806255 2.0127 -0.408295
0.808298 2.0127 -0.410255
0.811258 2.0127 -0.411256
0.813259 2.0127 -0.412252
0.815255 2.0127 -0.413255
0.817258 2.0127 -0.414255
0.819258 2.0127 -0.415252
0.821255 2.0127 -0.416252
0.823255 2.0127 -0.417252
0.825255 2.0127 -0.418256
0.827259 2.0127 -0.419253
0.829256 2.0127 -0.420252
0.831256 2.0127 -0.421253
0.833256 2.0127 -0.422253
0.835256 2.0127 -0.423255
0.837258 2.0127 -0.424253
0.839256 2.0127 -0.425252
0.841255 2.0127 -0.426252
0.843255 2.0127 -0.427252
0.845255 2.0127 -0.428255
0.847258 2.0127 -0.429253
0.849257 2.0127 -0.430254
0.851257 2.0127 -0.431253
0.853256 2.0127 -0.432253
0.855256 2.0127 -0.433255
0.857258 2.0127 -0.434253
0.859256 2.0127 -0.435254
0.861257 2.0127 -0.436253
0.863256 2.0127 -0.437252
0.865255 2.0127 -0.438255
0.867258 2.0127 -0.439252
0.869255 2.0127 -0.440254
0.871257 2.0127 -0.441258
0.873262 2.0127 -0.442254
0.875257 2.0127 -0.443255
0.877258 2.0127 -0.444252
0.879256 2.0127 -0.445254
0.881257 2.0127 -0.446253
0.883256 2.0127 -0.447253
0.885256 2.0127 -0.448254
0.887258 2.0127 -0.449255
0.889258 2.02247 -0.450253
0.891256 2.0127 -0.451252
0.893255 2.0127 -0.452252
0.895255 2.0127 -0.453255
0.897258 2.0127 -0.454253
0.899256 2.0127 -0.455253
0.901256 2.0127 -0.456252
0.903255 2.0127 -0.457255
0.905258 2.0127 -0.458254
0.907257 2.0127 -0.459299
0.909302 2.0127 -0.461254
0.912258 2.0127 -0.462253
0.914256 2.0127 -0.463254
0.916257 2.0127 -0.464254
0.918257 2.0127 -0.465271
0.920274 2.0127 -0.466254
0.922257 2.0127 -0.467252
0.924256 2.0127 -0.468253
0.926256 2.0127 -0.469253
0.928257 2.0127 -0.470252
0.930255 2.0127 -0.471253
0.932256 2.0127 -0.472252
0.934255 2.0127 -0.473252
0.936255 2.0127 -0.474253
0.938256 2.0127 -0.475253
0.940256 2.0127 -0.476253
0.942256 2.0127 -0.477255
0.944258 2.0127 -0.478253
0.946256 2.0127 -0.479254
0.948257 2.0127 -0.480253
0.950256 2.0127 -0.481252
0.952255 2.0127 -0.482252
0.954256 2.0127 -0.483252
0.956255 2.0127 -0.484253
0.958256 2.0127 -0.485251
0.960254 2.02247 -0.486253
0.962256 2.0127 -0.487252
0.964255 2.0127 -0.488252
0.966256 2.0127 -0.489254
0.968257 2.0127 -0.490253
0.970256 2.0127 -0.491252
0.972256 2.0127 -0.492252
0.974255 2.0127 -0.493252
0.976255 2.0127 -0.494253
0.978257 2.0127 -0.495253
0.980256 2.0127 -0.496252
0.982255 2.0127 -0.497252
0.984255 2.0127 -0.498253
0.986257 2.0127 -0.499254
0.988258 2.0127 -0.500257
0.99026 2.0127 -0.501253
0.992256 2.0127 -0.502253
0.994256 2.0127 -0.503253
0.996256 2.0127 -0.504253
0.998256 2.0127 -0.505253
1.00026 2.0127 -0.506253
1.00226 2.0127 -0.507253
1.00426 2.0127 -0.508253
1.00626 2.0127 -0.509253
1.00826 2.0127 -0.510296
1.0103 2.0127 -0.512257
1.01326 2.0127 -0.513255
1.01526 2.0127 -0.514255
1.01726 2.0127 -0.515253
1.01926 2.0127 -0.516252
1.02126 2.0127 -0.517254
1.02326 2.0127 -0.518252
1.02526 2.0127 -0.519255
1.02726 2.0127 -0.520255
1.02926 2.0127 -0.521254
1.03126 2.0127 -0.522253
1.03326 2.0127 -0.523252
1.03526 2.0127 -0.524255
1.03726 2.0127 -0.525255
1.03926 2.0127 -0.526253
1.04126 2.0127 -0.527255
1.04326 2.0127 -0.528253
1.04526 2.0127 -0.529256
1.04726 2.0127 -0.530254
1.04926 2.0127 -0.531254
1.05126 2.0127 -0.532253
1.05326 2.0127 -0.533254
1.05526 2.0127 -0.534254
1.05726 2.0127 -0.535253
1.05926 2.0127 -0.536255
1.06126 2.0127 -0.537253
1.06326 2.0127 -0.538253
1.06526 2.0127 -0.539256
1.06726 2.0127 -0.540253
1.06926 2.0127 -0.541255
1.07126 2.0127 -0.542253
1.07326 2.0127 -0.543253
1.07526 2.0127 -0.544264
1.07727 2.0127 -0.545255
1.07926 2.0127 -0.546252
1.08126 2.0127 -0.547259
1.08326 2.0127 -0.548254
1.08526 2.0127 -0.549254
1.08726 2.0127 -0.550254
1.08926 2.0127 -0.551253
1.09126 2.0127 -0.552254
1.09326 2.0127 -0.553253
1.09526 2.0127 -0.554256
1.09726 2.0127 -0.555254
1.09926 2.0127 -0.556253
1.10126 2.0127 -0.557253
1.10326 2.0127 -0.558253
1.10526 2.0127 -0.559256
1.10726 2.0127 -0.560253
1.10926 2.0127 -0.561297
1.1113 2.0127 -0.563253
1.11426 2.0127 -0.564253
1.11626 2.0127 -0.565253
1.11826 2.0127 -0.566255
1.12026 2.0127 -0.567253
1.12226 2.0127 -0.568253
1.12426 2.0127 -0.569253
1.12626 2.0127 -0.570253
1.12826 2.0127 -0.571253
1.13026 2.0127 -0.572253
1.13226 2.0127 -0.573254
1.13426 2.0127 -0.574253
1.13626 2.0127 -0.575253
1.13826 2.0127 -0.576253
1.14026 2.0127 -0.577253
1.14226 2.0127 -0.578253
1.14426 2.0127 -0.579252
1.14626 2.0127 -0.580254
1.14826 2.0127 -0.581252
1.15026 2.0127 -0.582253
1.15226 2.0127 -0.583268
1.15427 2.0127 -0.584254
1.15626 2.0127 -0.585256
1.15826 2.0127 -0.586253
1.16026 2.0127 -0.587253
1.16226 2.0127 -0.588253
1.16426 2.0127 -0.589252
1.16626 2.0127 -0.590254
1.16826 2.0127 -0.591252
1.17025 2.0127 -0.592254
1.17226 2.0127 -0.593253
1.17426 2.0127 -0.594252
1.17626 2.0127 -0.595255
1.17826 2.0127 -0.596254
1.18026 2.0127 -0.597253
1.18226 2.0127 -0.598253
1.18426 2.0127 -0.599253
1.18626 2.0127 -0.600254
1.18826 2.0127 -0.601253
1.19026 2.0127 -0.602252
1.19226 2.0127 -0.603252
1.19426 2.0127 -0.604252
1.19626 2.0127 -0.605254
1.19826 2.0127 -0.606252
1.20026 2.0127 -0.607252
1.20226 2.0127 -0.608252
1.20426 2.0127 -0.609253
1.20626 2.0127 -0.610254
1.20826 2.0127 -0.611252
1.21026 2.0127 -0.612295
1.2123 2.0127 -0.614255
1.21526 2.0127 -0.615257
1.21726 2.0127 -0.616253
1.21926 2.0127 -0.617255
1.22126 2.0127 -0.618254
1.22326 2.0127 -0.619258
1.22526 2.0127 -0.620257
1.22726 2.0127 -0.621253
1.22926 2.0127 -0.622253
1.23126 2.0127 -0.623253
1.23326 2.0127 -0.624253
1.23526 2.0127 -0.625255
1.23726 2.0127 -0.626254
1.23926 2.0127 -0.627253
1.24126 2.0127 -0.628253
1.24326 2.0127 -0.629254
1.24526 2.0127 -0.630255
1.24726 2.0127 -0.631255
1.24926 2.0127 -0.632253
1.25126 2.0127 -0.633254
1.25326 2.0127 -0.634254
1.25526 2.0127 -0.635254
1.25726 2.0127 -0.636252
1.25926 2.0127 -0.637254
1.26126 2.0127 -0.638253
1.26326 2.0127 -0.639253
1.26526 2.0127 -0.640255
1.26726 2.0127 -0.641252
1.26925 2.0127 -0.642272
1.27127 2.0127 -0.643255
1.27326 2.0127 -0.644253
1.27526 2.0127 -0.645255
1.27726 2.0127 -0.646254
1.27926 2.0127 -0.647253
1.28126 2.0127 -0.648254
1.28326 2.0127 -0.649255
1.28526 2.0127 -0.650255
1.28726 2.0127 -0.651254
1.28926 2.0127 -0.652253
1.29126 2.0127 -0.653253
1.29326 2.0127 -0.654256
1.29526 2.0127 -0.655255
1.29726 2.0127 -0.656253
1.29926 2.0127 -0.657253
1.30126 2.0127 -0.658252
1.30326 2.0127 -0.659252
1.30526 2.0127 -0.660254
1.30726 2.0127 -0.661254
1.30926 2.0127 -0.662253
1.31126 2.0127 -0.663299
1.3133 2.0127 -0.665254
1.31626 2.0127 -0.666261
1.31826 2.0127 -0.667253
1.32026 2.0127 -0.668253
1.32226 2.0127 -0.669254
1.32426 2.0127 -0.670253
1.32626 2.0127 -0.671253
1.32826 2.0127 -0.672253
1.33026 2.0127 -0.673253
1.33226 2.0127 -0.674253
1.33426 2.0127 -0.675253
1.33626 2.0127 -0.676253
1.33826 2.0127 -0.677252
1.34026 2.0127 -0.678253
1.34226 2.0127 -0.679253
1.34426 2.0127 -0.680253
1.34626 2.0127 -0.681254
1.34826 2.0127 -0.682252
1.35026 2.0127 -0.683253
1.35226 2.0127 -0.684253
1.35426 2.0127 -0.685253
1.35626 2.0127 -0.686253
1.35826 2.0127 -0.687253
1.36026 2.02247 -0.688252
1.36226 2.0127 -0.68927
1.36427 2.0127 -0.690253
1.36626 2.0127 -0.691253
1.36826 2.0127 -0.692252
1.37026 2.0127 -0.693252
1.37226 2.0127 -0.694253
1.37426 2.0127 -0.695253
1.37626 2.0127 -0.696253
1.37826 2.0127 -0.697252
1.38026 2.0127 -0.698252
1.38226 2.0127 -0.699252
1.38426 2.0127 -0.700253
1.38626 2.0127 -0.701255
1.38826 2.0127 -0.702253
1.39026 2.0127 -0.703252
1.39226 2.0127 -0.704253
1.39426 2.0127 -0.705252
1.39626 2.0127 -0.706253
1.39826 2.0127 -0.707252
1.40026 2.0127 -0.708252
1.40226 2.0127 -0.709253
1.40426 2.0127 -0.710252
1.40626 2.0127 -0.711253
1.40826 2.0127 -0.712253
1.41026 2.0127 -0.713254
1.41226 2.0127 -0.714295
1.4143 2.0127 -0.716257
1.41726 2.0127 -0.717255
1.41926 2.0127 -0.718257
1.42126 2.0127 -0.719255
1.42326 2.0127 -0.720252
1.42526 2.0127 -0.721255
1.42726 2.0127 -0.722253
1.42926 2.0127 -0.723253
1.43126 2.0127 -0.724253
1.43326 2.0127 -0.725257
1.43526 2.0127 -0.726254
1.43726 2.0127 -0.727254
1.43926 2.0127 -0.728253
1.44126 2.0127 -0.729254
1.44326 2.0127 -0.730252
1.44526 2.0127 -0.731255
1.44726 2.0127 -0.732253
1.44926 2.0127 -0.733253
1.45126 2.0127 -0.734252
1.45326 2.0127 -0.735253
1.45526 2.0127 -0.736254
1.45726 2.0127 -0.737255
1.45926 2.0127 -0.738254
1.46126 2.0127 -0.739253
1.46326 2.0127 -0.740252
1.46526 2.0127 -0.741255
1.46726 2.0127 -0.742252
1.46926 2.0127 -0.743252
1.47126 2.0127 -0.744253
1.47326 2.0127 -0.745253
1.47526 2.0127 -0.746253
1.47726 2.0127 -0.747252
1.47926 2.0127 -0.748252
1.48125 2.0127 -0.749254
1.48326 2.0127 -0.750252
1.48526 2.0127 -0.751259
1.48726 2.0127 -0.752255
1.48926 2.0127 -0.753253
1.49126 2.0127 -0.754255
1.49326 2.0127 -0.755253
1.49526 2.0127 -0.756256
1.49726 2.0127 -0.757255
1.49926 2.0127 -0.758254
1.50126 2.0127 -0.759252
1.50326 2.0127 -0.760269
1.50527 2.0127 -0.761254
1.50726 2.0127 -0.762253
1.50926 2.0127 -0.763252
1.51126 2.0127 -0.764252
1.51326 2.0127 -0.765298
1.5153 2.0127 -0.767257
1.51826 2.0127 -0.768253
1.52026 2.0127 -0.769252
1.52226 2.0127 -0.770253
1.52426 2.0127 -0.771253
1.52626 2.0127 -0.772254
1.52826 2.0127 -0.773255
1.53026 2.0127 -0.774253
1.53226 2.0127 -0.775252
1.53426 2.0127 -0.776253
1.53626 2.0127 -0.777253
1.53826 2.0127 -0.778253
1.54026 2.0127 -0.779252
1.54225 2.0127 -0.780253
1.54426 2.0127 -0.781252
1.54626 2.0127 -0.782254
1.54826 2.0127 -0.783254
1.55026 2.0127 -0.784253
1.55226 2.0127 -0.785254
1.55426 2.0127 -0.786247
1.55625 2.0127 -0.787253
1.55826 2.0127 -0.788252
1.56026 2.0127 -0.789253
1.56226 2.0127 -0.790252
1.56426 2.0127 -0.791252
1.56626 2.0127 -0.792252
1.56826 2.0127 -0.793253
1.57026 2.0127 -0.794253
1.57226 2.0127 -0.795253
1.57426 2.0127 -0.79626
1.57626 2.0127 -0.797253
1.57826 2.02247 -0.798253
1.58026 2.0127 -0.799253
1.58226 2.0127 -0.800252
1.58425 2.0127 -0.801252
1.58625 2.0127 -0.802254
1.58826 2.0127 -0.803252
1.59025 2.0127 -0.804252
1.59226 2.0127 -0.805252
1.59425 2.0127 -0.806253
1.59626 2.0127 -0.807253
1.59826 2.0127 -0.808253
1.60026 2.0127 -0.809252
1.60226 2.0127 -0.810252
1.60426 2.0127 -0.811252
1.60626 2.0127 -0.812253
1.60826 2.02247 -0.813252
1.61025 2.0127 -0.814253
1.61226 2.0127 -0.815252
1.61426 2.0127 -0.8163
1.6163 2.0127 -0.818257
1.61926 2.0127 -0.819255
1.62126 2.0127 -0.82027
1.62327 2.0127 -0.821253
1.62526 2.0127 -0.822255
1.62726 2.0127 -0.823252
1.62926 2.0127 -0.824252
1.63126 2.0127 -0.825252
1.63325 2.0127 -0.826254
1.63526 2.0127 -0.827255
1.63726 2.0127 -0.828253
1.63926 2.0127 -0.829252
1.64126 2.0127 -0.830255
1.64326 2.0127 -0.831253
1.64526 2.0127 -0.832257
1.64726 2.0127 -0.833253
1.64926 2.0127 -0.834252
1.65126 2.0127 -0.835253
1.65326 2.0127 -0.836252
1.65526 2.02247 -0.837255
1.65726 2.0127 -0.838254
1.65926 2.0127 -0.839255
1.66126 2.0127 -0.840254
1.66326 2.0127 -0.841252
1.66526 2.0127 -0.842254
1.66726 2.0127 -0.843253
1.66926 2.02247 -0.844253
1.67126 2.0127 -0.845255
1.67326 2.0127 -0.846253
1.67526 2.0127 -0.847253
1.67726 2.0127 -0.848252
1.67926 2.0127 -0.849252
1.68126 2.0127 -0.850252
1.68326 2.0127 -0.851253
1.68526 2.0127 -0.852253
1.68726 2.0127 -0.853252
1.68926 2.0127 -0.854252
1.69126 2.0127 -0.855258
1.69326 2.0127 -0.856253
1.69526 2.0127 -0.857255
1.69726 2.0127 -0.858255
1.69926 2.0127 -0.859255
1.70126 2.0127 -0.860253
1.70326 2.0127 -0.861254
1.70526 2.0127 -0.862254
1.70726 2.0127 -0.863254
1.70926 2.0127 -0.864254
1.71126 2.0127 -0.865252
1.71326 2.0127 -0.866252
1.71526 2.0127 -0.8673
1.7173 2.0127 -0.869254
1.72026 2.0127 -0.870253
1.72226 2.0127 -0.871252
1.72426 2.0127 -0.872253
1.72626 2.0127 -0.873253
1.72826 2.0127 -0.874254
1.73026 2.0127 -0.875253
1.73226 2.0127 -0.876253
1.73426 2.0127 -0.877253
1.73626 2.0127 -0.878253
1.73826 2.0127 -0.879268
1.74027 2.0127 -0.880253
1.74226 2.0127 -0.881253
1.74426 2.0127 -0.882253
1.74626 2.0127 -0.883253
1.74826 2.0127 -0.884252
1.75026 2.0127 -0.885252
1.75225 2.0127 -0.886252
1.75426 2.0127 -0.887252
1.75626 2.0127 -0.888254
1.75826 2.0127 -0.889252
1.76026 2.0127 -0.890253
1.76226 2.0127 -0.891256
1.76426 2.0127 -0.892253
1.76626 2.0127 -0.893255
1.76826 2.0127 -0.894252
1.77025 2.0127 -0.895253
1.77226 2.0127 -0.896253
1.77426 2.0127 -0.897253
1.77626 2.0127 -0.898255
1.77826 2.0127 -0.899251
1.78025 2.0127 -0.900253
1.78226 2.0127 -0.901252
1.78426 2.0127 -0.902253
1.78626 2.0127 -0.903254
1.78826 2.0127 -0.904253
1.79026 2.0127 -0.905252
1.79225 2.0127 -0.906252
1.79426 2.0127 -0.907251
1.79625 2.02247 -0.908254
1.79826 2.0127 -0.909252
1.80026 2.0127 -0.910252
1.80226 2.0127 -0.911252
1.80426 2.0127 -0.912253
1.80626 2.0127 -0.913252
1.80826 2.0127 -0.914252
1.81026 2.0127 -0.915248
1.81225 2.0127 -0.916252
1.81426 2.0127 -0.917253
1.81626 2.0127 -0.918296
1.8183 2.0127 -0.920254
1.82126 2.0127 -0.921256
1.82326 2.0127 -0.922252
1.82526 2.0127 -0.923253
1.82726 2.0127 -0.924253
1.82926 2.0127 -0.925255
1.83126 2.0127 -0.926252
1.83326 2.0127 -0.927255
1.83526 2.0127 -0.928255
1.83726 2.0127 -0.929252
1.83926 2.0127 -0.930253
1.84126 2.0127 -0.931253
1.84326 2.0127 -0.932252
1.84526 2.0127 -0.933255
1.84726 2.0127 -0.934253
1.84926 2.0127 -0.935252
1.85126 2.0127 -0.936252
1.85326 2.0127 -0.937253
1.85526 2.0127 -0.938254
1.85726 2.0127 -0.939256
1.85926 2.0127 -0.940253
1.86126 2.0127 -0.941252
1.86326 2.0127 -0.942253
1.86526 2.0127 -0.943256
1.86726 2.0127 -0.944252
1.86926 2.0127 -0.945252
1.87126 2.0127 -0.946252
1.87326 2.0127 -0.947253
1.87526 2.0127 -0.948255
1.87726 2.0127 -0.949252
1.87926 2.0127 -0.950252
1.88126 2.0127 -0.951253
1.88326 2.0127 -0.952253
1.88526 2.0127 -0.953256
1.88726 2.0127 -0.954253
1.88926 2.0127 -0.955252
1.89126 2.0127 -0.956252
1.89326 2.0127 -0.957254
1.89526 2.0127 -0.958255
1.89726 2.0127 -0.959252
1.89926 2.0127 -0.960252
1.90126 2.0127 -0.961252
1.90326 2.0127 -0.962258
1.90526 2.0127 -0.963254
1.90726 2.02247 -0.964253
1.90926 2.0127 -0.965252
1.91126 2.0127 -0.966252
1.91326 2.0127 -0.967252
1.91526 2.0127 -0.968255
1.91726 2.0127 -0.969297
1.9193 2.0127 -0.971253
1.92226 2.0127 -0.972254
1.92426 2.0127 -0.973253
1.92626 2.0127 -0.974253
1.92826 2.0127 -0.975253
1.93026 2.0127 -0.976253
1.93226 2.0127 -0.977252
1.93426 2.0127 -0.978252
1.93626 2.0127 -0.979253
1.93826 2.0127 -0.980252
1.94026 2.0127 -0.981253
1.94226 2.0127 -0.982252
1.94425 2.0127 -0.983252
1.94625 2.0127 -0.984254
1.94826 2.0127 -0.985252
1.95026 2.0127 -0.986268
1.95227 2.0127 -0.987253
1.95426 2.0127 -0.988252
1.95626 2.0127 -0.989253
1.95826 2.0127 -0.990252
1.96026 2.0127 -0.991252
1.96226 2.0127 -0.992252
1.96426 2.0127 -0.993252
1.96625 2.0127 -0.994253
1.96826 2.0127 -0.995252
1.97026 2.0127 -0.996252
1.97226 2.0127 -0.997252
1.97426 2.0127 -0.998255
1.97626 2.0127 -0.999254
1.97826 2.0127 -1.00025
1.98026 2.0127 -1.00125
1.98225 2.0127 -1.00225
1.98426 2.0127 -1.00325
1.98626 2.0127 -1.00425
1.98826 2.0127 -1.00525
1.99026 2.0127 -1.00625
1.99225 2.0127 -1.00725
1.99426 2.0127 -1.00825
1.99625 2.0127 -1.00925
1.99826 2.0127 -1.01025
2.00026 2.0127 -1.01125
2.00226 2.0127 -1.01225
2.00426 2.0127 -1.01325
2.00626 2.0127 -1.01425
2.00826 2.0127 -1.01525
2.01026 2.0127 -1.01625
2.01226 2.0127 -1.01725
2.01426 2.0127 -1.01825
2.01626 2.0127 -1.01925
2.01826 2.0127 -1.02029
2.0203 2.0127 -1.02226
2.02326 2.0127 -1.02325
2.02526 2.0127 -1.02426
2.02726 2.0127 -1.02525
2.02926 2.0127 -1.02625
2.03126 2.0127 -1.02725
2.03326 2.0127 -1.02825
2.03526 2.0127 -1.02926
2.03726 2.0127 -1.03025
2.03926 2.0127 -1.03125
2.04126 2.0127 -1.03225
2.04326 2.0127 -1.03325
2.04526 2.0127 -1.03425
2.04726 2.0127 -1.03525
2.04926 2.0127 -1.03625
2.05126 2.0127 -1.03725
2.05326 2.0127 -1.03825
2.05526 2.0127 -1.03925
2.05726 2.0127 -1.04025
2.05926 2.0127 -1.04125
2.06126 2.0127 -1.04225
2.06326 2.0127 -1.04325
2.06526 2.0127 -1.04425
2.06726 2.0127 -1.04526
