1.458e-06 0 0.0999815
0.10025 0 0.0997463
0.200116 0 0.0998811
0.300124 0 0.0998742
0.400105 0 0.0998927
0.500106 0 0.0998919
0.600116 0 0.0998813
0.700108 0 0.0998896
0.800111 0 0.0998869
0.900105 0 0.0998928
1.00013 0 0.0998707
1.10011 0 0.099892
1.2001 0 0.0998939
1.30012 0 0.0998812
1.40012 0 0.0998755
1.5001 0 0.0998931
1.60011 0 0.0998869
1.70012 0 0.0998768
1.80013 0 0.0998704
1.90011 0 0.0998907
2.00011 0 0.0998883
2.10011 0 0.099891
2.20011 0 0.0998884
2.30011 0 0.0998915
2.4001 0 0.0998946
2.50012 0 0.0998769
2.60013 0 0.0998715
2.70011 0 0.0998919
2.80012 0 0.0998741
2.9001 0 0.0998927
3.00012 0 0.0998746
3.1001 0 0.0998935
3.20011 0 0.0998881
3.30011 0 0.099892
3.4001 0 0.0998944
3.50012 0 0.0998815
3.60013 0 0.0998696
3.70011 0 0.0998912
3.80011 0 0.099888
3.9001 0 0.0998928
4.00012 0 0.0998734
4.1001 0 0.0998932
4.20011 0 0.0998878
4.3001 0 0.0998931
4.4001 0 0.0998929
4.5001 0 0.0998945
4.60013 0 0.099872
4.70011 0 0.0998921
4.80011 0 0.099888
4.90011 0 0.0998924
5.00012 0 0.0998733
5.1001 0 0.0998934
5.20011 0 0.0998885
5.30012 0 0.0998775
5.4001 0 0.0998939
5.5001 0 0.0998952
5.60011 0 0.0998878
5.70012 0 0.0998753
5.80013 0 0.0998725
5.90011 0 0.0998926
6.00011 0 0.0998889
6.10012 0 0.0998779
6.20012 0 0.0998727
6.3001 0 0.0998928
6.4001 0 0.0998948
6.50012 0 0.0998772
6.60012 0 0.0998734
6.7001 0 0.0998928
6.80011 0 0.0998889
6.9001 0 0.0998926
7.00012 0 0.0998742
7.1001 0 0.0998932
7.20011 0 0.0998878
7.30011 0 0.0998915
7.4001 0 0.0998947
7.5001 0 0.099894
7.60012 0 0.0998732
7.70011 0 0.0998916
7.80011 0 0.0998871
7.90011 0 0.0998908
8.00013 0 0.0998724
8.1001 0 0.0998932
8.20011 0 0.0998848
8.30012 0 0.0998778
8.4001 0 0.0998934
8.5001 0 0.0998944
8.60011 0 0.0998881
8.70011 0 0.0998921
8.80011 0 0.0998871
8.90011 0 0.0998906
9.00011 0 0.0998878
9.10012 0 0.0998787
9.20012 0 0.099873
9.3001 0 0.0998932
9.40011 0 0.0998922
9.5001 0 0.0998944
9.6001 0 0.0998936
9.7001 0 0.0998929
9.80011 0 0.0998877
9.9001 0 0.0998928
10.0001 0 0.0998738
10.1001 0 0.0998934
10.2001 0 0.0998883
10.3001 0 0.0998911
10.4001 0 0.0998939
10.5001 0 0.0998785
10.6001 0 0.0998726
10.7001 0 0.0998932
10.8001 0 0.0998873
10.9001 0 0.0998919
11.0001 0 0.0998744
11.1001 0 0.0998935
11.2001 0 0.0998881
11.3001 0 0.0998917
11.4001 0 0.0998907
11.5001 0 0.0998773
11.6001 0 0.0998725
11.7001 0 0.0998935
11.8001 0 0.0998893
11.9001 0 0.0998984
12.0001 0 0.0998725
12.1001 0 0.099894
12.2001 0 0.0998883
12.3001 0 0.0998934
12.4001 0 0.0998932
12.5001 0 0.0998923
12.6001 0 0.099874
12.7001 0 0.0998925
12.8001 0 0.0998884
12.9001 0 0.0998904
13.0001 0 0.0998878
13.1001 0 0.099879
13.2001 0 0.0998744
13.3001 0 0.0998933
13.4001 0 0.0998928
13.5001 0 0.0998933
13.6001 0 0.0998878
13.7001 0 0.0998772
13.8001 0 0.0998933
13.9001 0 0.0998929
14.0001 0 0.0998719
14.1001 0 0.0998919
14.2001 0 0.099888
14.3001 0 0.0998768
14.4001 0 0.0998922
14.5001 0 0.0998889
14.6001 0 0.0998712
14.7001 0 0.0998925
14.8001 0 0.0998887
14.9001 0 0.0998923
15.0001 0 0.0998869
15.1001 0 0.0998902
15.2001 0 0.0998736
15.3001 0 0.0998925
15.4001 0 0.0998943
15.5001 0 0.0998777
15.6001 0 0.0998924
15.7001 0 0.099893
15.8001 0 0.0998741
15.9001 0 0.0998941
16.0001 0 0.0998879
16.1001 0 0.0998986
16.2001 0 0.099872
16.3001 0 0.0998929
16.4001 0 0.0998878
16.5001 0 0.0998883
16.6001 0 0.0998782
16.7001 0 0.0998834
16.8001 0 0.099882
16.9001 0 0.0998908
17.0001 0 0.0998707
17.1001 0 0.0998894
17.2001 0 0.0998871
17.3001 0 0.0998765
17.4001 0 0.0998935
17.5001 0 0.099881
17.6001 0 0.0998712
17.7001 0 0.0998913
17.8001 0 0.0998887
17.9001 0 0.0998921
18.0001 0 0.0998937
18.1001 0 0.0998765
18.2001 0 0.099873
18.3001 0 0.099892
18.4001 0 0.0998929
18.5001 0 0.0998932
18.6001 0 0.0998749
18.7001 0 0.0998929
18.8001 0 0.0998875
18.9001 0 0.0998936
19.0001 0 0.0998738
19.1001 0 0.099893
19.2001 0 0.0998877
19.3001 0 0.0998915
19.4001 0 0.0998944
19.5001 0 0.099879
19.6001 0 0.0998731
19.7001 0 0.099892
19.8001 0 0.0998733
19.9001 0 0.0998942
20.0001 0 0.0998889
20.1001 0 0.099894
20.2001 0 0.0998862
20.3001 0 0.099878
20.4001 0 0.0998924
20.5001 0 0.0998946
20.6001 0 0.0998732
20.7001 0 0.0998922
20.8001 0 0.0998882
20.9001 0 0.0998923
21.0001 0 0.0998729
21.1001 0 0.0998936
21.2001 0 0.0998879
21.3001 0 0.0998931
21.4001 0 0.0998955
21.5001 0 0.0998738
21.6001 0 0.099873
21.7001 0 0.0998924
21.8001 0 0.0998861
21.9001 0 0.0998915
22.0001 0 0.0998875
22.1001 0 0.0998789
22.2001 0 0.0998938
22.3001 0 0.0998927
22.4001 0 0.099893
22.5001 0 0.099878
22.6001 0 0.0998733
22.7001 0 0.0998929
22.8001 0 0.0998889
22.9001 0 0.0998927
23.0001 0 0.0998736
23.1001 0 0.0998932
23.2001 0 0.0998883
23.3001 0 0.0998904
23.4001 0 0.099893
23.5001 0 0.0998938
23.6001 0 0.0998742
23.7001 0 0.0998938
23.8001 0 0.0998745
23.9001 0 0.0998922
24.0001 0 0.0998733
24.1001 0 0.099894
24.2001 0 0.0998881
24.3001 0 0.0998983
24.4001 0 0.0998939
24.5001 0 0.0998778
24.6001 0 0.0998722
24.7001 0 0.0998926
24.8001 0 0.099888
24.9001 0 0.0998924
25.0001 0 0.0998731
25.1001 0 0.0998728
25.2001 0 0.0998746
25.3001 0 0.099888
25.4001 0 0.0998908
25.5001 0 0.0998784
25.6001 0 0.0998733
25.7001 0 0.0998922
25.8001 0 0.0998873
25.9001 0 0.0998992
26.0001 0 0.099872
26.1001 0 0.0998898
26.2001 0 0.099888
26.3001 0 0.099878
26.4001 0 0.0998933
26.5001 0 0.0998897
26.6001 0 0.0998738
26.7001 0 0.0998921
26.8001 0 0.0998873
26.9001 0 0.0998889
27.0001 0 0.0998712
27.1001 0 0.0998932
27.2001 0 0.0998887
27.3001 0 0.0998787
27.4001 0 0.099892
27.5001 0 0.099893
27.6001 0 0.0998733
27.7001 0 0.099894
27.8001 0 0.0998889
27.9001 0 0.0998907
28.0001 0 0.0998879
28.1001 0 0.0998903
28.2001 0 0.0998734
28.3001 0 0.099894
28.4001 0 0.099892
28.5001 0 0.0998941
28.6001 0 0.0998745
28.7001 0 0.0998937
28.8001 0 0.099888
28.9001 0 0.0998925
29.0001 0 0.099873
29.1001 0 0.0998934
29.2001 0 0.0998882
29.3001 0 0.0998768
29.4001 0 0.0998931
29.5001 0 0.0998925
29.6001 0 0.0998882
29.7001 0 0.099892
29.8001 0 0.0998882
29.9001 0 0.099893
30.0001 0 0.0998738
30.1001 0 0.0998884
30.2001 0 0.0998859
30.3001 0 0.0998777
30.4001 0 0.0998936
30.5001 0 0.0998931
30.6001 0 0.0998941
30.7001 0 0.0998937
30.8001 0 0.0998748
30.9001 0 0.0998932
31.0001 0 0.0998889
31.1001 0 0.0998933
31.2001 0 0.0998885
31.3001 0 0.0998782
31.4001 0 0.0998922
31.5001 0 0.0998933
31.6001 0 0.0998874
31.7001 0 0.0998839
31.8001 0 0.0998689
31.9001 0 0.0998922
32.0001 0 0.0998882
32.1001 0 0.0998914
32.2001 0 0.0998717
32.3001 0 0.0998924
32.4001 0 0.099894
32.5001 0 0.0998786
32.6001 0 0.099872
32.7001 0 0.0998937
32.8001 0 0.0998898
32.9001 0 0.0999003
33.0001 0 0.0998731
33.1001 0 0.0998935
33.2001 0 0.0998844
33.3001 0 0.0998929
33.4001 0 0.0998946
33.5001 0 0.0998815
33.6001 0 0.0998721
33.7001 0 0.0998921
33.8001 0 0.0998877
33.9001 0 0.0998929
34.0001 0 0.0998731
34.1001 0 0.0998936
34.2001 0 0.0998883
34.3001 0 0.099891
34.4001 0 0.0998919
34.5001 0 0.0998935
34.6001 0 0.0998867
34.7001 0 0.0998752
34.8001 0 0.0998931
34.9001 0 0.0998941
35.0001 0 0.0998738
35.1001 0 0.0998922
35.2001 0 0.0998883
35.3001 0 0.0998776
35.4001 0 0.0998921
35.5001 0 0.0998933
35.6001 0 0.0998741
35.7001 0 0.099893
35.8001 0 0.0998872
35.9001 0 0.0998908
36.0001 0 0.0998892
36.1001 0 0.0998787
36.2001 0 0.0998736
36.3001 0 0.0998928
36.4001 0 0.099893
36.5001 0 0.0998919
36.6001 0 0.0998711
36.7001 0 0.0998942
36.8001 0 0.0998882
36.9001 0 0.0998919
37.0001 0 0.0998741
37.1001 0 0.0998944
37.2001 0 0.0998885
37.3001 0 0.0998786
37.4001 0 0.0998929
37.5001 0 0.0998953
37.6001 0 0.0998892
37.7001 0 0.0998936
37.8001 0 0.0998733
37.9001 0 0.0998924
38.0001 0 0.0998881
38.1001 0 0.099879
38.2001 0 0.099873
38.3001 0 0.099893
38.4001 0 0.0998937
38.5001 0 0.0998788
38.6001 0 0.0998741
38.7001 0 0.0998927
38.8001 0 0.0998879
38.9001 0 0.0998926
39.0001 0 0.0998935
39.1001 0 0.0998811
39.2001 0 0.0998726
39.3001 0 0.0998926
39.4001 0 0.0998929
39.5001 0 0.0998769
39.6001 0 0.0998727
39.7001 0 0.099893
39.8001 0 0.0998742
39.9001 0 0.0998932
40.0001 0 0.0998869
40.1001 0 0.0998909
40.2001 0 0.0998878
40.3001 0 0.0998917
40.4001 0 0.0998941
40.5001 0 0.0998774
40.6001 0 0.0998724
40.7001 0 0.0998929
40.8001 0 0.0998893
40.9001 0 0.0998941
41.0001 0 0.0998723
41.1001 0 0.099893
41.2001 0 0.0998882
41.3001 0 0.0998918
41.4001 0 0.0998955
41.5001 0 0.0998755
41.6001 0 0.0998724
41.7001 0 0.0998924
41.8001 0 0.099888
41.9001 0 0.0998925
42.0001 0 0.0998726
42.1001 0 0.0998926
42.2001 0 0.0998885
42.3001 0 0.0998932
42.4001 0 0.0998953
42.5001 0 0.0998817
42.6001 0 0.0998658
42.7001 0 0.0998926
42.8001 0 0.0998879
42.9001 0 0.0998931
43.0001 0 0.0998738
43.1001 0 0.0998917
43.2001 0 0.0998937
43.3001 0 0.0998817
43.4001 0 0.0998769
43.5001 0 0.0998926
43.6001 0 0.0998886
43.7001 0 0.0998927
43.8001 0 0.0998744
43.9001 0 0.0998927
44.0001 0 0.0998892
44.1001 0 0.0998923
44.2001 0 0.0998732
44.3001 0 0.0998932
44.4001 0 0.099894
44.5001 0 0.0998791
44.6001 0 0.0998732
44.7001 0 0.0998931
44.8001 0 0.0998742
44.9001 0 0.0998929
45.0001 0 0.0998748
45.1001 0 0.099894
45.2001 0 0.0998877
45.3001 0 0.099892
45.4001 0 0.0998947
45.5001 0 0.0998821
45.6001 0 0.0998731
45.7001 0 0.0998918
45.8001 0 0.0998877
45.9001 0 0.0998911
46.0001 0 0.099873
46.1001 0 0.0998931
46.2001 0 0.0998868
46.3001 0 0.0998772
46.4001 0 0.0998929
46.5001 0 0.0998929
46.6001 0 0.0998876
46.7001 0 0.0998654
46.8001 0 0.0998645
46.9001 0 0.099886
47.0001 0 0.0998848
47.1001 0 0.0998926
47.2001 0 0.099884
47.3001 0 0.0998903
47.4001 0 0.0998778
47.5001 0 0.0998793
47.6001 0 0.0998731
47.7001 0 0.0998927
47.8001 0 0.0998729
47.9001 0 0.0998932
48.0001 0 0.0998887
48.1001 0 0.0998932
48.2001 0 0.0998881
48.3001 0 0.0998912
48.4001 0 0.0998764
48.5001 0 0.0998779
48.6001 0 0.0998724
48.7001 0 0.0998932
48.8001 0 0.0998814
48.9001 0 0.0998923
49.0001 0 0.0998747
49.1001 0 0.0998926
49.2001 0 0.0998879
49.3001 0 0.0998912
49.4001 0 0.0998942
49.5001 0 0.099892
49.6001 0 0.0998746
49.7001 0 0.0998931
49.8001 0 0.0998869
49.9001 0 0.0998929
50.0001 0 0.0998718
50.1001 0 0.0998916
50.2001 0 0.0998883
50.3001 0 0.0998929
50.4001 0 0.0998924
50.5001 0 0.0998949
50.6001 0 0.0998726
50.7001 0 0.0998924
50.8001 0 0.0998881
50.9001 0 0.09989
51.0001 0 0.099886
51.1001 0 0.0998779
51.2001 0 0.0998729
51.3001 0 0.0998931
51.4001 0 0.0998938
51.5001 0 0.0998924
51.6001 0 0.0998935
51.7001 0 0.0998776
51.8001 0 0.099873
51.9001 0 0.0998872
52.0001 0 0.0998875
52.1001 0 0.0998912
52.2001 0 0.0998884
52.3001 0 0.0998767
52.4001 0 0.0998935
52.5001 0 0.099893
52.6001 0 0.0998742
52.7001 0 0.099891
52.8001 0 0.0998883
52.9001 0 0.0998911
53.0001 0 0.099873
53.1001 0 0.0998925
53.2001 0 0.0998886
53.3001 0 0.0998926
53.4001 0 0.0998941
53.5001 0 0.0998778
53.6001 0 0.0998733
53.7001 0 0.0998937
53.8001 0 0.0998746
53.9001 0 0.099893
54.0001 0 0.0998873
54.1001 0 0.099878
54.2001 0 0.0998731
54.3001 0 0.0998928
54.4001 0 0.0998929
54.5001 0 0.0998914
54.6001 0 0.0998726
54.7001 0 0.0998923
54.8001 0 0.0998878
54.9001 0 0.0998908
55.0001 0 0.0998877
55.1001 0 0.0998757
55.2001 0 0.0998721
55.3001 0 0.0998932
55.4001 0 0.099893
55.5001 0 0.0998794
55.6001 0 0.0998729
55.7001 0 0.0998928
55.8001 0 0.0998932
55.9001 0 0.0998944
56.0001 0 0.0998748
56.1001 0 0.0998923
56.2001 0 0.0998883
56.3001 0 0.0998911
56.4001 0 0.099895
56.5001 0 0.0998779
56.6001 0 0.0998719
56.7001 0 0.0998924
56.8001 0 0.0998884
56.9001 0 0.0998948
57.0001 0 0.0998747
57.1001 0 0.0998935
57.2001 0 0.0998874
57.3001 0 0.099891
57.4001 0 0.0998942
57.5001 0 0.0998783
57.6001 0 0.099873
57.7001 0 0.0998934
57.8001 0 0.0998896
57.9001 0 0.0998943
58.0001 0 0.0998745
58.1001 0 0.0998941
58.2001 0 0.0998846
58.3001 0 0.0998927
58.4001 0 0.0998945
58.5001 0 0.0998796
58.6001 0 0.0998737
58.7001 0 0.0998904
58.8001 0 0.0998877
58.9001 0 0.0998922
59.0001 0 0.0998727
59.1001 0 0.0998933
59.2001 0 0.0998889
59.3001 0 0.0998812
59.4001 0 0.0998773
59.5001 0 0.0998932
59.6001 0 0.0998874
59.7001 0 0.0998906
59.8001 0 0.0998884
59.9001 0 0.0998926
60.0001 0 0.0998926
60.1001 0 0.0998814
60.2001 0 0.0998726
60.3001 0 0.0998923
60.4001 0 0.0998944
60.5001 0 0.099878
60.6001 0 0.0998727
60.7001 0 0.0998931
60.8001 0 0.099887
60.9001 0 0.0998905
61.0001 0 0.0998741
61.1001 0 0.0998933
61.2001 0 0.0998876
61.3001 0 0.099887
61.4001 0 0.0998925
61.5001 0 0.0998788
61.6001 0 0.0998726
61.7001 0 0.0998929
61.8001 0 0.0998868
61.9001 0 0.0998927
62.0001 0 0.0998737
62.1001 0 0.0998929
62.2001 0 0.0998867
62.3001 0 0.0998783
62.4001 0 0.0998926
62.5001 0 0.0998943
62.6001 0 0.0998884
62.7001 0 0.0998921
62.8001 0 0.0998878
62.9001 0 0.0998927
63.0001 0 0.0998697
63.1001 0 0.0998922
63.2001 0 0.0998883
63.3001 0 0.0998785
63.4001 0 0.0998925
63.5001 0 0.0998942
63.6001 0 0.0998883
63.7001 0 0.0998924
63.8001 0 0.0998879
63.9001 0 0.0998924
64.0001 0 0.0998734
64.1001 0 0.0998931
64.2001 0 0.0998924
64.3001 0 0.099895
64.4001 0 0.0999014
64.5001 0 0.0998781
64.6001 0 0.0998724
64.7001 0 0.0998926
64.8001 0 0.0998896
64.9001 0 0.0998943
65.0001 0 0.0998739
65.1001 0 0.0998934
65.2001 0 0.0998872
65.3001 0 0.0998918
65.4001 0 0.0998938
65.5001 0 0.0998778
65.6001 0 0.0998713
65.7001 0 0.0998934
65.8001 0 0.0998904
65.9001 0 0.0998927
66.0001 0 0.0998869
66.1001 0 0.099892
66.2001 0 0.0998741
66.3001 0 0.0998937
66.4001 0 0.0998952
66.5001 0 0.0998986
66.6001 0 0.0998734
66.7001 0 0.0998929
66.8001 0 0.0998882
66.9001 0 0.0998926
67.0001 0 0.0998724
67.1001 0 0.0998928
67.2001 0 0.0998878
67.3001 0 0.0998787
67.4001 0 0.0998933
67.5001 0 0.0998946
67.6001 0 0.099888
67.7001 0 0.0998756
67.8001 0 0.0998732
67.9001 0 0.0998927
68.0001 0 0.0998871
68.1001 0 0.099878
68.2001 0 0.099873
68.3001 0 0.0998937
68.4001 0 0.0998946
68.5001 0 0.0998815
68.6001 0 0.099873
68.7001 0 0.0998929
68.8001 0 0.0998884
68.9001 0 0.0998924
69.0001 0 0.0998751
69.1001 0 0.0998925
69.2001 0 0.099888
69.3001 0 0.0998766
69.4001 0 0.0998928
69.5001 0 0.0998936
69.6001 0 0.0998876
69.7001 0 0.0998764
69.8001 0 0.099873
69.9001 0 0.0998925
70.0001 0 0.0998794
70.1001 0 0.0998735
70.2001 0 0.0998699
70.3001 0 0.0998932
70.4001 0 0.0998926
70.5001 0 0.099894
70.6001 0 0.0998742
70.7001 0 0.0998928
70.8001 0 0.0998873
70.9001 0 0.0998906
71.0001 0 0.0998488
71.1001 0 0.0998924
71.2001 0 0.0998877
71.3001 0 0.0998778
71.4001 0 0.0998935
71.5002 0 0.0998335
71.6001 0 0.0998862
71.7001 0 0.0998894
71.8001 0 0.0998847
71.9001 0 0.0998928
72.0001 0 0.0998732
72.1001 0 0.0998923
72.2001 0 0.0998871
72.3001 0 0.0998934
72.4001 0 0.0998943
72.5001 0 0.0998784
72.6001 0 0.0998949
72.7001 0 0.0998938
72.8001 0 0.0998892
72.9001 0 0.099895
73.0001 0 0.0998739
73.1001 0 0.0998934
73.2001 0 0.0998874
73.3001 0 0.0998908
73.4001 0 0.0998948
73.5001 0 0.0998786
73.6001 0 0.0998735
73.7001 0 0.0998931
73.8001 0 0.099882
73.9001 0 0.09989
74.0001 0 0.0998739
74.1001 0 0.0998935
74.2001 0 0.0998874
74.3001 0 0.0998907
74.4001 0 0.0998945
74.5001 0 0.0998789
74.6001 0 0.0998732
74.7001 0 0.0998938
74.8001 0 0.0998891
74.9001 0 0.0998925
75.0001 0 0.0998871
75.1001 0 0.099878
75.2001 0 0.0998738
75.3001 0 0.0998923
75.4001 0 0.0998928
75.5001 0 0.0998948
75.6001 0 0.0998703
75.7001 0 0.0998904
75.8001 0 0.0998878
75.9001 0 0.0998895
76.0001 0 0.0998716
76.1001 0 0.0998934
76.2001 0 0.0998886
76.3001 0 0.099879
76.4001 0 0.0998927
76.5001 0 0.0998828
76.6001 0 0.0998704
76.7001 0 0.0998925
76.8001 0 0.099894
76.9001 0 0.0998853
77.0001 0 0.0998767
77.1001 0 0.0998745
77.2001 0 0.099861
77.3001 0 0.0998899
77.4001 0 0.099891
77.5001 0 0.0998763
77.6001 0 0.0998732
77.7001 0 0.0998928
77.8001 0 0.099889
77.9001 0 0.0998925
78.0001 0 0.0998687
78.1001 0 0.099892
78.2001 0 0.0998882
78.3001 0 0.0998879
78.4001 0 0.0998893
78.5001 0 0.0998771
78.6001 0 0.0998701
78.7001 0 0.0998933
78.8001 0 0.0998901
78.9001 0 0.0998935
79.0001 0 0.0998749
79.1001 0 0.0998939
79.2001 0 0.0998885
79.3001 0 0.0998929
79.4001 0 0.0998951
79.5001 0 0.0998765
79.6001 0 0.0998681
79.7001 0 0.0998916
79.8001 0 0.099886
79.9001 0 0.0998917
80.0001 0 0.0998669
80.1001 0 0.0998911
80.2001 0 0.0998859
80.3001 0 0.0998776
80.4001 0 0.0998925
80.5001 0 0.0998916
80.6001 0 0.0998871
80.7001 0 0.0998762
80.8001 0 0.0998719
80.9001 0 0.0998926
81.0001 0 0.0998939
81.1001 0 0.0998811
81.2001 0 0.0998726
81.3001 0 0.0998914
81.4001 0 0.0998925
81.5001 0 0.0998927
81.6001 0 0.0998694
81.7001 0 0.0998921
81.8001 0 0.0998892
81.9001 0 0.0998927
82.0001 0 0.0998885
82.1001 0 0.0998778
82.2001 0 0.0998728
82.3001 0 0.0998934
82.4001 0 0.0998942
82.5001 0 0.0998786
82.6001 0 0.0998711
82.7001 0 0.0998926
82.8001 0 0.0998888
82.9001 0 0.0998935
83.0001 0 0.099874
83.1001 0 0.0998943
83.2001 0 0.0998886
83.3001 0 0.0998815
83.4001 0 0.0998771
83.5001 0 0.0998932
83.6001 0 0.0998883
83.7001 0 0.099892
83.8001 0 0.0998738
83.9001 0 0.0998926
84.0001 0 0.0998887
84.1001 0 0.0998816
84.2001 0 0.0998713
84.3001 0 0.0998925
84.4001 0 0.0998929
84.5001 0 0.0998927
84.6001 0 0.0998883
84.7001 0 0.0998749
84.8001 0 0.0998728
84.9001 0 0.0998928
85.0001 0 0.0998882
85.1001 0 0.0998726
85.2001 0 0.0998814
85.3001 0 0.0998749
85.4001 0 0.099891
85.5001 0 0.0998916
85.6001 0 0.0998894
85.7001 0 0.0998752
85.8001 0 0.0998713
85.9001 0 0.099892
86.0001 0 0.0998872
86.1001 0 0.0998919
86.2001 0 0.0998885
86.3001 0 0.0998901
86.4001 0 0.0998934
86.5001 0 0.0998787
86.6001 0 0.0998698
86.7001 0 0.0998921
86.8001 0 0.0998832
86.9001 0 0.0998891
87.0001 0 0.099874
87.1001 0 0.0998939
87.2001 0 0.0998887
87.3001 0 0.0998948
87.4001 0 0.0998951
87.5001 0 0.0998823
87.6001 0 0.0998724
87.7001 0 0.0998927
87.8001 0 0.0998874
87.9001 0 0.0998926
88.0001 0 0.0998731
88.1001 0 0.0998915
88.2001 0 0.099888
88.3001 0 0.0998933
88.4001 0 0.0998933
88.5001 0 0.0998793
88.6001 0 0.0998735
88.7001 0 0.0998921
88.8001 0 0.099888
88.9001 0 0.099893
89.0001 0 0.0998732
89.1001 0 0.0998928
89.2001 0 0.0998889
89.3001 0 0.0998815
89.4001 0 0.0998698
89.5001 0 0.0998927
89.6001 0 0.0998896
89.7001 0 0.0998921
89.8001 0 0.0998893
89.9001 0 0.0998931
90.0001 0 0.0998894
90.1001 0 0.099879
90.2001 0 0.0998727
90.3001 0 0.0998927
90.4001 0 0.0998926
90.5001 0 0.099892
90.6001 0 0.0998741
90.7001 0 0.0998926
90.8001 0 0.099888
90.9001 0 0.099892
91.0001 0 0.0998707
91.1001 0 0.0998919
91.2001 0 0.0998879
91.3001 0 0.0998923
91.4001 0 0.0998922
91.5001 0 0.0998947
91.6001 0 0.0998723
91.7001 0 0.0998925
91.8001 0 0.099884
91.9001 0 0.0998958
92.0001 0 0.099883
92.1001 0 0.0998766
92.2001 0 0.0998736
92.3001 0 0.0998925
92.4001 0 0.0998924
92.5001 0 0.0998837
92.6001 0 0.0998844
92.7001 0 0.0998754
92.8001 0 0.0998727
92.9001 0 0.0998924
93.0001 0 0.0998869
93.1001 0 0.0998932
93.2001 0 0.0998884
93.3001 0 0.0998796
93.4001 0 0.0998946
93.5001 0 0.0998815
93.6001 0 0.0998772
93.7001 0 0.0998919
93.8001 0 0.0998746
93.9001 0 0.0998926
94.0001 0 0.0998878
94.1001 0 0.099891
94.2001 0 0.0998882
94.3001 0 0.0998739
94.4001 0 0.0998928
94.5001 0 0.0998926
94.6001 0 0.0998871
94.7001 0 0.0998894
94.8001 0 0.0998862
94.9001 0 0.0998929
95.0001 0 0.099872
95.1001 0 0.0998932
95.2001 0 0.0998881
95.3001 0 0.0998921
95.4001 0 0.0998947
95.5001 0 0.0998789
95.6001 0 0.0998733
95.7001 0 0.0998934
95.8001 0 0.0998896
95.9001 0 0.0999011
96.0001 0 0.0998725
96.1001 0 0.0998919
96.2001 0 0.0998876
96.3001 0 0.0998928
96.4001 0 0.0998955
96.5001 0 0.0998965
96.6001 0 0.099872
96.7001 0 0.0998913
96.8001 0 0.099888
96.9001 0 0.0998929
97.0001 0 0.0998737
97.1001 0 0.0998922
97.2001 0 0.0998879
97.3001 0 0.0998781
97.4001 0 0.0998931
97.5001 0 0.0998947
97.6001 0 0.0998893
97.7001 0 0.0998931
97.8001 0 0.0998942
97.9001 0 0.0998942
98.0001 0 0.0998742
98.1001 0 0.0998925
98.2001 0 0.0998849
98.3001 0 0.0998767
98.4001 0 0.0998917
98.5001 0 0.0998917
98.6001 0 0.0998735
98.7001 0 0.0998928
98.8001 0 0.0998861
98.9001 0 0.0998892
99.0001 0 0.0998729
99.1001 0 0.0998921
99.2001 0 0.0998878
99.3001 0 0.0998909
99.4001 0 0.0998917
99.5001 0 0.0998921
99.6001 0 0.0998737
99.7001 0 0.0998941
99.8001 0 0.0998745
99.9001 0 0.0998932
100 0 0.0998748
100.1 0 0.0998939
100.2 0 0.0998887
100.3 0 0.0998919
100.4 0 0.0998918
100.5 0 0.099879
100.6 0 0.0998736
100.7 0 0.099892
100.8 0 0.0998889
100.9 0 0.099893
101 0 0.0998877
101.1 0 0.0998932
101.2 0 0.0998879
101.3 0 0.0998757
101.4 0 0.0998925
101.5 0 0.0998824
101.6 0 0.0998716
101.7 0 0.099892
101.8 0 0.0998887
101.9 0 0.0998942
102 0 0.0998935
102.1 0 0.0998814
102.2 0 0.0998727
102.3 0 0.0998918
