1.771e-06 -0.0195408 0.0477827
0.0502702 -0.0195408 0.0468122
0.100121 -0.0195408 0.0478182
0.150121 -0.0195408 0.0478146
0.20011 -0.0195408 0.0478149
0.250109 -0.0195408 0.047819
0.300114 -0.0195408 0.0478193
0.350112 -0.0195408 0.0477788
0.400108 -0.0195408 0.0478184
0.450107 -0.0195408 0.0477778
0.500114 -0.0195408 0.0478189
0.550113 -0.0195408 0.047778
0.600109 -0.0195408 0.0478197
0.650106 -0.0195408 0.047819
0.700114 -0.0195408 0.0478181
0.750114 -0.0195408 0.0478149
0.800149 -0.0195408 0.0478181
0.850107 -0.0195408 0.0478186
0.900155 -0.0195408 0.0478186
0.950112 -0.0195408 0.0478181
1.00011 -0.0195408 0.047818
1.05011 -0.0195408 0.0478186
1.10011 -0.0195408 0.0477747
1.15011 -0.0195408 0.0478197
1.20011 -0.0195408 0.0478197
1.25011 -0.0195408 0.0478197
1.30011 -0.0195408 0.0478162
1.35015 -0.0195408 0.0478191
1.40011 -0.0195408 0.0478192
1.45011 -0.0195408 0.0478191
1.50011 -0.0195408 0.0478185
1.55011 -0.0195408 0.0477785
1.60011 -0.0195408 0.0478192
1.65011 -0.0195408 0.0478197
1.70011 -0.0195408 0.0478161
1.75011 -0.0195408 0.0478202
1.80011 -0.0195408 0.0478182
1.85011 -0.0195408 0.0478163
1.90011 -0.0195408 0.0478193
1.95011 -0.0195408 0.047819
2.00015 -0.0195408 0.0478181
2.05011 -0.0195408 0.0478186
2.10015 -0.0195408 0.0478188
2.15011 -0.0195408 0.0478193
2.20011 -0.0195408 0.0477784
2.25011 -0.0195408 0.0478184
2.30011 -0.0195408 0.047778
2.35012 -0.0195408 0.0478196
2.40011 -0.0195408 0.0478194
2.45015 -0.0195408 0.0478198
2.50011 -0.0195408 0.0478185
2.55015 -0.0195408 0.0478186
2.60011 -0.0195408 0.0478191
2.65011 -0.0195408 0.0477767
2.70011 -0.0195408 0.047819
2.75011 -0.0195408 0.0478186
2.80015 -0.0195408 0.0478198
2.85011 -0.0195408 0.0478181
2.90015 -0.0195408 0.0478188
2.95011 -0.0195408 0.0478196
3.00011 -0.0195408 0.0477756
3.05011 -0.0195408 0.0478182
3.10011 -0.0195408 0.0477803
3.15011 -0.0195408 0.0478154
3.20011 -0.0195408 0.0477778
3.25011 -0.0195408 0.0478186
3.30011 -0.0195408 0.0478197
3.35011 -0.0195408 0.0478191
3.40011 -0.0195408 0.0478187
3.45015 -0.0195408 0.0478199
3.50011 -0.0195408 0.0478196
3.55015 -0.0195408 0.047818
3.60011 -0.0195408 0.0478189
3.65011 -0.0195408 0.0478196
3.70011 -0.0195408 0.0478119
3.75011 -0.0195408 0.0478196
3.80011 -0.0195408 0.0478163
3.85011 -0.0195408 0.0478186
3.90011 -0.0195408 0.0478186
3.95011 -0.0195408 0.0477759
4.00011 -0.0195408 0.0478196
4.05011 -0.0195408 0.0477796
4.10011 -0.0195408 0.0478186
4.15011 -0.0195408 0.0478207
4.20011 -0.0195408 0.0478196
4.25011 -0.0195408 0.0478194
4.30015 -0.0195408 0.0478192
4.35011 -0.0195408 0.0478195
4.40011 -0.0195408 0.0477786
4.45011 -0.0195408 0.0478193
4.50011 -0.0195408 0.0478193
4.55015 -0.0195408 0.0478192
4.60011 -0.0195408 0.0478198
4.65011 -0.0195408 0.0478181
4.70011 -0.0195408 0.0478194
4.75011 -0.0195408 0.0477793
4.80011 -0.0195408 0.0478194
4.85011 -0.0195408 0.0477778
4.90011 -0.0195408 0.0478192
4.95011 -0.0195408 0.0477783
5.00011 -0.0195408 0.0478183
5.05011 -0.0195408 0.0478185
5.10015 -0.0195408 0.0478198
5.15011 -0.0195408 0.0478197
5.20011 -0.0195408 0.0477798
5.25011 -0.0195408 0.047819
5.30011 -0.0195408 0.047779
5.35011 -0.0195408 0.0478191
5.40011 -0.0195408 0.0478196
5.45011 -0.0195408 0.0478195
5.50011 -0.0195408 0.0478194
5.55015 -0.0195408 0.0478189
5.60011 -0.0195408 0.0478203
5.65011 -0.0195408 0.0478184
5.70011 -0.0195408 0.0478183
5.75011 -0.0195408 0.0478175
5.80011 -0.0195408 0.0478189
5.85011 -0.0195408 0.0477789
5.90011 -0.0195408 0.0478177
5.95011 -0.0195408 0.0477788
6.00011 -0.0195408 0.0478181
6.05011 -0.0195408 0.0478189
6.10011 -0.0195408 0.0478187
6.15011 -0.0195408 0.0478199
6.20015 -0.0195408 0.0478193
6.25011 -0.0195408 0.0478202
6.30015 -0.0195408 0.0478182
6.35011 -0.0195408 0.0478181
6.40011 -0.0195408 0.0478171
6.45011 -0.0195408 0.047821
6.50011 -0.0195408 0.0478189
6.55011 -0.0195408 0.0478191
6.60011 -0.0195408 0.0477785
6.65011 -0.0195408 0.0478193
6.70011 -0.0195408 0.0477722
6.75011 -0.0195408 0.0478186
6.80011 -0.0195408 0.0478196
6.8501 -0.0195408 0.0478197
6.90011 -0.0195408 0.0478194
6.95011 -0.0195408 0.0478188
7.00011 -0.0195408 0.0478192
7.05014 -0.0195408 0.0478193
7.10011 -0.0195408 0.0478194
7.15015 -0.0195408 0.0478188
7.20011 -0.0195408 0.0478199
7.25011 -0.0195408 0.0477779
7.30011 -0.0195408 0.0478191
7.35011 -0.0195408 0.0477773
7.40012 -0.0195408 0.047811
7.45012 -0.0195408 0.0477639
7.50012 -0.0195408 0.047818
7.55011 -0.0195408 0.0478161
7.60015 -0.0195408 0.0478175
7.65011 -0.0195408 0.0478152
7.70015 -0.0195408 0.0478179
7.75011 -0.0195408 0.0478167
7.80011 -0.0195408 0.0478171
7.85011 -0.0195408 0.0478242
7.90011 -0.0195408 0.0478069
7.95012 -0.0195408 0.0478158
8.00011 -0.0195408 0.0477757
8.05011 -0.0195408 0.0478187
8.10011 -0.0195408 0.047819
8.15011 -0.0195408 0.0478186
8.20011 -0.0195408 0.0478194
8.25015 -0.0195408 0.0478115
8.30011 -0.0195408 0.0478191
8.35015 -0.0195408 0.0478191
8.40011 -0.0195408 0.0478198
8.45011 -0.0195408 0.0478175
8.50011 -0.0195408 0.0478196
8.55011 -0.0195408 0.0477793
8.60011 -0.0195408 0.0478187
8.65011 -0.0195408 0.047776
8.70011 -0.0195408 0.0478191
8.75011 -0.0195408 0.0478198
8.80011 -0.0195408 0.0478186
8.85011 -0.0195408 0.0478195
8.90015 -0.0195408 0.0478197
8.95011 -0.0195408 0.0478182
9.00011 -0.0195408 0.0478182
9.05011 -0.0195408 0.0478196
9.10011 -0.0195408 0.0478202
9.15011 -0.0195408 0.0478174
9.20011 -0.0195408 0.0478178
9.25011 -0.0195408 0.0478196
9.30011 -0.0195408 0.0477785
9.35011 -0.0195408 0.0478198
9.40011 -0.0195408 0.0477802
9.45011 -0.0097704 0.0478198
9.50011 -0.0195408 0.0477618
9.55011 -0.0195408 0.0478185
9.60011 -0.0195408 0.0478192
9.65011 -0.0195408 0.0478121
9.70011 -0.0195408 0.0478193
9.75015 -0.0195408 0.0478197
9.80011 -0.0195408 0.0478192
9.85011 -0.0195408 0.047819
9.90011 -0.0195408 0.0478187
9.95011 -0.0195408 0.0477792
10.0001 -0.0195408 0.0478194
10.0501 -0.0195408 0.0478198
10.1001 -0.0195408 0.0478153
10.1501 -0.0195408 0.0478179
10.2001 -0.0195408 0.0478184
10.2501 -0.0195408 0.0478185
10.3002 -0.0195408 0.0478185
10.3501 -0.0195408 0.0478188
10.4001 -0.0195408 0.047818
10.4501 -0.0195408 0.0478195
10.5001 -0.0195408 0.0478158
10.5501 -0.0195408 0.0478186
10.6001 -0.0195408 0.0477785
10.6501 -0.0195408 0.0478194
10.7001 -0.0195408 0.0477777
10.7501 -0.0195408 0.0478194
10.8001 -0.0195408 0.047779
10.8501 -0.0195408 0.0478191
10.9001 -0.0195408 0.0477721
10.9501 -0.0195408 0.0478191
11.0001 -0.0195408 0.0478197
11.0501 -0.0195408 0.0478187
11.1001 -0.0195408 0.0478194
11.1502 -0.0195408 0.0478176
11.2001 -0.0195408 0.0478191
11.2501 -0.0195408 0.0478006
11.3001 -0.0195408 0.0478185
11.3501 -0.0195408 0.047779
11.4001 -0.0195408 0.0478197
11.4501 -0.0195408 0.0477804
11.5001 -0.0195408 0.0478184
11.5501 -0.0195408 0.0478199
11.6001 -0.0195408 0.0478192
11.6501 -0.0195408 0.0478186
11.7001 -0.0195408 0.0478183
11.7501 -0.0195408 0.0478002
11.8001 -0.0195408 0.0478192
11.8501 -0.0195408 0.0478205
11.9001 -0.0195408 0.047819
11.9501 -0.0195408 0.047818
12.0001 -0.0195408 0.0477788
12.0501 -0.0195408 0.0478193
12.1001 -0.0195408 0.0477784
12.1501 -0.0195408 0.0478181
12.2001 -0.0195408 0.04782
12.2501 -0.0195408 0.0478187
12.3001 -0.0195408 0.0478195
12.3502 -0.0195408 0.0478191
12.4001 -0.0195408 0.0478201
12.4501 -0.0195408 0.0477751
12.5001 -0.0195408 0.0478184
12.5501 -0.0195408 0.0477784
12.6001 -0.0195408 0.0478192
12.6501 -0.0195408 0.0477704
12.7001 -0.0195408 0.0478201
12.7501 -0.0195408 0.0478193
12.8001 -0.0195408 0.0478192
12.8501 -0.0195408 0.0478184
12.9002 -0.0195408 0.04782
12.9501 -0.0195408 0.0478186
13.0001 -0.0195408 0.0478191
13.0501 -0.0195408 0.047819
13.1001 -0.0195408 0.0477784
13.1501 -0.0195408 0.0478195
13.2001 -0.0195408 0.0477785
13.2501 -0.0195408 0.04782
13.3001 -0.0195408 0.0478203
13.3502 -0.0195408 0.0478195
13.4001 -0.0195408 0.0478193
13.4501 -0.0195408 0.0478196
13.5001 -0.0195408 0.0478192
13.5501 -0.0195408 0.0478195
13.6001 -0.0195408 0.0478192
13.6501 -0.0195408 0.0478069
13.7001 -0.0195408 0.0478184
13.7501 -0.0195408 0.0477735
13.8001 -0.0195408 0.0478155
13.8501 -0.0195408 0.0477775
13.9001 -0.0195408 0.047819
13.9501 -0.0195408 0.0478192
14.0001 -0.0195408 0.0478196
14.0501 -0.0195408 0.047819
14.1002 -0.0195408 0.0478184
14.1501 -0.0195408 0.0478201
14.2001 -0.0195408 0.047818
14.2501 -0.0195408 0.0478201
14.3001 -0.0195408 0.0478191
14.3501 -0.0195408 0.0478205
14.4001 -0.0195408 0.0478185
14.4501 -0.0195408 0.04782
14.5001 -0.0195408 0.0477772
14.5501 -0.0195408 0.0478195
14.6001 -0.0195408 0.0477787
14.6501 -0.0195408 0.0478203
14.7001 -0.0195408 0.0478194
14.7501 -0.0195408 0.0478116
14.8001 -0.0195408 0.0478195
14.8501 -0.0195408 0.0478195
14.9001 -0.0195408 0.0478188
14.9502 -0.0195408 0.0478196
15.0001 -0.0195408 0.0478193
15.0501 -0.0195408 0.0478183
15.1001 -0.0195408 0.0478194
15.1501 -0.0195408 0.0477789
15.2001 -0.0195408 0.0478194
15.2501 -0.0195408 0.0477795
15.3001 -0.0195408 0.0478181
15.3501 -0.0195408 0.0478199
15.4001 -0.0195408 0.0478187
15.4501 -0.0195408 0.0478193
15.5001 -0.0195408 0.0478193
15.5501 -0.0195408 0.0478184
15.6001 -0.0195408 0.0478201
15.6501 -0.0195408 0.0478167
15.7002 -0.0195408 0.047816
15.7501 -0.0195408 0.0478187
15.8001 -0.0195408 0.0478194
15.8501 -0.0195408 0.0478193
15.9001 -0.0195408 0.0478183
15.9501 -0.0195408 0.0478195
16.0001 -0.0195408 0.0478183
16.0501 -0.0195408 0.0478179
16.1001 -0.0195408 0.0477741
16.1501 -0.0195408 0.0478153
16.2001 -0.0195408 0.0478196
16.2501 -0.0195408 0.0478186
16.3001 -0.0195408 0.0478185
16.3502 -0.0195408 0.0478192
16.4001 -0.0195408 0.04782
16.4501 -0.0195408 0.0478195
16.5001 -0.0195408 0.0478203
16.5501 -0.0195408 0.0478195
16.6001 -0.0195408 0.0478188
16.6501 -0.0195408 0.0478183
16.7001 -0.0195408 0.0478189
16.7501 -0.0195408 0.0477798
16.8001 -0.0195408 0.0478196
16.8501 -0.0195408 0.0477791
16.9001 -0.0195408 0.0478193
16.9501 -0.0195408 0.0478198
17.0001 -0.0195408 0.0478201
17.0501 -0.0195408 0.047818
17.1002 -0.0195408 0.0478193
17.1501 -0.0195408 0.0478191
17.2001 -0.0195408 0.0477789
17.2501 -0.0195408 0.0478181
17.3001 -0.0195408 0.0477804
17.3501 -0.0195408 0.0478189
17.4001 -0.0195408 0.0477778
17.4501 -0.0195408 0.0478198
17.5001 -0.0195408 0.0478133
17.5501 -0.0195408 0.0478143
17.6001 -0.0195408 0.0478178
17.6502 -0.0195408 0.0478184
17.7001 -0.0195408 0.047819
17.7502 -0.0195408 0.0478191
17.8001 -0.0195408 0.0478191
17.8501 -0.0195408 0.0477782
17.9001 -0.0195408 0.047818
17.9501 -0.0195408 0.0477789
18.0001 -0.0195408 0.047818
18.0501 -0.0195408 0.0477787
18.1001 -0.0195408 0.0478195
18.1501 -0.0195408 0.0478188
18.2001 -0.0195408 0.0478188
18.2501 -0.0195408 0.0478187
18.3002 -0.0195408 0.0478185
18.3501 -0.0195408 0.0478181
18.4001 -0.0195408 0.0478174
18.4501 -0.0195408 0.0478185
18.5001 -0.0195408 0.0477795
18.5501 -0.0195408 0.0478184
18.6001 -0.0195408 0.04778
18.6501 -0.0195408 0.0478193
18.7001 -0.0195408 0.0478197
18.7502 -0.0195408 0.047817
18.8001 -0.0195408 0.0478196
18.8501 -0.0195408 0.0478182
18.9001 -0.0195408 0.0478189
18.9501 -0.0195408 0.0477784
19.0001 -0.0195408 0.0478191
19.0501 -0.0195408 0.0478201
19.1001 -0.0195408 0.0478195
19.1501 -0.0195408 0.0478182
19.2001 -0.0195408 0.0478189
19.2501 -0.0195408 0.0478195
19.3002 -0.0195408 0.0478172
19.3501 -0.0195408 0.047819
19.4001 -0.0195408 0.0477749
19.4501 -0.0195408 0.0478177
19.5001 -0.0195408 0.0478187
19.5501 -0.0195408 0.0478195
19.6001 -0.0195408 0.0478186
19.6501 -0.0195408 0.0478182
19.7001 -0.0195408 0.0478178
19.7502 -0.0195408 0.0478185
19.8001 -0.0195408 0.047819
19.8501 -0.0195408 0.0478189
19.9001 -0.0195408 0.047819
19.9501 -0.0195408 0.0478178
20.0001 -0.0195408 0.0478178
20.0501 -0.0195408 0.0477775
20.1001 -0.0195408 0.0478191
20.1501 -0.0195408 0.047778
20.2001 -0.0195408 0.0478197
20.2501 -0.0195408 0.04782
20.3002 -0.0195408 0.047819
20.3501 -0.0195408 0.0478185
20.4001 -0.0195408 0.0478193
20.4501 -0.0195408 0.0478187
20.5001 -0.0195408 0.0478053
20.5501 -0.0195408 0.0478196
20.6001 -0.0195408 0.047778
20.6501 -0.0195408 0.0478178
20.7001 -0.0195408 0.0477775
20.7501 -0.0195408 0.0478194
20.8001 -0.0195408 0.0478184
20.8501 -0.0195408 0.0478192
20.9001 -0.0195408 0.0478192
20.9502 -0.0195408 0.0478184
21.0001 -0.0195408 0.0478192
21.0501 -0.0195408 0.0478179
21.1001 -0.0195408 0.0478194
21.1501 -0.0195408 0.0477788
21.2001 -0.0195408 0.0478182
21.2501 -0.0195408 0.047779
21.3001 -0.0195408 0.0478191
21.3501 -0.0195408 0.0478205
21.4001 -0.0195408 0.0478181
21.4501 -0.0195408 0.0478197
21.5002 -0.0195408 0.0478188
21.5501 -0.0195408 0.0478187
21.6001 -0.0195408 0.0478188
21.6501 -0.0195408 0.0478184
21.7001 -0.0195408 0.0478174
21.7501 -0.0195408 0.0478168
21.8001 -0.0195408 0.0477785
21.8501 -0.0195408 0.0478188
21.9001 -0.0195408 0.0478204
21.9501 -0.0195408 0.0478196
22.0001 -0.0195408 0.047819
22.0501 -0.0195408 0.047819
22.1001 -0.0195408 0.0478188
22.1502 -0.0195408 0.0478187
22.2001 -0.0195408 0.0478199
22.2501 -0.0195408 0.0477857
22.3001 -0.0195408 0.047819
22.3501 -0.0195408 0.0477785
22.4001 -0.0195408 0.0478193
22.4501 -0.0195408 0.0478176
22.5001 -0.0195408 0.0478188
22.5501 -0.0195408 0.0478192
22.6001 -0.0195408 0.0478178
22.6501 -0.0195408 0.047819
22.7002 -0.0195408 0.0478194
22.7501 -0.0195408 0.0478254
22.8001 -0.0195408 0.0478184
22.8501 -0.0195408 0.04782
22.9001 -0.0195408 0.0477783
22.9501 -0.0195408 0.047819
23.0001 -0.0195408 0.0477784
23.0501 -0.0195408 0.0478192
23.1001 -0.0195408 0.0478199
23.1501 -0.0195408 0.0478088
23.2001 -0.0195408 0.0478204
23.2501 -0.0195408 0.0478187
23.3001 -0.0195408 0.047819
23.3502 -0.0195408 0.0478187
23.4001 -0.0195408 0.0478206
23.4501 -0.0195408 0.0478181
23.5001 -0.0195408 0.0478198
23.5501 -0.0195408 0.0477744
23.6001 -0.0195408 0.047819
23.6501 -0.0195408 0.0478201
23.7002 -0.0195408 0.0478188
23.7501 -0.0195408 0.0478193
23.8001 -0.0195408 0.0478205
23.8501 -0.0195408 0.0478196
23.9001 -0.0195408 0.0477795
23.9501 -0.0195408 0.0478189
24.0001 -0.0195408 0.0478192
24.0501 -0.0195408 0.0478184
24.1001 -0.0195408 0.0478196
24.1502 -0.0195408 0.0478188
24.2001 -0.0195408 0.0478189
24.2501 -0.0195408 0.0478202
24.3001 -0.0195408 0.0478197
24.3501 -0.0195408 0.0477796
24.4001 -0.0195408 0.0478194
24.4501 -0.0195408 0.0478196
24.5002 -0.0195408 0.0478201
24.5501 -0.0195408 0.047818
24.6001 -0.0195408 0.0478201
24.6501 -0.0195408 0.0478196
24.7001 -0.0195408 0.0478199
24.7501 -0.0195408 0.0478191
24.8001 -0.0195408 0.0477791
24.8501 -0.0195408 0.0478191
24.9001 -0.0195408 0.0478197
24.9501 -0.0195408 0.0478188
25.0001 -0.0195408 0.0478198
25.0501 -0.0195408 0.0478195
25.1001 -0.0195408 0.0478199
25.1502 -0.0195408 0.0478192
25.2001 -0.0195408 0.0478193
25.2501 -0.0195408 0.0478186
25.3001 -0.0195408 0.047819
25.3501 -0.0195408 0.0478184
25.4001 -0.0195408 0.0478203
25.4501 -0.0195408 0.0477763
25.5001 -0.0195408 0.0478198
25.5501 -0.0195408 0.0478191
25.6001 -0.0195408 0.0478191
25.6501 -0.0195408 0.0478185
25.7001 -0.0195408 0.0478163
25.7501 -0.0195408 0.0478191
25.8002 -0.0195408 0.0478094
25.8501 -0.0195408 0.0478144
25.9002 -0.0195408 0.0478175
25.9501 -0.0195408 0.0478134
26.0001 -0.0195408 0.0478176
26.0501 -0.0195408 0.0478151
26.1001 -0.0195408 0.0478006
26.1501 -0.0195408 0.0478153
26.2001 -0.0195408 0.0477719
26.2501 -0.0195408 0.0478182
26.3001 -0.0195408 0.0477756
26.3501 -0.0195408 0.0478178
26.4001 -0.0195408 0.0478194
26.4501 -0.0195408 0.04782
26.5001 -0.0195408 0.0478188
26.5502 -0.0195408 0.0478182
26.6001 -0.0195408 0.0478197
26.6501 -0.0195408 0.0478186
26.7001 -0.0195408 0.0478168
26.7501 -0.0195408 0.0478145
26.8001 -0.0195408 0.0478194
26.8501 -0.0195408 0.0477775
26.9001 -0.0195408 0.0478188
26.9501 -0.0195408 0.0478196
27.0001 -0.0195408 0.0478164
27.0501 -0.0195408 0.0478194
27.1002 -0.0195408 0.0478182
27.1501 -0.0195408 0.0478191
27.2001 -0.0195408 0.0478184
27.2501 -0.0195408 0.0478193
27.3001 -0.0195408 0.047779
27.3501 -0.0195408 0.0478197
27.4001 -0.0195408 0.047779
27.4501 -0.0195408 0.0478194
27.5001 -0.0195408 0.0477792
27.5501 -0.0195408 0.0478196
27.6001 -0.0195408 0.0477782
27.6501 -0.0195408 0.0478182
27.7001 -0.0195408 0.0478192
27.7501 -0.0195408 0.0478196
27.8001 -0.0195408 0.047819
27.8501 -0.0195408 0.0478188
27.9001 -0.0195408 0.0478184
27.9502 -0.0195408 0.0478186
28.0001 -0.0195408 0.0478194
28.0501 -0.0195408 0.0478179
28.1001 -0.0195408 0.047819
28.1501 -0.0195408 0.0477783
28.2001 -0.0195408 0.0478183
28.2501 -0.0195408 0.0477718
28.3001 -0.0195408 0.0478196
28.3501 -0.0195408 0.0478193
28.4001 -0.0195408 0.0478184
28.4501 -0.0195408 0.0478194
28.5002 -0.0195408 0.0478188
28.5501 -0.0195408 0.0478194
28.6001 -0.0195408 0.047819
28.6501 -0.0195408 0.047819
28.7001 -0.0195408 0.0478196
28.7501 -0.0195408 0.047734
28.8001 -0.0195408 0.0477479
28.8501 -0.0195408 0.0478134
28.9001 -0.0195408 0.0478148
28.9501 -0.0195408 0.0478183
29.0001 -0.0195408 0.0478188
29.0501 -0.0195408 0.0478174
29.1001 -0.0195408 0.0478181
29.1502 -0.0195408 0.0478163
29.2001 -0.0195408 0.0478185
29.2501 -0.0195408 0.047819
29.3001 -0.0195408 0.0478198
29.3501 -0.0195408 0.0478175
29.4001 -0.0195408 0.0478182
29.4501 -0.0195408 0.0478163
29.5001 -0.0195408 0.0478189
29.5501 -0.0195408 0.0477773
29.6001 -0.0195408 0.047818
29.6501 -0.0195408 0.0477591
29.7001 -0.0195408 0.0478177
29.7501 -0.0195408 0.0478195
29.8001 -0.0195408 0.0478195
29.8501 -0.0195408 0.0478193
29.9002 -0.0195408 0.0478179
29.9501 -0.0195408 0.0478193
30.0001 -0.0195408 0.0477792
30.0501 -0.0195408 0.0478188
30.1001 -0.0195408 0.0477798
30.1501 -0.0195408 0.0478199
30.2001 -0.0195408 0.0477804
30.2501 -0.0195408 0.0478182
30.3001 -0.0195408 0.0478194
30.3502 -0.0195408 0.0478195
30.4001 -0.0195408 0.0478188
30.4501 -0.0195408 0.0478178
30.5001 -0.0195408 0.0478189
30.5501 -0.0195408 0.0477798
30.6001 -0.0195408 0.0478196
30.6501 -0.0195408 0.0478199
30.7001 -0.0195408 0.0478178
30.7501 -0.0195408 0.0478194
30.8001 -0.0195408 0.047818
30.8501 -0.0195408 0.0478169
30.9001 -0.0195408 0.0478168
30.9501 -0.0195408 0.0478187
31.0001 -0.0195408 0.0478194
31.0501 -0.0195408 0.0478192
31.1002 -0.0195408 0.047819
31.1501 -0.0195408 0.0478203
31.2001 -0.0195408 0.0478175
31.2501 -0.0195408 0.0478201
31.3001 -0.0195408 0.0477745
31.3501 -0.0195408 0.0478188
31.4001 -0.0195408 0.0477087
31.4501 -0.0195408 0.0478111
31.5001 -0.0195408 0.0478138
31.5501 -0.0195408 0.0478092
31.6001 -0.0195408 0.0478131
31.6501 -0.0195408 0.0477715
31.7001 -0.0195408 0.0478138
31.7501 -0.0195408 0.0478143
31.8001 -0.0195408 0.0478137
31.8501 -0.0195408 0.0478135
31.9002 -0.0195408 0.0478119
31.9501 -0.0195408 0.0478134
32.0001 -0.0195408 0.0478137
32.0501 -0.0195408 0.0478148
32.1001 -0.0195408 0.0477731
32.1501 -0.0195408 0.0478144
32.2001 -0.0195408 0.0477756
32.2501 -0.0195408 0.0478144
32.3001 -0.0195408 0.0477726
32.3501 -0.0195408 0.0478132
32.4001 -0.0195408 0.0478147
32.4501 -0.0195408 0.0478124
32.5001 -0.0195408 0.0478138
32.5502 -0.0195408 0.0478118
32.6001 -0.0195408 0.047814
32.6501 -0.0195408 0.0478092
32.7001 -0.0195408 0.0478127
32.7501 -0.0195408 0.0477727
32.8001 -0.0195408 0.0478098
32.8501 -0.0195408 0.0478127
32.9001 -0.0195408 0.0478119
32.9501 -0.0195408 0.0478091
33.0001 -0.0195408 0.0478119
33.0501 -0.0195408 0.0478104
33.1002 -0.0195408 0.0478113
33.1501 -0.0195408 0.0477766
33.2001 -0.0195408 0.047813
33.2501 -0.0195408 0.0478146
33.3001 -0.0195408 0.0478112
33.3501 -0.0195408 0.0478117
33.4001 -0.0195408 0.0477741
33.4501 -0.0195408 0.0478163
33.5001 -0.0195408 0.0477698
33.5501 -0.0195408 0.0478116
33.6001 -0.0195408 0.0478133
33.6501 -0.0195408 0.04781
33.7001 -0.0195408 0.0478115
33.7502 -0.0195408 0.0478138
33.8001 -0.0195408 0.0478145
33.8501 -0.0195408 0.0478141
33.9001 -0.0195408 0.0478134
33.9501 -0.0195408 0.0478098
34.0001 -0.0195408 0.0478128
34.0501 -0.0195408 0.0478116
34.1001 -0.0195408 0.047814
34.1501 -0.0195408 0.0477732
34.2001 -0.0195408 0.0478136
34.2501 -0.0195408 0.0477746
34.3001 -0.0195408 0.0478147
34.3501 -0.0195408 0.0478148
34.4001 -0.0195408 0.0478144
34.4501 -0.0195408 0.0478148
34.5002 -0.0195408 0.0478143
34.5501 -0.0195408 0.047813
34.6001 -0.0195408 0.0478137
34.6501 -0.0195408 0.0478121
34.7001 -0.0195408 0.0478122
34.7501 -0.0195408 0.0478138
34.8001 -0.0195408 0.0477736
34.8501 -0.0195408 0.047812
34.9001 -0.0195408 0.0477732
34.9501 -0.0195408 0.0478119
35.0001 -0.0195408 0.0477703
35.0501 -0.0195408 0.047814
35.1001 -0.0195408 0.0477745
35.1501 -0.0195408 0.0478134
35.2001 -0.0195408 0.0477743
35.2501 -0.0195408 0.0478127
35.3001 -0.0195408 0.0477739
35.3501 -0.0195408 0.0478149
35.4001 -0.0195408 0.0477736
35.4501 -0.0195408 0.0478089
35.5001 -0.0195408 0.0478111
35.5502 -0.0195408 0.0478186
35.6001 -0.0195408 0.0478137
35.6501 -0.0195408 0.0478144
35.7001 -0.0195408 0.0478135
35.7501 -0.0195408 0.0478112
35.8001 -0.0195408 0.0478136
35.8501 -0.0195408 0.0478125
35.9001 -0.0195408 0.0478115
35.9501 -0.0195408 0.0477701
36.0001 -0.0195408 0.0478139
36.0501 -0.0195408 0.0478137
36.1001 -0.0195408 0.0478105
36.1501 -0.0195408 0.0478117
36.2001 -0.0195408 0.0478144
36.2501 -0.0195408 0.0478139
36.3002 -0.0195408 0.0478139
36.3501 -0.0195408 0.0478123
36.4001 -0.0195408 0.0477748
36.4501 -0.0195408 0.0478119
36.5001 -0.0195408 0.0478149
36.5501 -0.0195408 0.0478122
36.6001 -0.0195408 0.0478143
36.6501 -0.0195408 0.0478139
36.7001 -0.0195408 0.0478118
36.7502 -0.0195408 0.0478124
36.8001 -0.0195408 0.0478139
36.8501 -0.0195408 0.0477732
36.9001 -0.0195408 0.0478121
36.9501 -0.0195408 0.0477739
37.0001 -0.0195408 0.0478117
37.0501 -0.0195408 0.0478187
37.1001 -0.0195408 0.0478134
37.1501 -0.0195408 0.0478147
37.2001 -0.0195408 0.0478101
37.2501 -0.0195408 0.047814
37.3002 -0.0195408 0.0478102
37.3501 -0.0195408 0.0478121
37.4001 -0.0195408 0.047813
37.4501 -0.0195408 0.047812
37.5001 -0.0195408 0.047774
37.5501 -0.0195408 0.0478131
37.6001 -0.0195408 0.047814
37.6501 -0.0195408 0.0478137
37.7001 -0.0195408 0.0478126
37.7502 -0.0195408 0.0478133
37.8001 -0.0195408 0.0478118
37.8501 -0.0195408 0.0478125
37.9001 -0.0195408 0.0478142
37.9501 -0.0195408 0.0477741
38.0001 -0.0195408 0.0478087
38.0501 -0.0195408 0.0478138
38.1002 -0.0195408 0.0478104
38.1501 -0.0195408 0.0478104
38.2001 -0.0195408 0.0478111
38.2501 -0.0195408 0.0478133
38.3001 -0.0195408 0.0477732
38.3501 -0.0195408 0.0478147
38.4001 -0.0195408 0.0477763
38.4501 -0.0195408 0.0477754
38.5001 -0.0195408 0.047815
38.5502 -0.0195408 0.047814
38.6001 -0.0195408 0.0478142
38.6501 -0.0195408 0.047814
38.7001 -0.0195408 0.0478125
38.7501 -0.0195408 0.0477724
38.8001 -0.0195408 0.0478104
38.8501 -0.0195408 0.0478135
38.9001 -0.0195408 0.0478137
38.9501 -0.0195408 0.0477714
39.0001 -0.0195408 0.0478106
39.0501 -0.0195408 0.047811
39.1002 -0.0195408 0.0478119
39.1501 -0.0195408 0.0478136
39.2001 -0.0195408 0.047811
39.2501 -0.0195408 0.0478135
39.3001 -0.0195408 0.0477741
39.3501 -0.0195408 0.0478133
39.4001 -0.0195408 0.0477736
39.4501 -0.0195408 0.0478144
39.5001 -0.0195408 0.0478128
39.5502 -0.0195408 0.0478118
39.6001 -0.0195408 0.0478151
39.6501 -0.0195408 0.0478111
39.7001 -0.0195408 0.0478128
39.7501 -0.0195408 0.0477743
39.8001 -0.0195408 0.0478146
39.8501 -0.0195408 0.0478117
39.9001 -0.0195408 0.0478121
39.9501 -0.0195408 0.0478097
40.0001 -0.0195408 0.047812
40.0501 -0.0195408 0.047814
40.1001 -0.0195408 0.0478101
40.1501 -0.0195408 0.0478154
40.2001 -0.0195408 0.047739
40.2501 -0.0195408 0.0478134
40.3001 -0.0195408 0.0477749
40.3501 -0.0195408 0.0478142
40.4001 -0.0195408 0.0477747
40.4501 -0.0195408 0.0478155
40.5001 -0.0195408 0.0478148
40.5501 -0.0195408 0.0478139
40.6001 -0.0195408 0.047814
40.6501 -0.0195408 0.0478138
40.7001 -0.0195408 0.0478115
40.7502 -0.0195408 0.0478136
40.8001 -0.0195408 0.0478136
40.8501 -0.0195408 0.0478136
40.9001 -0.0195408 0.0478134
40.9501 -0.0195408 0.0478135
41.0001 -0.0195408 0.0478112
41.0501 -0.0195408 0.0477736
41.1001 -0.0195408 0.0478126
41.1501 -0.0195408 0.0478116
41.2001 -0.0195408 0.0478124
41.2501 -0.0195408 0.0478128
41.3001 -0.0195408 0.0478147
41.3501 -0.0195408 0.0478135
41.4001 -0.0195408 0.0478119
41.4501 -0.0195408 0.0478145
41.5002 -0.0195408 0.0478139
41.5501 -0.0195408 0.0478137
41.6001 -0.0195408 0.0478091
41.6501 -0.0195408 0.0478138
41.7001 -0.0195408 0.0478124
41.7501 -0.0195408 0.0478148
41.8001 -0.0195408 0.0477743
41.8501 -0.0195408 0.0478145
41.9001 -0.0195408 0.0478142
41.9502 -0.0195408 0.047818
42.0001 -0.0195408 0.047812
42.0501 -0.0195408 0.0478143
42.1001 -0.0195408 0.0478152
42.1501 -0.0195408 0.0468119
42.2001 -0.0195408 0.0478136
42.2501 -0.0195408 0.0477762
42.3001 -0.0195408 0.0478124
42.3501 -0.0195408 0.0477739
42.4001 -0.0195408 0.04781
42.4501 -0.0195408 0.047776
42.5001 -0.0195408 0.047814
42.5501 -0.0195408 0.0478149
42.6002 -0.0195408 0.0478143
42.6501 -0.0195408 0.0478139
42.7002 -0.0195408 0.0478139
42.7501 -0.0195408 0.0478138
42.8001 -0.0195408 0.0478117
42.8501 -0.0195408 0.0478103
42.9001 -0.0195408 0.0477711
42.9501 -0.0195408 0.0478122
43.0001 -0.0195408 0.0478092
43.0501 -0.0195408 0.0478126
43.1001 -0.0195408 0.0478129
43.1501 -0.0195408 0.0478135
43.2001 -0.0195408 0.0478123
43.2501 -0.0195408 0.0478126
43.3001 -0.0195408 0.0478135
43.3502 -0.0195408 0.0478123
43.4001 -0.0195408 0.0478136
43.4501 -0.0195408 0.0478138
43.5001 -0.0195408 0.0478098
43.5501 -0.0195408 0.0477754
43.6001 -0.0195408 0.0478136
43.6501 -0.0195408 0.0477737
43.7001 -0.0195408 0.0478143
43.7501 -0.0195408 0.0478142
43.8001 -0.0195408 0.0478132
43.8501 -0.0195408 0.0478147
43.9002 -0.0195408 0.047812
43.9501 -0.0195408 0.0478143
44.0002 -0.0195408 0.0478119
44.0501 -0.0195408 0.0478125
44.1001 -0.0195408 0.0478117
44.1501 -0.0195408 0.0478139
44.2001 -0.0195408 0.0477741
44.2501 -0.0195408 0.0478138
44.3001 -0.0195408 0.0478142
44.3502 -0.0195408 0.0478133
44.4001 -0.0195408 0.0478144
44.4501 -0.0195408 0.047773
44.5001 -0.0195408 0.0478114
44.5501 -0.0195408 0.0478099
44.6001 -0.0195408 0.047809
44.6501 -0.0195408 0.0478127
44.7002 -0.0195408 0.0478117
44.7501 -0.0195408 0.0478123
44.8001 -0.0195408 0.0477707
44.8501 -0.0195408 0.0478139
44.9001 -0.0195408 0.0477758
44.9501 -0.0195408 0.0478132
45.0001 -0.0195408 0.0478135
45.0501 -0.0195408 0.0478147
45.1001 -0.0195408 0.0478152
45.1502 -0.0195408 0.0478121
45.2001 -0.0195408 0.0478126
45.2501 -0.0195408 0.0477729
45.3001 -0.0195408 0.0478122
45.3501 -0.0195408 0.0477731
45.4001 -0.0195408 0.0478127
45.4501 -0.0195408 0.0478139
45.5001 -0.0195408 0.0478138
45.5501 -0.0195408 0.0478147
45.6001 -0.0195408 0.0478139
45.6501 -0.0195408 0.04781
45.7002 -0.0195408 0.0478129
45.7501 -0.0195408 0.047814
45.8001 -0.0195408 0.0478137
45.8501 -0.0195408 0.0478144
45.9001 -0.0195408 0.0477752
45.9501 -0.0195408 0.0478138
46.0001 -0.0195408 0.0477757
46.0501 -0.0195408 0.0478147
46.1001 -0.0195408 0.0478138
46.1501 -0.0195408 0.047814
46.2001 -0.0195408 0.0478121
46.2501 -0.0195408 0.0478142
46.3001 -0.0195408 0.0478127
46.3502 -0.0195408 0.0478135
46.4001 -0.0195408 0.047813
46.4501 -0.0195408 0.0478121
46.5001 -0.0195408 0.0478137
46.5501 -0.0195408 0.0478082
46.6001 -0.0195408 0.0478138
46.6501 -0.0195408 0.0477731
46.7001 -0.0195408 0.0478134
46.7501 -0.0195408 0.047812
46.8001 -0.0195408 0.0478123
46.8501 -0.0195408 0.0478139
46.9002 -0.0195408 0.0478097
46.9501 -0.0195408 0.0478122
47.0001 -0.0195408 0.0477733
47.0501 -0.0195408 0.0478136
47.1001 -0.0195408 0.0478127
47.1501 -0.0195408 0.0478141
47.2001 -0.0195408 0.0478147
47.2501 -0.0195408 0.0478127
47.3001 -0.0195408 0.0478116
47.3502 -0.0195408 0.0478119
47.4001 -0.0195408 0.0478114
47.4501 -0.0195408 0.0477806
47.5001 -0.0195408 0.0478109
47.5501 -0.0195408 0.0477738
47.6001 -0.0195408 0.0478111
47.6501 -0.0195408 0.0478132
47.7001 -0.0195408 0.0478137
47.7501 -0.0195408 0.0478126
47.8001 -0.0195408 0.0478091
47.8501 -0.0195408 0.0478142
47.9001 -0.0195408 0.0478137
47.9501 -0.0195408 0.0478128
48.0001 -0.0195408 0.0478119
48.0501 -0.0195408 0.0478106
48.1002 -0.0195408 0.0478102
48.1501 -0.0097704 0.0478103
48.2001 -0.0195408 0.0478095
48.2501 -0.0195408 0.0478124
48.3001 -0.0195408 0.0478116
48.3501 -0.0195408 0.0478179
48.4001 -0.0195408 0.0477735
48.4501 -0.0195408 0.0478139
48.5001 -0.0195408 0.0478145
48.5502 -0.0195408 0.047812
48.6001 -0.0195408 0.0478124
48.6501 -0.0195408 0.0478137
48.7001 -0.0195408 0.0478145
48.7501 -0.0195408 0.0478135
48.8001 -0.0195408 0.0478142
48.8501 -0.0195408 0.0478138
48.9001 -0.0195408 0.0478142
48.9501 -0.0195408 0.0477734
49.0001 -0.0195408 0.0478136
49.0501 -0.0195408 0.047815
49.1002 -0.0195408 0.0478142
49.1501 -0.0195408 0.0478136
49.2001 -0.0195408 0.0478141
49.2501 -0.0195408 0.0478133
49.3001 -0.0195408 0.04781
49.3501 -0.0195408 0.0478115
49.4001 -0.0195408 0.0477727
49.4501 -0.0195408 0.0478102
49.5001 -0.0195408 0.0478122
49.5501 -0.0195408 0.0478131
49.6001 -0.0195408 0.047814
49.6501 -0.0195408 0.0478113
49.7001 -0.0195408 0.0478139
49.7502 -0.0195408 0.0478122
49.8001 -0.0195408 0.0478126
49.8501 -0.0195408 0.0477744
49.9001 -0.0195408 0.0478128
49.9501 -0.0195408 0.0477735
50.0001 -0.0195408 0.0478142
50.0501 -0.0195408 0.0477762
50.1001 -0.0195408 0.0478125
50.1501 -0.0195408 0.0478143
50.2001 -0.0195408 0.0478147
50.2501 -0.0195408 0.0478153
50.3002 -0.0195408 0.047814
50.3501 -0.0195408 0.0478138
50.4002 -0.0195408 0.0478111
50.4501 -0.0195408 0.047814
50.5001 -0.0195408 0.047813
50.5501 -0.0195408 0.047814
50.6001 -0.0195408 0.0477737
50.6501 -0.0195408 0.0478142
50.7001 -0.0195408 0.0478126
50.7501 -0.0195408 0.0478137
50.8001 -0.0195408 0.0478142
50.8501 -0.0195408 0.0478139
50.9001 -0.0195408 0.0478138
50.9502 -0.0195408 0.0478092
51.0001 -0.0195408 0.0478143
51.0501 -0.0195408 0.0478119
51.1001 -0.0195408 0.0478144
51.1501 -0.0195408 0.0478115
