1.459e-06 -0.0195408 0.00189203
0.00521589 -0.0195408 0.00190938
0.0101079 -0.0195408 0.000918073
0.015106 -0.0195408 0.00291724
0.0201065 -0.0195408 0.00291641
0.0251074 -0.0195408 0.00291818
0.030106 -0.0195408 0.00291797
0.035108 -0.0195408 0.000918802
0.0401061 -0.0195408 0.00291745
0.0451001 -0.0195408 0.00292667
0.0501006 -0.0195408 0.00291448
0.055108 -0.0195408 0.000918125
0.0601065 -0.0195408 0.00290953
0.0651058 -0.0195408 0.00291786
0.0701058 -0.0195408 0.00291547
0.0751064 -0.0195408 0.00291771
0.0801065 -0.0195408 0.00291818
0.0851002 -0.0195408 0.00292651
0.0900999 -0.0195408 0.00290963
0.0951086 -0.0195408 0.00291776
0.100155 -0.0195408 0.00191656
0.105107 -0.0195408 0.00291849
0.110106 -0.0195408 0.00290776
0.115106 -0.0195408 0.00291969
0.120106 -0.0195408 0.00291729
0.125105 -0.0195408 0.0029201
0.130107 -0.0195408 0.00291891
0.135106 -0.0195408 0.00292073
0.140108 -0.0195408 0.00291786
0.145112 -0.0195408 0.00191328
0.150106 -0.0195408 0.000916718
0.155106 -0.0195408 0.00292073
0.160105 -0.0195408 0.00291672
0.1651 -0.0195408 0.00292656
0.1701 -0.0195408 0.00291891
0.175108 -0.0195408 0.00291823
0.180107 -0.0195408 0.00291797
0.185106 -0.0195408 0.00291911
0.190105 -0.0195408 0.00291786
0.195107 -0.0195408 0.0029199
0.200106 -0.0195408 0.00287469
0.205107 -0.0195408 0.00291875
0.210106 -0.0195408 0.000917239
0.215106 -0.0195408 0.00291854
0.220106 -0.0195408 0.00291771
0.225107 -0.0195408 0.00292047
0.230106 -0.0195408 0.00291813
0.235106 -0.0195408 0.00291833
0.240106 -0.0195408 0.00291885
0.245108 -0.0195408 0.00291875
0.250106 -0.0195408 0.00291854
0.2551 -0.0195408 0.00292656
0.2601 -0.0195408 0.00291599
0.265108 -0.0195408 0.000918541
0.270106 -0.0195408 0.0029174
0.275107 -0.0195408 0.00291885
0.280105 -0.0195408 0.00291797
0.285106 -0.0195408 0.00291813
0.290106 -0.0195408 0.00291828
0.295107 -0.0195408 0.00292
0.300105 -0.0195408 0.00287651
0.305107 -0.0195408 0.00291792
0.310107 -0.0195408 0.00291797
0.315106 -0.0195408 0.00291958
0.320106 -0.0195408 0.00291875
0.325105 -0.0195408 0.0029188
0.330106 -0.0195408 0.00291849
0.335106 -0.0195408 0.00292042
0.340105 -0.0195408 0.00291813
0.345106 -0.0195408 0.00291906
0.350106 -0.0195408 0.00291781
0.355107 -0.0195408 0.00291911
0.360106 -0.0195408 0.0029187
0.365106 -0.0195408 0.00291953
0.370106 -0.0195408 0.0029151
0.375106 -0.0195408 0.00291938
0.380106 -0.0195408 0.00291813
0.385106 -0.0195408 0.00291943
0.390106 -0.0195408 0.00291865
0.395106 -0.0195408 0.00291958
0.400106 -0.0195408 0.00291859
0.405148 -0.0195408 0.00191885
0.410106 -0.0195408 0.00291839
0.4151 -0.0195408 0.0029263
0.4201 -0.0195408 0.00291713
0.425106 -0.0195408 0.0029199
0.430106 -0.0195408 0.00291641
0.435105 -0.0195408 0.00292052
0.440105 -0.0195408 0.00291911
0.445106 -0.0195408 0.00291906
0.450106 -0.0195408 0.00291833
0.455106 -0.0195408 0.00292016
0.460106 -0.0195408 0.00291063
0.4651 -0.0195408 0.00292594
0.4701 -0.0195408 0.00291984
0.475107 -0.0195408 0.000918854
0.480106 -0.0195408 0.00291688
0.485106 -0.0195408 0.00292016
0.490107 -0.0195408 0.00291813
0.495106 -0.0195408 0.00291938
0.500108 -0.0195408 0.00291885
0.505146 -0.0195408 0.00191885
0.510107 -0.0195408 0.000919219
0.515106 -0.0195408 0.00292016
0.520105 -0.0195408 0.00291995
0.525105 -0.0195408 0.0029199
0.530106 -0.0195408 0.00291823
0.535105 -0.0195408 0.00291922
0.540105 -0.0195408 0.00291781
0.545106 -0.0195408 0.0029199
0.550106 -0.0195408 0.00291953
0.555105 -0.0195408 0.00291828
0.560106 -0.0195408 0.00291802
0.565105 -0.0195408 0.00292073
0.570106 -0.0195408 0.00291865
0.575106 -0.0195408 0.00291927
0.580105 -0.0195408 0.00291724
0.585106 -0.0195408 0.00291969
0.590105 -0.0195408 0.0029176
0.595106 -0.0195408 0.00291865
0.600106 -0.0195408 0.00291849
0.605106 -0.0195408 0.00291813
0.610107 -0.0195408 0.00291797
0.615106 -0.0195408 0.00291813
0.620106 -0.0195408 0.00291922
0.625106 -0.0195408 0.00291833
0.630106 -0.0195408 0.00291838
0.635106 -0.0195408 0.00291854
0.640106 -0.0195408 0.00291927
0.6451 -0.0195408 0.00292641
0.6501 -0.0195408 0.00285672
0.655108 -0.0195408 0.000918385
0.660105 -0.0195408 0.00291771
0.6651 -0.0195408 0.00292656
0.670099 -0.0195408 0.00292479
0.675101 -0.0195408 0.00292615
0.6801 -0.0195408 0.00291703
0.685111 -0.0195408 0.000920989
0.690106 -0.0195408 0.00292005
0.695107 -0.0195408 0.00292026
0.700106 -0.0195408 0.00291849
0.705106 -0.0195408 0.00287771
0.710107 -0.0195408 0.00291792
0.715106 -0.0195408 0.00292052
0.720106 -0.0195408 0.00291911
0.725106 -0.0195408 0.00291943
0.730105 -0.0195408 0.00291786
0.735106 -0.0195408 0.00291943
0.740106 -0.0195408 0.00291865
0.745106 -0.0195408 0.00292026
0.750106 -0.0195408 0.00291901
0.755106 -0.0195408 0.00291885
0.760106 -0.0195408 0.00291891
0.765105 -0.0195408 0.00292047
0.770106 -0.0195408 0.00291906
0.775106 -0.0195408 0.00291948
0.780106 -0.0195408 0.00291854
0.785106 -0.0195408 0.00291865
0.790106 -0.0195408 0.00291719
0.795105 -0.0195408 0.00291958
0.800106 -0.0195408 0.00291896
0.805106 -0.0195408 0.00287854
0.810106 -0.0195408 0.0029163
0.815106 -0.0195408 0.00292063
0.820106 -0.0195408 0.00291875
0.825106 -0.0195408 0.000919844
0.830107 -0.0195408 0.00291844
0.835107 -0.0195408 0.00291953
0.840105 -0.0195408 0.00291969
0.845106 -0.0195408 0.00292021
0.850106 -0.0195408 0.00291797
0.855106 -0.0195408 0.00291875
0.860107 -0.0195408 0.00291688
0.865106 -0.0195408 0.00291974
0.870106 -0.0195408 0.0029187
0.875106 -0.0195408 0.00291953
0.880106 -0.0195408 0.00291938
0.8851 -0.0195408 0.00292615
0.8901 -0.0195408 0.00291599
0.895107 -0.0195408 0.00291854
0.900106 -0.0195408 0.0029187
0.905106 -0.0195408 0.00287807
0.910107 -0.0195408 0.00291703
0.915101 -0.0195408 0.00292667
0.9201 -0.0195408 0.00291885
0.925107 -0.0195408 0.00291823
0.930107 -0.0195408 0.00291792
0.935105 -0.0195408 0.00291901
0.940106 -0.0195408 0.00291807
0.945107 -0.0195408 0.00292005
0.950106 -0.0195408 0.00291807
0.955106 -0.0195408 0.0029201
0.960106 -0.0195408 0.00291807
0.965106 -0.0195408 0.00292031
0.970106 -0.0195408 0.00291052
0.975109 -0.0195408 0.000918229
0.980107 -0.0195408 0.00291776
0.985106 -0.0195408 0.00291891
0.990106 -0.0195408 0.0029188
0.995106 -0.0195408 0.00291911
1.00011 -0.0195408 0.00291802
1.00511 -0.0195408 0.00291911
1.01011 -0.0195408 0.00291625
1.01511 -0.0195408 0.0029188
1.02011 -0.0195408 0.00291797
1.02511 -0.0195408 0.00291823
1.03011 -0.0195408 0.00291724
1.03511 -0.0195408 0.000918646
1.04011 -0.0195408 0.00291906
1.04511 -0.0195408 0.00292005
1.05011 -0.0195408 0.00291208
1.05511 -0.0195408 0.0029175
1.06011 -0.0195408 0.000918333
1.06511 -0.0195408 0.000920052
1.07011 -0.0195408 0.00291755
1.07511 -0.0195408 0.00292005
1.08011 -0.0195408 0.00291927
1.08511 -0.0195408 0.00292047
1.09011 -0.0195408 0.00291547
1.0951 -0.0195408 0.00292693
1.1001 -0.0195408 0.00291833
1.10511 -0.0195408 0.000876771
1.11011 -0.0195408 0.00291677
1.11511 -0.0195408 0.00291828
1.12011 -0.0195408 0.00291771
1.1251 -0.0195408 0.00292599
1.1301 -0.0195408 0.00291437
1.13511 -0.0195408 0.00291818
1.14011 -0.0195408 0.00291703
1.14511 -0.0195408 0.00291995
1.15011 -0.0195408 0.00291854
1.15511 -0.0195408 0.00292078
1.16011 -0.0195408 0.00291802
1.1651 -0.0195408 0.00292693
1.1701 -0.0195408 0.00291719
1.17511 -0.0195408 0.00291849
1.18011 -0.0195408 0.00291896
1.18511 -0.0195408 0.00292063
1.19011 -0.0195408 0.0029188
1.19511 -0.0195408 0.00292031
1.20011 -0.0195408 0.00291891
1.20511 -0.0195408 0.00291948
1.21015 -0.0195408 0.00191807
1.21511 -0.0195408 0.00292052
1.22011 -0.0195408 0.00291865
1.22511 -0.0195408 0.00291906
1.23011 -0.0195408 0.00291828
1.23511 -0.0195408 0.00291865
1.24011 -0.0195408 0.00291802
1.24511 -0.0195408 0.00291958
1.25011 -0.0195408 0.0029187
1.25511 -0.0195408 0.00292026
1.26011 -0.0195408 0.00291802
1.26511 -0.0195408 0.00291938
1.27011 -0.0195408 0.00291844
1.27511 -0.0097704 0.000920156
1.28011 -0.0195408 0.00291708
1.28511 -0.0195408 0.00291995
1.29011 -0.0195408 0.00291057
1.29511 -0.0195408 0.00291885
1.30011 -0.0195408 0.0029187
1.3051 -0.0195408 0.00292516
1.31014 -0.0195408 0.00191656
1.31511 -0.0195408 0.000919271
1.32011 -0.0195408 0.00291844
1.32511 -0.0195408 0.00291964
1.33011 -0.0195408 0.00291755
1.33511 -0.0195408 0.00291953
1.34011 -0.0195408 0.00291875
1.34511 -0.0195408 0.00291927
1.35011 -0.0195408 0.00291828
1.35511 -0.0195408 0.00291901
1.36011 -0.0195408 0.00291792
1.36511 -0.0195408 0.00291948
1.37011 -0.0195408 0.00291828
1.37511 -0.0195408 0.00291974
1.38011 -0.0195408 0.0029174
1.38511 -0.0195408 0.00292057
1.39011 -0.0195408 0.00291755
1.39511 -0.0195408 0.000919219
1.40011 -0.0195408 0.00291917
1.40511 -0.0195408 0.00292042
1.41015 -0.0195408 0.00191729
1.4151 -0.0195408 0.0029274
1.4201 -0.0195408 0.0029187
1.42511 -0.0195408 0.000919531
1.43011 -0.0195408 0.00291828
1.43511 -0.0195408 0.00291198
1.44011 -0.0195408 0.00291833
1.44511 -0.0195408 0.00292047
1.45011 -0.0195408 0.00291813
1.45511 -0.0195408 0.00291974
1.46011 -0.0195408 0.00291917
1.46511 -0.0195408 0.00291964
1.47011 -0.0195408 0.00291807
1.47511 -0.0195408 0.00292057
1.48011 -0.0195408 0.0029175
1.48511 -0.0195408 0.00291948
1.49011 -0.0195408 0.00291823
1.49511 -0.0195408 0.00292042
1.50011 -0.0195408 0.0029188
1.50511 -0.0195408 0.00291984
1.51011 -0.0195408 0.00291677
1.5151 -0.0195408 0.00292792
1.5201 -0.0195408 0.00291609
1.52511 -0.0195408 0.00291854
1.53011 -0.0195408 0.0029175
1.53511 -0.0195408 0.0029213
1.54011 -0.0195408 0.00291766
1.54511 -0.0195408 0.00291917
1.55011 -0.0195408 0.00291953
1.55511 -0.0195408 0.00292
1.56011 -0.0195408 0.00291833
1.56511 -0.0195408 0.00292094
1.57011 -0.0195408 0.00291776
1.57511 -0.0195408 0.00291911
1.58011 -0.0195408 0.00291865
1.58511 -0.0195408 0.00291995
1.59011 -0.0195408 0.00291734
1.59511 -0.0195408 0.00292052
1.60011 -0.0195408 0.0029199
1.60511 -0.0195408 0.000919375
1.61011 -0.0195408 0.00287589
1.61511 -0.0195408 0.00291927
1.62011 -0.0195408 0.00291813
1.62511 -0.0195408 0.00292344
1.63011 -0.0195408 0.00291714
1.63511 -0.0195408 0.000911667
1.64011 -0.0195408 0.00291917
1.64511 -0.0195408 0.00292026
1.65011 -0.0195408 0.00291849
1.65511 -0.0195408 0.00292068
1.66011 -0.0195408 0.00291865
1.6651 -0.0195408 0.00292604
1.6701 -0.0195408 0.00291693
1.67511 -0.0195408 0.00291896
1.68011 -0.0195408 0.00291755
1.68511 -0.0195408 0.00291974
1.69011 -0.0195408 0.00291906
1.69511 -0.0195408 0.00292031
1.70011 -0.0195408 0.00291943
1.70511 -0.0195408 0.00292083
1.71011 -0.0195408 0.00287432
1.71511 -0.0195408 0.00291875
1.72011 -0.0195408 0.00291854
1.7251 -0.0195408 0.00292594
1.7301 -0.0195408 0.0029175
1.73511 -0.0195408 0.00291911
1.74011 -0.0195408 0.00291833
1.74511 -0.0195408 0.00292031
1.75011 -0.0195408 0.00291896
1.75511 -0.0195408 0.000918125
1.76011 -0.0195408 0.00291797
1.76511 -0.0195408 0.00292031
1.77011 -0.0195408 0.00291745
1.77511 -0.0195408 0.00291948
1.78011 -0.0195408 0.00291823
1.78511 -0.0195408 0.00291995
1.79011 -0.0195408 0.00291807
1.79511 -0.0195408 0.00292021
1.80011 -0.0195408 0.00291849
1.80511 -0.0195408 0.00291906
1.81011 -0.0195408 0.00287568
1.81511 -0.0195408 0.000918334
1.82011 -0.0195408 0.0029174
1.82511 -0.0195408 0.00291938
1.83011 -0.0195408 0.00291781
1.83511 -0.0195408 0.00291229
1.84011 -0.0195408 0.00291792
1.84511 -0.0195408 0.00291828
1.85011 -0.0195408 0.00291854
1.85511 -0.0195408 0.00291839
1.86011 -0.0195408 0.00291813
1.86511 -0.0195408 0.00291906
1.87011 -0.0195408 0.00291807
1.87511 -0.0195408 0.00291906
1.88011 -0.0195408 0.00291823
1.88511 -0.0195408 0.00291234
1.89011 -0.0195408 0.00291688
1.89511 -0.0195408 0.00291932
1.90011 -0.0195408 0.00291885
1.90511 -0.0195408 0.00292068
1.91011 -0.0195408 0.0028749
1.9151 -0.0195408 0.00292589
1.9201 -0.0195408 0.00291891
1.92511 -0.0195408 0.00291953
1.93011 -0.0195408 0.00291828
1.9351 -0.0195408 0.00292516
1.9401 -0.0195408 0.00291886
1.94511 -0.0195408 0.00291797
1.95011 -0.0195408 0.00291943
1.95511 -0.0195408 0.000918125
1.96011 -0.0195408 0.00291833
1.96511 -0.0195408 0.00291792
1.97011 -0.0195408 0.00291823
1.97511 -0.0195408 0.00291844
1.98011 -0.0195408 0.00291828
1.98511 -0.0195408 0.00291875
1.99011 -0.0195408 0.00291886
1.99511 -0.0195408 0.00291943
2.00011 -0.0195408 0.00291823
2.00511 -0.0195408 0.00292016
2.01011 -0.0195408 0.00291865
2.01515 -0.0195408 0.00191818
2.02011 -0.0195408 0.00291667
2.02511 -0.0195408 0.00291958
2.03011 -0.0195408 0.00291761
2.03511 -0.0195408 0.00291922
2.04011 -0.0195408 0.00291833
2.04511 -0.0195408 0.00291906
2.05011 -0.0195408 0.00291859
2.05511 -0.0195408 0.00291948
2.06011 -0.0195408 0.0029175
2.06511 -0.0195408 0.00292021
2.07011 -0.0195408 0.00291734
2.07511 -0.0195408 0.00291958
2.08011 -0.0195408 0.00291859
2.08511 -0.0195408 0.00291948
2.09011 -0.0195408 0.00291818
2.09511 -0.0195408 0.00292
2.10011 -0.0195408 0.00291844
2.10511 -0.0195408 0.0029188
2.11011 -0.0195408 0.00291833
2.11511 -0.0195408 0.00291724
2.12011 -0.0195408 0.00291828
2.12511 -0.0195408 0.00291964
2.13011 -0.0195408 0.0029175
2.13511 -0.0195408 0.00292047
2.14011 -0.0195408 0.00291865
2.1451 -0.0195408 0.00292667
2.1501 -0.0195408 0.00292156
2.15517 -0.0195408 0.00191745
2.16011 -0.0195408 0.00291828
2.1651 -0.0195408 0.00292594
2.1701 -0.0195408 0.00291313
2.17511 -0.0195408 0.00291828
2.18011 -0.0195408 0.0029174
2.18511 -0.0195408 0.00291922
2.19011 -0.0195408 0.00291807
2.19511 -0.0195408 0.00291833
2.20011 -0.0195408 0.00291813
2.20511 -0.0195408 0.00292125
2.21011 -0.0195408 0.00291813
2.21511 -0.0195408 0.00287823
2.22011 -0.0195408 0.00291807
2.22511 -0.0195408 0.00291875
2.23011 -0.0195408 0.00291755
2.23511 -0.0195408 0.00291927
2.24011 -0.0195408 0.00291823
2.24511 -0.0195408 0.00292016
2.25011 -0.0195408 0.00291854
2.25511 -0.0195408 0.00292026
2.26011 -0.0195408 0.00291964
2.26511 -0.0195408 0.00291891
2.27011 -0.0195408 0.00291927
2.27511 -0.0195408 0.00292078
2.28011 -0.0195408 0.00291818
2.28511 -0.0195408 0.00291979
2.29011 -0.0195408 0.00291026
2.29511 -0.0195408 0.00291958
2.30011 -0.0195408 0.00291839
2.30511 -0.0195408 0.00291943
2.31011 -0.0195408 0.00291823
2.31511 -0.0195408 0.00291979
2.32015 -0.0195408 0.00191859
2.32511 -0.0195408 0.000919532
2.33011 -0.0195408 0.00291761
2.33511 -0.0195408 0.00292068
2.34011 -0.0195408 0.00291745
2.34511 -0.0195408 0.00292005
2.35011 -0.0195408 0.00291875
2.3551 -0.0195408 0.00292662
2.3601 -0.0195408 0.00291589
2.36511 -0.0195408 0.00291797
2.37011 -0.0195408 0.00291615
2.37511 -0.0195408 0.00291906
2.38011 -0.0195408 0.00291771
2.38511 -0.0195408 0.000918698
2.3901 -0.0195408 0.00291828
2.39511 -0.0195408 0.00291906
2.40011 -0.0195408 0.00292037
2.40511 -0.0195408 0.00291932
2.41011 -0.0195408 0.00291698
2.4151 -0.0195408 0.00292677
2.4201 -0.0195408 0.00291589
2.42511 -0.0195408 0.00291818
2.43011 -0.0195408 0.00291656
2.43511 -0.0195408 0.00291875
2.44011 -0.0195408 0.00291703
2.44511 -0.0195408 0.00291896
2.45011 -0.0195408 0.00291886
2.45511 -0.0195408 0.00291969
2.46011 -0.0195408 0.00291818
2.46511 -0.0195408 0.00292021
2.47011 -0.0195408 0.00291802
2.47511 -0.0195408 0.00091948
2.48011 -0.0195408 0.00291682
2.48511 -0.0195408 0.00292068
2.49011 -0.0195408 0.00291901
2.49511 -0.0195408 0.00292042
2.50011 -0.0195408 0.00291854
2.50511 -0.0195408 0.00292042
2.51011 -0.0195408 0.00291839
2.51511 -0.0195408 0.00291964
2.52011 -0.0195408 0.00291448
2.52511 -0.0195408 0.000917032
2.53011 -0.0195408 0.00291537
2.53511 -0.0195408 0.000919011
2.54011 -0.0195408 0.00291698
2.54511 -0.0195408 0.0029199
2.55011 -0.0195408 0.00291906
2.55511 -0.0195408 0.00291813
2.56011 -0.0195408 0.00291927
2.5651 -0.0195408 0.00292734
2.5701 -0.0195408 0.00291531
2.57511 -0.0195408 0.00291818
2.58011 -0.0195408 0.00291761
2.58511 -0.0195408 0.00291839
2.59011 -0.0195408 0.0029174
2.59511 -0.0195408 0.000919532
2.60011 -0.0195408 0.00291849
2.60511 -0.0195408 0.00292011
2.61011 -0.0195408 0.00291771
2.61511 -0.0195408 0.00291948
2.62011 -0.0195408 0.0028763
2.62511 -0.0195408 0.00291761
2.63011 -0.0195408 0.00291719
2.63511 -0.0195408 0.00291948
2.64011 -0.0195408 0.00291875
2.64511 -0.0195408 0.00291818
2.65011 -0.0195408 0.00291906
2.65511 -0.0195408 0.00292021
2.66011 -0.0195408 0.00291828
2.6651 -0.0195408 0.00292609
2.6701 -0.0195408 0.00292016
2.67511 -0.0195408 0.00292
2.68011 -0.0195408 0.00291906
2.68511 -0.0195408 0.00292057
2.69011 -0.0195408 0.00291891
2.69511 -0.0195408 0.00291938
2.70011 -0.0195408 0.0029188
2.70511 -0.0195408 0.00291927
2.71011 -0.0195408 0.00291662
2.71511 -0.0195408 0.00091948
2.72011 -0.0195408 0.0028762
2.7251 -0.0195408 0.002925
2.7301 -0.0195408 0.00283089
2.73511 -0.0195408 0.00291974
2.74011 -0.0195408 0.00291792
2.74511 -0.0195408 0.00292047
2.75011 -0.0195408 0.00291833
2.75511 -0.0195408 0.00291948
2.76011 -0.0195408 0.00291807
2.76511 -0.0195408 0.00291953
2.77011 -0.0195408 0.00291786
2.7751 -0.0195408 0.00292568
2.7801 -0.0195408 0.00291896
2.78511 -0.0097704 0.00291818
2.79011 -0.0195408 0.00291938
2.79511 -0.0195408 0.00291886
2.80011 -0.0195408 0.00291865
2.80511 -0.0195408 0.00291969
2.81011 -0.0195408 0.00291786
2.81511 -0.0195408 0.00091974
2.82011 -0.0195408 0.00291849
2.82515 -0.0195408 0.00191802
2.83011 -0.0195408 0.00291813
2.83511 -0.0195408 0.00291818
2.84011 -0.0195408 0.00291719
2.8451 -0.0195408 0.00291932
2.85011 -0.0195408 0.00291932
2.85511 -0.0195408 0.00291953
2.86011 -0.0195408 0.00291859
2.86511 -0.0195408 0.00291948
2.87011 -0.0195408 0.00291745
2.87511 -0.0195408 0.00292031
2.88011 -0.0195408 0.00291901
2.88511 -0.0195408 0.00292011
2.89011 -0.0195408 0.00291844
2.89511 -0.0195408 0.00292057
2.90011 -0.0195408 0.00291865
2.90511 -0.0195408 0.00292521
2.91011 -0.0195408 0.00291886
2.9151 -0.0195408 0.0029263
2.9201 -0.0195408 0.00291594
2.92515 -0.0195408 0.00191719
2.93011 -0.0195408 0.00291786
2.93511 -0.0195408 0.00292005
2.94011 -0.0195408 0.00291844
2.94511 -0.0195408 0.00291943
2.95011 -0.0195408 0.00291776
2.95511 -0.0195408 0.00291859
2.96011 -0.0195408 0.00291953
2.96511 -0.0195408 0.00291911
2.97011 -0.0195408 0.000918126
2.97511 -0.0195408 0.0029113
2.98011 -0.0195408 0.00291708
2.9851 -0.0195408 0.00292641
2.9901 -0.0195408 0.00291589
2.99511 -0.0195408 0.00291906
3.00011 -0.0195408 0.00291865
3.00511 -0.0195408 0.00291818
3.01011 -0.0195408 0.00291719
3.01511 -0.0195408 0.00292042
3.02011 -0.0195408 0.00291927
3.02511 -0.0195408 0.00291156
3.03011 -0.0195408 0.00291854
3.03511 -0.0195408 0.00291953
3.04011 -0.0195408 0.00291844
3.04511 -0.0195408 0.00291948
3.05011 -0.0195408 0.00291833
3.05511 -0.0195408 0.00292021
3.06011 -0.0195408 0.000919688
3.06511 -0.0195408 0.00292026
3.07011 -0.0195408 0.00291792
3.07511 -0.0195408 0.00291854
3.08011 -0.0195408 0.00291901
3.08511 -0.0195408 0.00291839
3.09011 -0.0195408 0.000919272
3.09511 -0.0195408 0.00292011
3.10011 -0.0195408 0.00291844
3.10511 -0.0195408 0.00291984
3.11011 -0.0195408 0.00291828
3.11511 -0.0195408 0.00291969
3.12011 -0.0195408 0.00291911
3.12511 -0.0195408 0.00287792
3.13011 -0.0195408 0.00291047
3.13511 -0.0195408 0.00291735
3.14011 -0.0195408 0.00291667
3.14511 -0.0195408 0.00291844
3.15011 -0.0195408 0.00291896
3.15511 -0.0195408 0.00292047
3.16011 -0.0195408 0.00291901
3.1651 -0.0195408 0.00292724
3.1701 -0.0195408 0.00292021
3.17511 -0.0195408 0.00291896
3.18011 -0.0195408 0.000918386
3.18511 -0.0195408 0.00291896
3.19011 -0.0195408 0.00291917
3.1951 -0.0195408 0.00292682
3.2001 -0.0195408 0.00292307
3.2051 -0.0195408 0.002925
3.2101 -0.0195408 0.00291859
3.21511 -0.0195408 0.00291818
3.22011 -0.0195408 0.00291922
3.22511 -0.0195408 0.0028775
3.23011 -0.0195408 0.00291813
3.23511 -0.0195408 0.00291979
3.24011 -0.0195408 0.00291901
3.24511 -0.0195408 0.00291953
3.25011 -0.0195408 0.00291953
3.25511 -0.0195408 0.00292021
3.26011 -0.0195408 0.00291766
3.26511 -0.0195408 0.00291859
3.27011 -0.0195408 0.00291776
3.27511 -0.0195408 0.00291969
3.28011 -0.0195408 0.00291917
3.28511 -0.0195408 0.00292109
3.29011 -0.0195408 0.00291729
3.29511 -0.0195408 0.00292042
3.30011 -0.0195408 0.000918751
3.30511 -0.0195408 0.00292047
3.31011 -0.0195408 0.00291865
3.31511 -0.0195408 0.00291917
3.32011 -0.0195408 0.00291125
3.32511 -0.0195408 0.00292011
3.33015 -0.0195408 0.00191776
3.33511 -0.0195408 0.00291865
3.34011 -0.0195408 0.00291672
3.34511 -0.0195408 0.00291938
3.35011 -0.0195408 0.00291917
3.35511 -0.0195408 0.00291948
3.36011 -0.0195408 0.00291771
3.36511 -0.0195408 0.00291974
3.37011 -0.0195408 0.00291807
3.37511 -0.0195408 0.00291974
3.38011 -0.0195408 0.00291771
3.38511 -0.0195408 0.00291911
3.39011 -0.0195408 0.00291906
3.39511 -0.0195408 0.00291958
3.40011 -0.0195408 0.00291854
3.4051 -0.0195408 0.00292693
3.4101 -0.0195408 0.00292547
3.4151 -0.0195408 0.00292635
3.4201 -0.0195408 0.00291891
3.42511 -0.0195408 0.00291818
3.43015 -0.0195408 0.00191693
3.43511 -0.0195408 0.00291927
3.44011 -0.0195408 0.00291771
3.44511 -0.0195408 0.00291886
3.45011 -0.0195408 0.000919324
3.45511 -0.0195408 0.00291943
3.46011 -0.0195408 0.00291849
3.46511 -0.0195408 0.00291917
3.47011 -0.0195408 0.00291833
3.47511 -0.0195408 0.00292042
3.48011 -0.0195408 0.00291891
3.48511 -0.0195408 0.00291953
3.49011 -0.0195408 0.00291745
3.49511 -0.0195408 0.00292073
3.50011 -0.0195408 0.00291938
3.50511 -0.0195408 0.00291953
3.51011 -0.0195408 0.0029188
3.51511 -0.0195408 0.00291896
3.52011 -0.0195408 0.00291818
3.52511 -0.0195408 0.00291901
3.53015 -0.0195408 0.00191745
3.53511 -0.0195408 0.00291969
3.54011 -0.0195408 0.00291771
3.54511 -0.0195408 0.00291964
3.55011 -0.0195408 0.00291917
3.55511 -0.0195408 0.00291979
3.56011 -0.0195408 0.00291912
3.56511 -0.0195408 0.00292083
3.57011 -0.0195408 0.000911355
3.57511 -0.0195408 0.00291958
3.58011 -0.0195408 0.00291844
3.58511 -0.0195408 0.00291917
3.59011 -0.0195408 0.00291787
3.59511 -0.0195408 0.00292073
3.60011 -0.0195408 0.00291969
3.60511 -0.0195408 0.00291849
3.61011 -0.0195408 0.00291797
3.6151 -0.0195408 0.00292667
3.6201 -0.0195408 0.0029187
3.62511 -0.0195408 0.00292016
3.63011 -0.0195408 0.00291797
3.63511 -0.0195408 0.0029187
3.64011 -0.0195408 0.00291938
3.64511 -0.0195408 0.00291912
3.65011 -0.0195408 0.00291802
3.65511 -0.0195408 0.00291865
3.66011 -0.0195408 0.00291771
3.6651 -0.0195408 0.00292667
3.6701 -0.0195408 0.00291912
3.67511 -0.0195408 0.00292016
3.68011 -0.0195408 0.00291771
3.68511 -0.0195408 0.00291979
3.69011 -0.0195408 0.00291714
3.69511 -0.0195408 0.00292042
3.70011 -0.0195408 0.00291839
3.70511 -0.0195408 0.00291849
3.71011 -0.0195408 0.00291615
3.71511 -0.0195408 0.00291953
3.72011 -0.0195408 0.00291745
3.72511 -0.0195408 0.00291875
3.73011 -0.0195408 0.00287573
3.73511 -0.0195408 0.00291766
3.74011 -0.0195408 0.00291729
3.74511 -0.0195408 0.0029188
3.75011 -0.0195408 0.00291703
3.75511 -0.0195408 0.00291912
3.76011 -0.0195408 0.00291932
3.76511 -0.0195408 0.00291906
3.77011 -0.0195408 0.00291708
3.77511 -0.0195408 0.00291781
3.78011 -0.0195408 0.00291797
3.78511 -0.0195408 0.00291787
3.79011 -0.0195408 0.00291833
3.79511 -0.0195408 0.00291985
3.80011 -0.0195408 0.00291839
3.80511 -0.0195408 0.00291891
3.81011 -0.0195408 0.00291714
3.81511 -0.0195408 0.00291917
3.82011 -0.0195408 0.00291802
3.8251 -0.0195408 0.00292516
3.8301 -0.0195408 0.00291719
3.83515 -0.0195408 0.0019174
3.84011 -0.0195408 0.00291724
3.84511 -0.0195408 0.00292073
3.85011 -0.0195408 0.00291833
3.85511 -0.0195408 0.00291922
3.86011 -0.0195408 0.00291755
3.86511 -0.0195408 0.00291974
3.87011 -0.0195408 0.00291875
3.87511 -0.0195408 0.00292011
3.88011 -0.0195408 0.00291771
3.88511 -0.0195408 0.00291844
3.89011 -0.0195408 0.00291844
3.89511 -0.0195408 0.00292068
3.90011 -0.0195408 0.00291912
3.90511 -0.0195408 0.00292
3.91011 -0.0195408 0.00291839
3.9151 -0.0195408 0.00292656
3.9201 -0.0195408 0.00291901
3.92511 -0.0195408 0.00292047
3.93011 -0.0195408 0.000918022
3.93511 -0.0195408 0.00287682
3.94011 -0.0195408 0.00291771
3.94511 -0.0195408 0.00291891
3.95011 -0.0195408 0.0029187
3.95511 -0.0195408 0.00291953
3.96011 -0.0195408 0.00291703
3.96511 -0.0195408 0.00292005
3.97011 -0.0195408 0.00291948
3.97511 -0.0195408 0.00291182
3.98011 -0.0195408 0.00291724
3.98511 -0.0195408 0.00292063
3.99011 -0.0195408 0.00291776
3.99511 -0.0195408 0.00291969
4.00011 -0.0195408 0.00291912
4.00511 -0.0195408 0.00291932
4.01011 -0.0195408 0.00291802
4.01511 -0.0195408 0.00291958
4.02011 -0.0195408 0.00291781
4.02511 -0.0195408 0.00291229
4.03011 -0.0195408 0.00291735
4.0351 -0.0195408 0.00292656
4.04014 -0.0195408 0.00191708
4.04511 -0.0195408 0.00291771
4.05011 -0.0195408 0.000917866
4.05511 -0.0195408 0.00291839
4.06011 -0.0195408 0.00291818
4.06511 -0.0195408 0.00292005
4.07011 -0.0195408 0.00291797
4.07511 -0.0195408 0.00291906
4.08011 -0.0195408 0.00291787
4.08511 -0.0195408 0.00291948
4.09011 -0.0195408 0.00291844
4.09511 -0.0195408 0.00291901
4.10011 -0.0195408 0.00291844
4.10511 -0.0195408 0.00292057
4.11011 -0.0195408 0.00291802
4.11511 -0.0195408 0.00291912
4.12011 -0.0195408 0.00291755
4.12511 -0.0195408 0.00291875
4.13011 -0.0195408 0.00291714
4.13511 -0.0195408 0.00291969
4.14015 -0.0195408 0.00191719
4.14511 -0.0195408 0.00291922
4.15011 -0.0195408 0.00291865
4.15511 -0.0195408 0.00291938
4.16011 -0.0195408 0.00291781
4.1651 -0.0195408 0.00292521
4.1701 -0.0195408 0.00291802
4.17511 -0.0195408 0.00291896
4.18011 -0.0195408 0.00291672
4.18511 -0.0195408 0.00291901
4.19011 -0.0195408 0.00291943
4.19511 -0.0195408 0.00292026
4.20011 -0.0195408 0.00291859
4.20511 -0.0195408 0.00291969
4.21011 -0.0195408 0.00291813
4.21511 -0.0195408 0.00292005
4.22011 -0.0195408 0.00291635
4.22511 -0.0195408 0.00292011
4.23011 -0.0195408 0.00091771
4.23511 -0.0195408 0.00292125
4.24015 -0.0195408 0.00191688
4.2451 -0.0195408 0.00292547
4.2501 -0.0195408 0.00291818
4.25511 -0.0195408 0.00291818
4.26011 -0.0195408 0.00291662
4.26511 -0.0195408 0.00292016
4.27011 -0.0195408 0.00291865
4.27511 -0.0195408 0.00291932
4.28011 -0.0195408 0.00291922
4.2851 -0.0195408 0.00291979
4.29011 -0.0195408 0.0029187
4.29511 -0.0195408 0.00291865
4.30011 -0.0195408 0.00291834
4.30511 -0.0195408 0.0029186
4.31011 -0.0195408 0.00291714
4.31511 -0.0195408 0.00292037
4.32011 -0.0195408 0.00291891
4.32511 -0.0195408 0.00291969
4.33011 -0.0195408 0.00291865
4.33511 -0.0195408 0.00291906
4.34015 -0.0195408 0.00191682
4.34511 -0.0195408 0.00292031
4.35011 -0.0195408 0.00291875
4.35511 -0.0195408 0.00292011
4.36011 -0.0195408 0.00291948
4.36511 -0.0195408 0.00292011
4.37011 -0.0195408 0.0029187
4.37511 -0.0195408 0.00291943
4.38011 -0.0195408 0.00291735
4.38511 -0.0195408 0.00292021
4.39011 -0.0195408 0.00291834
4.39511 -0.0195408 0.00291953
4.40011 -0.0195408 0.0029188
4.40511 -0.0195408 0.00291984
4.41011 -0.0195408 0.000925626
4.4151 -0.0195408 0.00292682
4.4201 -0.0195408 0.00291938
4.42511 -0.0195408 0.00291979
4.43011 -0.0195408 0.00291656
4.43511 -0.0195408 0.00291938
4.44011 -0.0195408 0.00287438
4.44511 -0.0195408 0.000918126
4.45011 -0.0195408 0.00291896
4.4551 -0.0195408 0.00292615
4.4601 -0.0195408 0.00291948
4.46511 -0.0195408 0.00291959
4.47011 -0.0195408 0.00292031
4.47511 -0.0195408 0.00291807
4.48011 -0.0195408 0.00291875
4.48511 -0.0195408 0.00291886
4.49011 -0.0195408 0.00291146
4.49511 -0.0195408 0.000917814
4.50011 -0.0195408 0.000918699
4.50511 -0.0195408 0.00291886
4.51011 -0.0195408 0.0029187
4.51511 -0.0195408 0.00292052
4.52011 -0.0195408 0.00291031
4.52511 -0.0195408 0.00292016
4.53011 -0.0195408 0.000919064
4.53511 -0.0195408 0.00291938
4.54011 -0.0195408 0.00287412
4.54511 -0.0195408 0.00291859
4.55011 -0.0195408 0.00291813
4.55511 -0.0195408 0.00291959
4.56011 -0.0195408 0.00291922
4.56511 -0.0195408 0.00292
4.57011 -0.0195408 0.00291698
4.57511 -0.0195408 0.00291979
4.58011 -0.0195408 0.00291813
4.58511 -0.0195408 0.00292016
4.59011 -0.0195408 0.00291844
4.59511 -0.0195408 0.00291985
4.60011 -0.0195408 0.0029199
4.60511 -0.0195408 0.00292063
4.61011 -0.0195408 0.00291807
4.61511 -0.0195408 0.00292031
4.62011 -0.0195408 0.00291828
4.62511 -0.0195408 0.00291901
4.63011 -0.0195408 0.00291906
4.63511 -0.0195408 0.00292094
4.64011 -0.0195408 0.00291901
4.64515 -0.0195408 0.00191797
4.65011 -0.0195408 0.000918022
4.65511 -0.0195408 0.0029187
4.66011 -0.0195408 0.00291932
4.6651 -0.0195408 0.00292698
4.6701 -0.0195408 0.00290823
4.67511 -0.0195408 0.00292052
4.68011 -0.0195408 0.00291776
4.68511 -0.0195408 0.00291818
4.69011 -0.0195408 0.00291677
4.69511 -0.0195408 0.00292037
4.70011 -0.0195408 0.00291969
4.70511 -0.0195408 0.00291959
4.71011 -0.0195408 0.00291849
4.71511 -0.0195408 0.00292052
4.72011 -0.0195408 0.00292026
4.72511 -0.0195408 0.00291964
4.73011 -0.0195408 0.00291938
4.73511 -0.0195408 0.00291964
4.74011 -0.0195408 0.00291844
4.74515 -0.0195408 0.00191865
4.75011 -0.0195408 0.00291901
4.75511 -0.0195408 0.00291912
4.76011 -0.0195408 0.00291844
4.76511 -0.0195408 0.00291948
4.77011 -0.0195408 0.00291766
4.77511 -0.0195408 0.00291922
4.78011 -0.0195408 0.00291886
4.78511 -0.0195408 0.00291984
4.79011 -0.0195408 0.00291854
4.79511 -0.0195408 0.00292073
4.80011 -0.0195408 0.00291797
4.8051 -0.0195408 0.00292662
4.8101 -0.0195408 0.00285578
4.81511 -0.0195408 0.00291828
4.82011 -0.0195408 0.00291927
4.82511 -0.0195408 0.00291943
4.83011 -0.0195408 0.0029175
4.83511 -0.0195408 0.00291969
4.84011 -0.0195408 0.00291917
4.84511 -0.0195408 0.00287938
4.85011 -0.0195408 0.00091896
4.85511 -0.0195408 0.00291886
4.86011 -0.0195408 0.00292026
4.86511 -0.0195408 0.0029188
4.87011 -0.0195408 0.00291776
4.8751 -0.0195408 0.00292662
4.8801 -0.0195408 0.00291641
4.88511 -0.0195408 0.00291917
4.89011 -0.0195408 0.00291896
4.89511 -0.0195408 0.00292
4.90011 -0.0195408 0.00291854
4.90511 -0.0195408 0.00292136
4.91011 -0.0195408 0.00291776
4.9151 -0.0195408 0.00292636
4.9201 -0.0195408 0.00292052
4.92511 -0.0195408 0.00291896
4.93011 -0.0195408 0.00291828
4.93511 -0.0195408 0.00291818
4.94011 -0.0195408 0.000919689
4.94511 -0.0195408 0.00287792
4.95011 -0.0195408 0.00291854
4.95511 -0.0195408 0.00291922
4.96011 -0.0195408 0.00291078
4.96511 -0.0195408 0.00291922
4.97011 -0.0195408 0.00291724
4.97511 -0.0195408 0.00292031
4.98011 -0.0195408 0.00291839
4.98511 -0.0195408 0.00291964
4.99011 -0.0195408 0.00291859
4.99511 -0.0195408 0.00291901
5.00011 -0.0195408 0.00291896
5.00511 -0.0195408 0.00291875
5.01011 -0.0195408 0.00291865
5.01511 -0.0195408 0.00292
5.02011 -0.0195408 0.00291755
5.02511 -0.0195408 0.00292005
5.03011 -0.0195408 0.00291844
5.03511 -0.0195408 0.00291938
5.04011 -0.0195408 0.00291823
5.04511 -0.0195408 0.00292037
5.05015 -0.0195408 0.00191797
5.05511 -0.0195408 0.00292021
5.06011 -0.0195408 0.000918231
5.06511 -0.0195408 0.00291959
5.07011 -0.0195408 0.00291839
5.07511 -0.0195408 0.00291959
5.08011 -0.0195408 0.00291667
5.0851 -0.0195408 0.00292688
5.0901 -0.0195408 0.0029188
5.09511 -0.0195408 0.00291828
5.10011 -0.0195408 0.00291849
5.10511 -0.0195408 0.00291953
5.11011 -0.0195408 0.00291729
5.11511 -0.0195408 0.00291807
