1.719e-06 0 0.0049826
0.00524292 0 0.00475349
0.0101044 0 0.0048938
0.0151011 0 0.00489708
0.0200992 0 0.00489906
0.0251534 0 0.00484464
0.0301076 0 0.00488974
0.0351059 0 0.00489214
0.0400997 0 0.00489859
0.0450991 0 0.00489911
0.0500987 0 0.00489948
0.0550995 0 0.00489875
0.0600991 0 0.00489906
0.0651046 0 0.0048937
0.0701006 0 0.00489714
0.0751054 0 0.00489281
0.080099 0 0.00489927
0.0851043 0 0.00489391
0.0900994 0 0.0048988
0.095099 0 0.00489922
0.100099 0 0.00489964
0.105104 0 0.0048937
0.1101 0 0.0048976
0.115105 0 0.00489297
0.120099 0 0.00489896
0.125104 0 0.00489391
0.130101 0 0.00489729
0.135099 0 0.00489938
0.140099 0 0.00489885
0.145104 0 0.00489375
0.1501 0 0.0048987
0.155104 0 0.00489396
0.160099 0 0.00489865
0.165104 0 0.00489417
0.1701 0 0.00489792
0.1751 0 0.00489823
0.180099 0 0.00489891
0.185105 0 0.00489339
0.1901 0 0.00489854
0.195104 0 0.0048938
0.2001 0 0.00489854
0.205105 0 0.00489354
0.2101 0 0.0048976
0.215099 0 0.0048987
0.220099 0 0.00489896
0.225099 0 0.00489932
0.230141 0 0.00485755
0.235109 0 0.00488859
0.2401 0 0.00489828
0.245105 0 0.00489349
0.250099 0 0.00489917
0.255099 0 0.00489896
0.260101 0 0.00489708
0.265107 0 0.00489146
0.270101 0 0.00489719
0.275105 0 0.00489271
0.2801 0 0.00489844
0.285104 0 0.00489401
0.290099 0 0.00489891
0.295099 0 0.00489906
0.3001 0 0.00489859
0.305104 0 0.00489401
0.3101 0 0.00489802
0.315105 0 0.00489365
0.3201 0 0.00489854
0.325105 0 0.00489365
0.330141 0 0.00485755
0.335103 0 0.00489536
0.340099 0 0.00489875
0.345105 0 0.00489323
0.350099 0 0.00489891
0.355104 0 0.0048938
0.3601 0 0.00489839
0.365104 0 0.00489391
0.3701 0 0.00489844
0.375099 0 0.00489896
0.380099 0 0.00489938
0.385104 0 0.00489385
0.3901 0 0.00489849
0.395104 0 0.00489438
0.4001 0 0.00489859
0.405099 0 0.00489932
0.410101 0 0.0048974
0.415099 0 0.00489906
0.420099 0 0.00489896
0.425105 0 0.00489365
0.430099 0 0.0048988
0.4351 0 0.00489839
0.440099 0 0.00489906
0.445105 0 0.00489365
0.4501 0 0.0048975
0.4551 0 0.00489828
0.460099 0 0.00489932
0.465105 0 0.00489292
0.4701 0 0.00489839
0.475105 0 0.00489339
0.480099 0 0.0048988
0.485104 0 0.00489396
0.4901 0 0.00489755
0.495099 0 0.0048988
0.500099 0 0.00489932
0.5051 0 0.00489859
0.510098 0 0.00489984
0.515105 0 0.00489312
0.5201 0 0.00489859
0.525105 0 0.00489354
0.5301 0 0.00489802
0.53514 0 0.00485781
0.540102 0 0.00489635
0.545101 0 0.00489755
0.550099 0 0.00489875
0.555105 0 0.00489318
0.560099 0 0.00489911
0.565104 0 0.00489417
0.5701 0 0.00489849
0.575099 0 0.00489922
0.580099 0 0.00489844
0.585105 0 0.00489271
0.590099 0 0.00489896
0.595104 0 0.00489391
0.6001 0 0.00489828
0.605104 0 0.00489417
0.610099 0 0.00489911
0.615098 0 0.0049
0.620099 0 0.00489943
0.625104 0 0.00489406
0.6301 0 0.00489854
0.635147 0 0.00485062
0.640102 0 0.00489578
0.6451 0 0.00489797
0.650099 0 0.00489927
0.655099 0 0.00489896
0.660099 0 0.00489938
0.665104 0 0.00489375
0.670099 0 0.0048988
0.675105 0 0.00489359
0.6801 0 0.00489787
0.685105 0 0.00489349
0.690099 0 0.00489896
0.695099 0 0.00489922
0.700099 0 0.00489948
0.705104 0 0.0048937
0.7101 0 0.00489828
0.715104 0 0.00489385
0.7201 0 0.00489839
0.725104 0 0.00489417
0.7301 0 0.00489859
0.735099 0 0.00489943
0.740137 0 0.00486068
0.745107 0 0.00489063
0.750101 0 0.0048974
0.755105 0 0.00489339
0.760099 0 0.0048988
0.765104 0 0.00489396
0.7701 0 0.00489818
0.775099 0 0.00489917
0.780099 0 0.00489896
0.785104 0 0.0048937
0.790099 0 0.00489922
0.795099 0 0.00489901
0.800099 0 0.00489917
0.805105 0 0.00489375
0.810099 0 0.00489906
0.815099 0 0.0048988
0.820099 0 0.00489938
0.825104 0 0.00489391
0.830099 0 0.00489885
0.835104 0 0.00489385
0.840139 0 0.00485958
0.845107 0 0.00489089
0.8501 0 0.00489792
0.855099 0 0.00489927
0.860099 0 0.00489922
0.865104 0 0.00489417
0.8701 0 0.00489844
0.875104 0 0.00489406
0.8801 0 0.00489755
0.885105 0 0.00489344
0.890099 0 0.00489922
0.895099 0 0.00489906
0.900099 0 0.00489958
0.9051 0 0.00489849
0.910099 0 0.00489896
0.915105 0 0.00489318
0.920101 0 0.00489745
0.925105 0 0.00489365
0.9301 0 0.00489833
0.935099 0 0.00489885
0.940099 0 0.00489917
0.945144 0 0.0048537
0.950102 0 0.00489594
0.955107 0 0.00489162
0.960099 0 0.0048988
0.965105 0 0.00489349
0.970099 0 0.00489922
0.975099 0 0.00489896
0.980099 0 0.00489885
0.985097 0 0.00490068
0.990101 0 0.00489755
0.995104 0 0.00489385
1.0001 0 0.00489839
1.0051 0 0.00489417
1.0101 0 0.0048987
1.0151 0 0.00489901
1.0201 0 0.00489911
1.0251 0 0.00489422
1.0301 0 0.00489745
1.03511 0 0.00489286
1.0401 0 0.00489823
1.0451 0 0.00489911
1.0501 0 0.00489875
1.0551 0 0.00489828
1.0601 0 0.00489906
1.0651 0 0.00489859
1.0701 0 0.00489964
1.0751 0 0.00489406
1.0801 0 0.00489844
1.0851 0 0.00489396
1.0901 0 0.00489865
1.0951 0 0.00489891
1.1001 0 0.00489896
1.1051 0 0.0048937
1.1101 0 0.00489672
1.1151 0 0.00489344
1.1201 0 0.00489917
1.1251 0 0.00489365
1.1301 0 0.00489885
1.1351 0 0.00489917
1.1401 0 0.00489896
1.1451 0 0.00489359
1.15014 0 0.00485969
1.15511 0 0.0048901
1.1601 0 0.00489823
1.1651 0 0.00489339
1.1701 0 0.00489906
1.1751 0 0.00489911
1.1801 0 0.00489896
1.1851 0 0.0048937
1.1901 0 0.0048987
1.1951 0 0.00489432
1.2001 0 0.00489797
1.2051 0 0.00489365
1.2101 0 0.00489839
1.2151 0 0.0048988
1.2201 0 0.00489911
1.2251 0 0.00489323
1.2301 0 0.00489833
1.2351 0 0.00489417
1.2401 0 0.00489859
1.2451 0 0.00489385
1.2501 0 0.00489844
1.25514 0 0.00486
1.2601 0 0.0048963
1.26511 0 0.00489281
1.2701 0 0.00489823
1.2751 0 0.00489901
1.2801 0 0.00489917
1.2851 0 0.00489375
1.2901 0 0.00489865
1.2951 0 0.00489906
1.3001 0 0.00489839
1.3051 0 0.0048938
1.3101 0 0.0048987
1.3151 0 0.0048938
1.3201 0 0.0048987
1.3251 0 0.00489344
1.3301 0 0.0048988
1.3351 0 0.00489906
1.3401 0 0.00489906
1.3451 0 0.00489313
1.3501 0 0.00489854
1.35514 0 0.00485411
1.3601 0 0.00489594
1.36511 0 0.00489203
1.3701 0 0.00489859
1.3751 0 0.00489885
1.3801 0 0.00489938
1.3851 0 0.0048937
1.3901 0 0.0048987
1.3951 0 0.00489443
1.4001 0 0.00489833
1.4051 0 0.00489438
1.4101 0 0.00489896
1.4151 0 0.00489891
1.4201 0 0.00489901
1.4251 0 0.00489412
1.4301 0 0.00489875
1.4351 0 0.00489391
1.4401 0 0.00489875
1.4451 0 0.00489359
1.4501 0 0.0048988
1.4551 0 0.00489901
1.4601 0 0.00489865
1.46511 0 0.00489297
1.4701 0 0.00489844
1.4751 0 0.00489406
1.4801 0 0.00489813
1.4851 0 0.0048988
1.4901 0 0.00489932
1.4951 0 0.0048987
1.5001 0 0.00489906
1.5051 0 0.00489323
1.5101 0 0.00489865
1.5151 0 0.00489412
1.5201 0 0.00489771
1.5251 0 0.00489406
1.5301 0 0.00489891
1.5351 0 0.0048988
1.5401 0 0.0048987
1.5451 0 0.00489943
1.5501 0 0.00489964
1.5551 0 0.00489359
1.56014 0 0.00485896
1.56511 0 0.00489047
1.5701 0 0.00489755
1.5751 0 0.00489839
1.5801 0 0.00489917
1.5851 0 0.00489344
1.5901 0 0.00489901
1.5951 0 0.0048938
1.6001 0 0.00489865
1.6051 0 0.00489406
1.6101 0 0.00489891
1.6151 0 0.00489885
1.6201 0 0.00489875
1.6251 0 0.00489401
1.6301 0 0.00489849
1.6351 0 0.00489375
1.6401 0 0.00489792
1.6451 0 0.00489333
1.6501 0 0.00489891
1.6551 0 0.00489901
1.6601 0 0.00489875
1.66514 0 0.00485453
1.6701 0 0.00489604
1.67511 0 0.00489261
1.6801 0 0.00489875
1.6851 0 0.00489422
1.6901 0 0.0048986
1.6951 0 0.00489844
1.7001 0 0.00489922
1.7051 0 0.00489328
1.7101 0 0.00489823
1.7151 0 0.00489354
1.7201 0 0.00489865
1.7251 0 0.00489385
1.7301 0 0.00489901
1.7351 0 0.0048986
1.7401 0 0.00489896
1.7451 0 0.00489365
1.7501 0 0.00489849
1.7551 0 0.0048938
1.7601 0 0.00489917
1.7651 0 0.00489422
1.77014 0 0.00485886
1.7751 0 0.00489568
1.7801 0 0.00489818
1.7851 0 0.00489323
1.7901 0 0.00489891
1.7951 0 0.00489906
1.8001 0 0.00489964
1.8051 0 0.00489385
1.8101 0 0.00489875
1.8151 0 0.00489917
1.8201 0 0.00489969
1.8251 0 0.00489401
1.8301 0 0.00489875
1.8351 0 0.00489359
1.8401 0 0.00489901
1.8451 0 0.00489432
1.8501 0 0.00489839
1.8551 0 0.00489943
1.8601 0 0.0048987
1.8651 0 0.00489417
1.8701 0 0.00489922
1.87514 0 0.00485417
1.8801 0 0.00489568
1.88511 0 0.00489266
1.8901 0 0.0048988
1.8951 0 0.00489912
1.9001 0 0.00489958
1.9051 0 0.00489917
1.9101 0 0.00489906
1.9151 0 0.00489354
1.9201 0 0.00489797
1.9251 0 0.00489349
1.9301 0 0.00489849
1.9351 0 0.00489958
1.9401 0 0.00489927
1.9451 0 0.00489385
1.9501 0 0.00489844
1.9551 0 0.00489359
1.9601 0 0.00489875
1.9651 0 0.00489375
1.9701 0 0.00489917
1.9751 0 0.00489917
1.98014 0 0.00485969
1.98511 0 0.00489052
1.9901 0 0.00489802
1.9951 0 0.00489313
2.0001 0 0.00489896
2.0051 0 0.00489318
2.0101 0 0.0048988
2.0151 0 0.00489911
2.0201 0 0.00489917
2.0251 0 0.00490063
2.0301 0 0.00489995
2.03511 0 0.00489307
2.0401 0 0.00489854
2.0451 0 0.0048987
2.0501 0 0.00489912
2.0551 0 0.00489901
2.0601 0 0.00489917
2.0651 0 0.00489385
2.0701 0 0.00489797
2.0751 0 0.00489391
2.08014 0 0.00485891
2.08511 0 0.00489094
2.0901 0 0.0048975
2.0951 0 0.00489865
2.1001 0 0.00489917
2.1051 0 0.00489349
2.1101 0 0.00489891
2.1151 0 0.00489885
2.1201 0 0.00489917
2.1251 0 0.00489328
2.1301 0 0.00489854
2.1351 0 0.00489875
2.1401 0 0.00489912
2.1451 0 0.00489328
2.1501 0 0.0048986
2.1551 0 0.00489396
2.1601 0 0.00489776
2.1651 0 0.00489349
2.1701 0 0.0048986
2.1751 0 0.0048987
2.1801 0 0.00489917
2.18514 0 0.00485495
2.1901 0 0.00489542
2.19511 0 0.00489292
2.2001 0 0.00489865
2.2051 0 0.00489344
2.2101 0 0.00489823
2.2151 0 0.00489875
2.2201 0 0.00489927
2.2251 0 0.00489339
2.2301 0 0.00489818
2.2351 0 0.00489385
2.2401 0 0.00489854
2.2451 0 0.00489354
2.2501 0 0.00489906
2.2551 0 0.00489922
2.26009 0 0.00490531
2.2651 0 0.00489333
2.2701 0 0.00489589
2.27511 0 0.00489302
2.2801 0 0.00489849
2.2851 0 0.00489391
2.29014 0 0.00485792
2.2951 0 0.00489583
2.3001 0 0.00489792
2.30511 0 0.00489261
2.3101 0 0.00489813
2.3151 0 0.00489349
2.3201 0 0.00489849
2.3251 0 0.00490073
2.3301 0 0.00489912
2.3351 0 0.00489896
2.3401 0 0.0048986
2.3451 0 0.00489406
2.3501 0 0.0048988
2.3551 0 0.00489401
2.3601 0 0.00489844
2.3651 0 0.00489417
2.3701 0 0.00489787
2.3751 0 0.00489844
2.3801 0 0.0048988
2.3851 0 0.00489391
2.39014 0 0.00485906
2.39511 0 0.00489037
2.4001 0 0.00489781
2.4051 0 0.00489344
2.4101 0 0.00489901
2.4151 0 0.00489854
2.4201 0 0.00489932
2.4251 0 0.00489359
2.4301 0 0.00489818
2.4351 0 0.00489417
2.4401 0 0.00489885
2.4451 0 0.00489365
2.4501 0 0.00489865
2.4551 0 0.00489917
2.4601 0 0.00489922
2.4651 0 0.00489406
2.4701 0 0.00489849
2.4751 0 0.00489412
2.4801 0 0.00489813
2.4851 0 0.00489359
2.49014 0 0.00485922
2.4951 0 0.00489599
2.5001 0 0.00489849
2.5051 0 0.00489328
2.5101 0 0.00489823
2.5151 0 0.00489349
2.5201 0 0.0048987
2.5251 0 0.00489375
2.5301 0 0.00489854
2.5351 0 0.00489875
2.5401 0 0.00489979
2.5451 0 0.00489891
2.5501 0 0.00489912
2.5551 0 0.00489396
2.5601 0 0.00489854
2.56511 0 0.00489297
2.5701 0 0.00489813
2.5751 0 0.00489839
2.5801 0 0.00489891
2.5851 0 0.00489906
2.5901 0 0.00489922
2.59515 0 0.00485297
2.6001 0 0.0048949
2.60511 0 0.00489193
2.6101 0 0.00489792
2.6151 0 0.00489885
2.6201 0 0.00489906
2.6251 0 0.00489333
2.6301 0 0.00489844
2.6351 0 0.00489323
2.6401 0 0.00489766
2.6451 0 0.00489359
2.6501 0 0.0048987
2.6551 0 0.00489578
2.6601 0 0.00489797
2.66511 0 0.00489292
2.6701 0 0.00489833
2.67511 0 0.00489318
2.6801 0 0.00489672
2.68511 0 0.00489313
2.6901 0 0.00489839
2.6951 0 0.00489901
2.70014 0 0.00485563
2.70511 0 0.00488912
2.7101 0 0.00489771
2.71511 0 0.00489307
2.7201 0 0.00489865
2.72511 0 0.00489323
2.7301 0 0.00489834
2.7351 0 0.00489865
2.7401 0 0.00489802
2.7451 0 0.0048987
2.7501 0 0.0048988
2.7551 0 0.00489354
2.7601 0 0.00489865
2.7651 0 0.00489365
2.7701 0 0.00489901
2.7751 0 0.00489844
2.78011 0 0.00488755
2.78511 0 0.00488943
2.7901 0 0.00489849
2.7951 0 0.00489854
2.8001 0 0.00489828
2.80515 0 0.00484906
2.8101 0 0.00489516
2.8151 0 0.00489667
2.8201 0 0.00489958
2.8251 0 0.00489927
2.8301 0 0.00489834
2.83511 0 0.00489313
2.8401 0 0.00489854
2.84511 0 0.00489255
2.8501 0 0.00489766
2.8551 0 0.00489771
2.8601 0 0.00489943
2.8651 0 0.00489334
2.8701 0 0.00489875
2.8751 0 0.00489344
2.8801 0 0.00489839
2.88511 0 0.00489302
2.8901 0 0.00489813
2.8951 0 0.00489823
2.9001 0 0.00489901
2.90515 0 0.00485141
2.9101 0 0.0048949
2.91511 0 0.00489167
2.9201 0 0.00489787
2.9251 0 0.00489365
2.9301 0 0.00489839
2.9351 0 0.0048986
2.9401 0 0.00489917
2.94511 0 0.00489323
2.9501 0 0.00489844
2.9551 0 0.00489849
2.9601 0 0.00489896
2.9651 0 0.00489818
2.9701 0 0.0048938
2.9751 0 0.00489781
2.9801 0 0.00489813
2.9851 0 0.00489708
2.9901 0 0.00489828
2.99511 0 0.00489318
3.0001 0 0.00489802
3.0051 0 0.00489354
3.01014 0 0.00485813
3.0151 0 0.00489609
3.0201 0 0.00489776
3.02511 0 0.00489219
3.0301 0 0.00489787
3.0351 0 0.00489417
3.0401 0 0.00489807
3.0451 0 0.00489844
3.0501 0 0.00489719
3.0551 0 0.00489797
3.0601 0 0.00489875
3.0651 0 0.00489662
3.0701 0 0.00489885
3.0751 0 0.00489328
3.0801 0 0.00489834
3.08511 0 0.00489318
3.0901 0 0.0048987
3.0951 0 0.00489875
3.1001 0 0.00489906
3.1051 0 0.00489412
3.11014 0 0.0048575
3.11511 0 0.00488979
3.1201 0 0.00489734
3.1251 0 0.00489359
3.1301 0 0.00489865
3.1351 0 0.00489865
3.1401 0 0.00489886
3.1451 0 0.0048937
3.1501 0 0.00489813
3.15511 0 0.00489318
3.1601 0 0.0048986
3.1651 0 0.00489844
3.1701 0 0.00489901
3.1751 0 0.00489875
3.1801 0 0.00489932
3.1851 0 0.00489339
3.1901 0 0.00489787
3.1951 0 0.00489823
3.2001 0 0.00489875
3.2051 0 0.00489375
3.2101 0 0.00489886
3.21514 0 0.00485958
3.2201 0 0.00489537
3.22511 0 0.0048912
3.2301 0 0.00489839
3.2351 0 0.00489417
3.2401 0 0.00489896
3.2451 0 0.0048938
3.2501 0 0.00489849
3.2551 0 0.0048986
3.2601 0 0.0048986
3.2651 0 0.0048938
3.2701 0 0.00489839
3.2751 0 0.00489391
3.2801 0 0.00489844
3.2851 0 0.0048938
3.2901 0 0.00489906
3.2951 0 0.0048986
3.3001 0 0.00489781
3.30511 0 0.00489255
3.3101 0 0.00489854
3.31514 0 0.00485432
3.3201 0 0.00489547
3.32511 0 0.00489203
3.3301 0 0.00489828
3.3351 0 0.00489896
3.3401 0 0.00489896
3.34511 0 0.00489302
3.3501 0 0.00489839
3.3551 0 0.00489339
3.3601 0 0.00489813
3.3651 0 0.00489412
3.3701 0 0.00489854
3.3751 0 0.00489943
3.3801 0 0.00489886
3.3851 0 0.00489417
3.3901 0 0.0048986
3.3951 0 0.00489396
3.4001 0 0.00489787
3.40511 0 0.00489302
3.4101 0 0.00489854
3.4151 0 0.00489849
3.42014 0 0.00485953
3.42511 0 0.00489063
3.4301 0 0.00489755
3.4351 0 0.00489354
3.4401 0 0.0048988
3.4451 0 0.00489391
3.4501 0 0.00489813
3.4551 0 0.0048988
3.4601 0 0.00489891
3.4651 0 0.00489386
3.4701 0 0.00489828
3.4751 0 0.0048937
3.4801 0 0.00489865
3.4851 0 0.00489359
3.4901 0 0.00489896
3.4951 0 0.00489901
3.5001 0 0.00489912
3.5051 0 0.00489339
3.5101 0 0.0048987
3.51511 0 0.00489318
3.52014 0 0.00485922
3.52511 0 0.00489068
3.5301 0 0.00489755
3.5351 0 0.00489818
3.5401 0 0.00489943
3.5451 0 0.00489886
3.5501 0 0.00489912
3.5551 0 0.0048937
3.5601 0 0.00489828
3.5651 0 0.00489339
3.5701 0 0.0048986
3.5751 0 0.00489844
3.5801 0 0.00489886
3.5851 0 0.00489854
3.5901 0 0.00489948
3.5951 0 0.00489375
3.6001 0 0.00489745
3.60511 0 0.00489276
3.6101 0 0.00489849
3.6151 0 0.00489865
3.6201 0 0.0048986
3.62514 0 0.00485417
3.6301 0 0.00489563
3.63511 0 0.00489281
3.6401 0 0.00489849
3.6451 0 0.00489339
3.6501 0 0.00489865
3.6551 0 0.00489906
3.6601 0 0.00489901
3.66511 0 0.00489323
3.6701 0 0.00489823
3.6751 0 0.00489396
3.6801 0 0.00489839
3.6851 0 0.00489396
3.6901 0 0.0048986
3.6951 0 0.00489896
3.7001 0 0.0048988
3.7051 0 0.00489401
3.7101 0 0.00489828
3.7151 0 0.00489375
3.7201 0 0.00489875
3.7251 0 0.00489365
3.73014 0 0.00485906
3.7351 0 0.00489557
3.7401 0 0.00489844
3.74511 0 0.00489297
3.7501 0 0.00489818
3.7551 0 0.00489344
3.7601 0 0.00489849
3.7651 0 0.00489328
3.7701 0 0.0048988
3.7751 0 0.00489922
3.7801 0 0.0048988
3.7851 0 0.00489375
3.7901 0 0.0048988
3.7951 0 0.0048988
3.8001 0 0.00489901
3.8051 0 0.00489344
3.8101 0 0.00489745
3.8151 0 0.00489808
3.8201 0 0.00489891
3.8251 0 0.00489396
3.83014 0 0.00485615
3.83511 0 0.00489068
3.8401 0 0.00489745
3.8451 0 0.00489328
3.8501 0 0.00489802
3.8551 0 0.00489854
3.8601 0 0.00489896
3.8651 0 0.00489349
3.8701 0 0.0048987
3.8751 0 0.00489339
3.8801 0 0.00489875
3.8851 0 0.00489401
3.8901 0 0.0048986
3.8951 0 0.00489854
3.9001 0 0.0048988
3.9051 0 0.00489339
3.9101 0 0.00489834
3.9151 0 0.00489365
3.9201 0 0.00489886
3.9251 0 0.00489396
3.9301 0 0.00489865
3.93514 0 0.00485984
3.9401 0 0.00489558
3.94511 0 0.0048925
3.9501 0 0.00489839
3.95511 0 0.00489313
3.9601 0 0.00489865
3.9651 0 0.00489354
3.9701 0 0.00489813
3.9751 0 0.0048987
3.9801 0 0.00489922
3.9851 0 0.00489328
3.9901 0 0.00489849
3.9951 0 0.00489401
4.0001 0 0.0048988
4.0051 0 0.0048987
4.0101 0 0.00489938
4.0151 0 0.00489886
4.0201 0 0.00489901
4.0251 0 0.0048937
4.0301 0 0.00489844
4.03514 0 0.00485401
4.0401 0 0.00489594
4.0451 0 0.00489761
4.0501 0 0.00489917
4.0551 0 0.00489875
4.0601 0 0.00489948
4.0651 0 0.00489334
4.0701 0 0.0048988
4.0751 0 0.00489365
4.0801 0 0.0048986
4.0851 0 0.00489349
4.0901 0 0.00489875
4.0951 0 0.00489927
4.1001 0 0.00489875
4.1051 0 0.00489849
4.1101 0 0.00489912
4.1151 0 0.00489339
4.1201 0 0.00489865
4.1251 0 0.00489349
4.1301 0 0.00489834
4.1351 0 0.00489854
4.14014 0 0.00486
4.14511 0 0.00488974
4.1501 0 0.00489761
4.1551 0 0.00489334
4.1601 0 0.0048987
4.1651 0 0.00489396
4.1701 0 0.00489818
4.1751 0 0.00489854
4.1801 0 0.00489823
4.1851 0 0.00489339
4.1901 0 0.00489797
4.19511 0 0.00489313
4.2001 0 0.00489844
4.20511 0 0.00489297
4.2101 0 0.00489834
4.2151 0 0.0048987
4.2201 0 0.00489849
4.22511 0 0.00489287
4.2301 0 0.00489854
4.23511 0 0.0048925
4.24014 0 0.00485594
4.24511 0 0.00489083
4.2501 0 0.00489797
4.2551 0 0.00489834
4.2601 0 0.0048988
4.26511 0 0.00489318
4.2701 0 0.00489854
4.2751 0 0.00489334
4.2801 0 0.00489719
4.2851 0 0.00489344
4.2901 0 0.00489844
4.2951 0 0.0048986
4.3001 0 0.00489901
4.3051 0 0.00489396
4.3101 0 0.00489828
4.3151 0 0.00489406
4.3201 0 0.00489823
4.3251 0 0.00489391
4.3301 0 0.00489865
4.3351 0 0.00489849
4.3401 0 0.00489958
4.34514 0 0.00485412
4.3501 0 0.00489537
4.35511 0 0.00489266
4.3601 0 0.0048988
4.3651 0 0.0048938
4.3701 0 0.00489823
4.3751 0 0.00489875
4.3801 0 0.00489927
4.3851 0 0.00489354
4.3901 0 0.00489854
4.3951 0 0.00489391
4.4001 0 0.00489844
4.4051 0 0.00489391
4.4101 0 0.00489891
4.4151 0 0.00489839
4.4201 0 0.00489875
4.4251 0 0.00489849
4.4301 0 0.00489912
4.4351 0 0.00489375
4.4401 0 0.00489818
4.44514 0 0.00485412
4.4501 0 0.00489568
4.4551 0 0.00489729
4.4601 0 0.00489818
4.46511 0 0.00489287
4.4701 0 0.00489844
4.4751 0 0.00489396
4.4801 0 0.00489839
4.4851 0 0.0048938
4.4901 0 0.00489787
4.4951 0 0.00489834
4.5001 0 0.00489927
4.5051 0 0.00489354
4.5101 0 0.00489828
4.5151 0 0.00489427
4.5201 0 0.00489839
4.5251 0 0.00489365
4.5301 0 0.00489771
4.5351 0 0.00489818
4.5401 0 0.00489896
4.5451 0 0.00489901
4.55014 0 0.00485938
4.55511 0 0.00489104
4.5601 0 0.00489766
4.5651 0 0.00489328
4.5701 0 0.00489807
4.5751 0 0.00489891
4.5801 0 0.00489849
4.5851 0 0.00489339
4.5901 0 0.00489886
4.5951 0 0.00489396
4.6001 0 0.00489823
4.6051 0 0.00489427
4.6101 0 0.00489854
4.6151 0 0.00489896
4.6201 0 0.00489912
4.6251 0 0.00489354
4.6301 0 0.00489818
4.6351 0 0.00489839
4.6401 0 0.00489958
4.6451 0 0.00489365
4.65014 0 0.00485636
4.6551 0 0.00489563
4.6601 0 0.00489797
4.6651 0 0.00489766
4.6701 0 0.00489958
4.67511 0 0.00489292
4.6801 0 0.00489839
4.6851 0 0.00489417
4.6901 0 0.00489771
4.6951 0 0.00489896
4.7001 0 0.00489896
4.70511 0 0.00489318
4.7101 0 0.00489854
4.7151 0 0.00489344
4.7201 0 0.00489865
4.7251 0 0.00489391
4.7301 0 0.00489735
4.7351 0 0.00489818
4.7401 0 0.00489912
4.7451 0 0.00489344
4.7501 0 0.0048987
4.75515 0 0.00485245
4.7601 0 0.00489615
4.76511 0 0.00489287
4.7701 0 0.00489849
4.7751 0 0.00489917
4.7801 0 0.00489938
4.7851 0 0.00489349
4.7901 0 0.00489828
4.7951 0 0.00489849
4.8001 0 0.0048987
4.80511 0 0.00489318
4.8101 0 0.00489875
4.8151 0 0.0048988
4.8201 0 0.00489896
4.82511 0 0.00489313
4.8301 0 0.00489875
4.8351 0 0.00489417
4.8401 0 0.00489792
4.8451 0 0.00489901
4.8501 0 0.00489854
4.8551 0 0.0048988
4.86014 0 0.00485985
4.86511 0 0.00489063
4.8701 0 0.00489776
4.87511 0 0.00489297
4.8801 0 0.00489865
4.8851 0 0.00489422
4.8901 0 0.00489807
4.8951 0 0.00489849
4.9001 0 0.0048988
4.9051 0 0.00489318
4.9101 0 0.0048988
4.9151 0 0.0048938
4.9201 0 0.00489823
4.9251 0 0.0048936
4.9301 0 0.00489854
4.9351 0 0.00489849
4.9401 0 0.00489901
4.9451 0 0.00489396
4.9501 0 0.00489839
4.9551 0 0.00489407
4.96014 0 0.00485896
4.96511 0 0.00489083
4.9701 0 0.00489782
4.9751 0 0.0048987
4.9801 0 0.00489891
4.9851 0 0.00489365
4.9901 0 0.00489823
4.9951 0 0.0048937
5.0001 0 0.00489844
5.0051 0 0.0048937
5.0101 0 0.0048987
5.0151 0 0.00489907
5.0201 0 0.0048988
5.02511 0 0.00489276
5.0301 0 0.00489891
5.03511 0 0.00489318
5.0401 0 0.00489797
5.0451 0 0.0048986
5.0501 0 0.00489886
5.0551 0 0.0048988
5.0601 0 0.00489938
5.0651 0 0.00489755
5.0701 0 0.00489834
5.0751 0 0.00489339
5.0801 0 0.00489719
5.08511 0 0.00489255
5.0901 0 0.0048988
5.0951 0 0.00489891
5.1001 0 0.00489891
5.10511 0 0.00489318
5.1101 0 0.0048988
5.1151 0 0.00489323
