1.51e-06 -0.0195408 0.0171432
0.0202284 -0.0195408 0.0171856
0.0401149 -0.0195408 0.0171914
0.0601081 -0.0195408 0.0171924
0.0801059 -0.0195408 0.0171919
0.10016 -0.0195408 0.0171928
0.120108 -0.0195408 0.0171924
0.140107 -0.0195408 0.0171942
0.16011 -0.0195408 0.0171919
0.180107 -0.0195408 0.0171924
0.200113 -0.0195408 0.0171864
0.22011 -0.0195408 0.0171918
0.24011 -0.0195408 0.0171909
0.260107 -0.0195408 0.0171928
0.28011 -0.0195408 0.0171918
0.300106 -0.0195408 0.017148
0.320112 -0.0195408 0.0171935
0.340107 -0.0195408 0.0171935
0.360111 -0.0195408 0.0171934
0.380107 -0.0195408 0.0171933
0.400106 -0.0195408 0.0171935
0.420111 -0.0195408 0.0171934
0.440112 -0.0195408 0.0171925
0.460107 -0.0195408 0.0171952
0.48011 -0.0195408 0.0171961
0.500105 -0.0195408 0.0171953
0.520153 -0.0195408 0.017194
0.540107 -0.0195408 0.0171942
0.560111 -0.0195408 0.0171951
0.580106 -0.0195408 0.0171947
0.60011 -0.0195408 0.0171953
0.620106 -0.0195408 0.017152
0.640111 -0.0195408 0.0171923
0.660108 -0.0195408 0.0171953
0.68011 -0.0195408 0.0171959
0.700107 -0.0195408 0.0171946
0.72011 -0.0195408 0.0171956
0.740106 -0.0195408 0.0171922
0.760111 -0.0195408 0.0171945
0.780107 -0.0195408 0.0171944
0.800111 -0.0195408 0.0171951
0.820107 -0.0195408 0.0171944
0.840111 -0.0195408 0.0171922
0.860107 -0.0195408 0.0171932
0.880111 -0.0195408 0.0171944
0.900107 -0.0195408 0.0171928
0.920112 -0.0195408 0.0171942
0.94015 -0.0195408 0.017191
0.96011 -0.0195408 0.0171946
0.980106 -0.0195408 0.0171922
1.00011 -0.0195408 0.0171952
1.02011 -0.0195408 0.0171948
1.04011 -0.0195408 0.0171922
1.06011 -0.0195408 0.0171952
1.08011 -0.0195408 0.0171948
1.10011 -0.0195408 0.0171946
1.12011 -0.0195408 0.0171954
1.14011 -0.0195408 0.017152
1.16011 -0.0195408 0.0171946
1.18011 -0.0195408 0.0171939
1.20011 -0.0195408 0.0171935
1.22011 -0.0195408 0.0171934
1.24011 -0.0195408 0.0171947
1.26011 -0.0195408 0.0171939
1.28011 -0.0195408 0.0171947
1.30011 -0.0195408 0.0171941
1.32011 -0.0195408 0.017195
1.34011 -0.0195408 0.0171942
1.36015 -0.0195408 0.0171944
1.3801 -0.0195408 0.017193
1.40011 -0.0195408 0.0171943
1.42011 -0.0195408 0.0171942
1.44011 -0.0195408 0.0171958
1.46011 -0.0195408 0.0171544
1.48011 -0.0195408 0.0171948
1.50011 -0.0195408 0.0171946
1.52011 -0.0195408 0.0171946
1.54011 -0.0195408 0.0171947
1.56011 -0.0195408 0.0171546
1.58011 -0.0195408 0.0171935
1.60011 -0.0195408 0.0171952
1.62011 -0.0195408 0.0171581
1.64011 -0.0195408 0.0171938
1.66011 -0.0195408 0.0171945
1.68011 -0.0195408 0.0171954
1.70011 -0.0195408 0.0171943
1.72011 -0.0195408 0.0171953
1.74011 -0.0195408 0.0171947
1.76011 -0.0195408 0.0171922
1.78015 -0.0195408 0.0171925
1.80011 -0.0195408 0.0171939
1.82011 -0.0195408 0.0171945
1.84011 -0.0195408 0.0171952
1.86011 -0.0195408 0.0171932
1.88015 -0.0195408 0.0171942
1.90011 -0.0195408 0.0171933
1.92011 -0.0195408 0.017195
1.94011 -0.0195408 0.0171948
1.96011 -0.0195408 0.0171929
1.98011 -0.0195408 0.0171501
2.00011 -0.0195408 0.0171917
2.02011 -0.0195408 0.0171927
2.04011 -0.0195408 0.0171945
2.06011 -0.0195408 0.0171926
2.08011 -0.0195408 0.017193
2.10011 -0.0195408 0.0171545
2.12011 -0.0195408 0.0171929
2.14011 -0.0195408 0.0171932
2.16011 -0.0195408 0.0171949
2.18011 -0.0195408 0.0171939
2.20015 -0.0195408 0.0171935
2.22011 -0.0195408 0.0171941
2.24011 -0.0195408 0.0171946
2.26011 -0.0195408 0.0171944
2.28011 -0.0195408 0.017195
2.30011 -0.0195408 0.0171515
2.32011 -0.0195408 0.0171945
2.34011 -0.0195408 0.0171934
2.36011 -0.0195408 0.0171952
2.38011 -0.0195408 0.0171946
2.40011 -0.0195408 0.0171944
2.42015 -0.0195408 0.017193
2.44011 -0.0195408 0.0171939
2.46011 -0.0195408 0.0171948
2.48011 -0.0195408 0.0171908
2.50011 -0.0195408 0.0171935
2.52015 -0.0195408 0.0171949
2.54011 -0.0195408 0.0171948
2.56011 -0.0195408 0.0171949
2.58011 -0.0195408 0.0171944
2.60011 -0.0195408 0.0171594
2.62011 -0.0195408 0.017191
2.64011 -0.0195408 0.0171939
2.66011 -0.0195408 0.0171943
2.68011 -0.0195408 0.0171953
2.70011 -0.0195408 0.0171945
2.72011 -0.0195408 0.0171526
2.7401 -0.0195408 0.0171936
2.76011 -0.0195408 0.017195
2.78011 -0.0195408 0.0171952
2.80011 -0.0195408 0.0171949
2.82011 -0.0195408 0.017194
2.84015 -0.0195408 0.0171942
2.86011 -0.0195408 0.0171944
2.88011 -0.0195408 0.0171946
2.90011 -0.0195408 0.017194
2.92011 -0.0195408 0.0171944
2.94011 -0.0195408 0.017192
2.96011 -0.0195408 0.0171939
2.98011 -0.0195408 0.0171939
3.00011 -0.0195408 0.0171956
3.02011 -0.0195408 0.0171925
3.04011 -0.0195408 0.0171513
3.06011 -0.0195408 0.0171948
3.08011 -0.0195408 0.0171943
3.10011 -0.0195408 0.0171946
3.1201 -0.0195408 0.0171938
3.14011 -0.0195408 0.0171519
3.16011 -0.0195408 0.017192
3.18011 -0.0195408 0.0171936
3.20011 -0.0195408 0.0171942
3.22011 -0.0195408 0.0171948
3.24011 -0.0195408 0.0171918
3.26015 -0.0195408 0.0171937
3.28011 -0.0195408 0.0171947
3.30011 -0.0195408 0.0171923
3.32011 -0.0195408 0.017194
3.34011 -0.0195408 0.0171944
3.36015 -0.0195408 0.0171954
3.38011 -0.0195408 0.0171927
3.40011 -0.0195408 0.0171936
3.42011 -0.0195408 0.017194
3.44011 -0.0195408 0.0171948
3.46011 -0.0195408 0.0171915
3.48011 -0.0195408 0.0171949
3.5001 -0.0195408 0.0171944
3.52011 -0.0195408 0.0171952
3.54011 -0.0195408 0.0171948
3.56011 -0.0195408 0.0171934
3.58012 -0.0195408 0.0171864
3.60011 -0.0195408 0.0171936
3.62011 -0.0195408 0.0171922
3.64011 -0.0195408 0.0171935
3.66011 -0.0195408 0.0171385
3.68012 -0.0195408 0.0171914
3.70011 -0.0195408 0.0171936
3.72011 -0.0195408 0.0171934
3.74011 -0.0195408 0.0171922
3.76011 -0.0195408 0.0171928
3.78011 -0.0195408 0.0171927
3.80011 -0.0195408 0.0171931
3.82011 -0.0195408 0.017194
3.84011 -0.0195408 0.017191
3.86011 -0.0195408 0.0171917
3.88011 -0.0195408 0.0171902
3.90011 -0.0195408 0.0171928
3.92011 -0.0195408 0.0171942
3.94011 -0.0195408 0.0171917
3.96011 -0.0195408 0.0171883
3.98011 -0.0195408 0.0171915
4.00011 -0.0195408 0.0171934
4.02011 -0.0195408 0.0171978
4.04011 -0.0195408 0.0171923
4.06011 -0.0195408 0.0171926
4.08015 -0.0195408 0.0171928
4.10011 -0.0195408 0.0171916
4.12011 -0.0195408 0.017192
4.14011 -0.0195408 0.0171931
4.16011 -0.0195408 0.0171928
4.18011 -0.0195408 0.0171506
4.20011 -0.0195408 0.0171932
4.22011 -0.0195408 0.0171945
4.2401 -0.0195408 0.0171948
4.26011 -0.0195408 0.0171932
4.28011 -0.0195408 0.0171953
4.30015 -0.0195408 0.0171935
4.32011 -0.0195408 0.0171902
4.3401 -0.0195408 0.0171942
4.36011 -0.0195408 0.0171945
4.38011 -0.0195408 0.0171939
4.40015 -0.0195408 0.0171959
4.42011 -0.0195408 0.0171952
4.44011 -0.0195408 0.0171956
4.46011 -0.0195408 0.0171919
4.48011 -0.0195408 0.0171784
4.50017 -0.0195408 0.0171871
4.52011 -0.0195408 0.017193
4.54011 -0.0195408 0.0171948
4.56011 -0.0195408 0.0171943
4.58011 -0.0195408 0.017195
4.60011 -0.0195408 0.0171891
4.62011 -0.0195408 0.0171906
4.64011 -0.0195408 0.0171948
4.66011 -0.0195408 0.0171944
4.68011 -0.0195408 0.0171939
4.70011 -0.0195408 0.0171174
4.72011 -0.0195408 0.0171933
4.74011 -0.0195408 0.0171952
4.76011 -0.0195408 0.0171952
4.78011 -0.0195408 0.0171951
4.80011 -0.0195408 0.017152
4.82011 -0.0195408 0.0171935
4.84011 -0.0195408 0.0171951
4.86011 -0.0195408 0.0171939
4.88011 -0.0195408 0.0171948
4.90011 -0.0195408 0.0171517
4.92011 -0.0195408 0.0171959
4.94011 -0.0195408 0.0171936
4.96011 -0.0195408 0.0171946
4.98011 -0.0195408 0.0171938
5.00011 -0.0195408 0.0171513
5.02011 -0.0195408 0.017192
5.04011 -0.0195408 0.0171944
5.06011 -0.0195408 0.0171937
5.08011 -0.0195408 0.017196
5.10011 -0.0195408 0.0171939
5.12011 -0.0195408 0.0171938
5.14011 -0.0195408 0.0171939
5.16011 -0.0195408 0.0171943
5.18011 -0.0195408 0.0171939
5.20011 -0.0195408 0.0171946
5.22015 -0.0195408 0.0171926
5.24011 -0.0195408 0.0171928
5.26011 -0.0195408 0.0171933
5.28011 -0.0195408 0.0171934
5.30011 -0.0195408 0.0171925
5.32015 -0.0195408 0.0171933
5.34011 -0.0195408 0.017193
5.36011 -0.0195408 0.0171929
5.38011 -0.0195408 0.0171918
5.40011 -0.0195408 0.0171934
5.42011 -0.0195408 0.0171908
5.44011 -0.0195408 0.0171936
5.46011 -0.0195408 0.0171915
5.48011 -0.0195408 0.0171954
5.50011 -0.0195408 0.0171945
5.52011 -0.0195408 0.0171529
5.54011 -0.0195408 0.0171942
5.56011 -0.0195408 0.0171946
5.58011 -0.0195408 0.0171553
5.60011 -0.0195408 0.0171948
5.62011 -0.0195408 0.0171493
5.64011 -0.0195408 0.0171938
5.66011 -0.0195408 0.0171939
5.68011 -0.0195408 0.0171939
5.70011 -0.0195408 0.0171944
5.72011 -0.0195408 0.0171957
5.74015 -0.0195408 0.0171938
5.76011 -0.0195408 0.0171944
5.78011 -0.0195408 0.0171945
5.80011 -0.0097704 0.0171942
5.82011 -0.0195408 0.0171939
5.84015 -0.0195408 0.0171927
5.86011 -0.0195408 0.0171944
5.88011 -0.0195408 0.0171942
5.90011 -0.0195408 0.0171944
5.92011 -0.0195408 0.0171927
5.94011 -0.0195408 0.0171901
5.96011 -0.0195408 0.0171941
5.98011 -0.0195408 0.0171942
6.00011 -0.0195408 0.0171938
6.02012 -0.0195408 0.0171827
6.04011 -0.0195408 0.0171314
6.06011 -0.0195408 0.0171402
6.08011 -0.0195408 0.017192
6.10011 -0.0195408 0.0171942
6.12011 -0.0195408 0.0171928
6.14011 -0.0195408 0.0171923
6.16016 -0.0195408 0.017193
6.18011 -0.0195408 0.0171931
6.20011 -0.0195408 0.0171926
6.22011 -0.0195408 0.0171922
6.24011 -0.0195408 0.0171936
6.26011 -0.0195408 0.0171905
6.28011 -0.0195408 0.017192
6.30011 -0.0195408 0.0171928
6.32011 -0.0195408 0.0171948
6.34011 -0.0195408 0.0171947
6.36011 -0.0195408 0.017152
6.38011 -0.0195408 0.0171948
6.40011 -0.0195408 0.0171915
6.42011 -0.0195408 0.0171949
6.44011 -0.0195408 0.0171933
6.46011 -0.0195408 0.0171491
6.48011 -0.0195408 0.0171944
6.50011 -0.0195408 0.0171952
6.52011 -0.0195408 0.0171945
6.54011 -0.0195408 0.0171942
6.56011 -0.0195408 0.0171955
6.58011 -0.0195408 0.0171931
6.60011 -0.0195408 0.0171946
6.62011 -0.0195408 0.017194
6.64011 -0.0195408 0.0171944
6.66011 -0.0195408 0.0171943
6.68015 -0.0195408 0.0171953
6.7001 -0.0195408 0.0171919
6.72011 -0.0195408 0.017195
6.74011 -0.0195408 0.0171947
6.76011 -0.0195408 0.0171939
6.78011 -0.0195408 0.0171935
6.80011 -0.0195408 0.0171947
6.82011 -0.0195408 0.0171918
6.84011 -0.0195408 0.0171943
6.86011 -0.0195408 0.0171936
6.88011 -0.0195408 0.0171497
6.90011 -0.0195408 0.0171926
6.92011 -0.0195408 0.0171928
6.94011 -0.0195408 0.0171931
6.96011 -0.0195408 0.0171938
6.98011 -0.0195408 0.0171931
7.00011 -0.0195408 0.0171936
7.02011 -0.0195408 0.017193
7.0401 -0.0195408 0.0171938
7.06011 -0.0195408 0.0171955
7.08011 -0.0195408 0.0171957
7.10015 -0.0195408 0.0171952
7.12011 -0.0195408 0.0171945
7.14011 -0.0195408 0.0171936
7.16011 -0.0195408 0.0171958
7.18011 -0.0195408 0.0171955
7.20015 -0.0195408 0.0171927
7.22011 -0.0195408 0.0171944
7.24011 -0.0195408 0.0171947
7.26011 -0.0195408 0.017195
7.28011 -0.0195408 0.0171941
7.30011 -0.0195408 0.0171912
7.32011 -0.0195408 0.0171573
7.34011 -0.0195408 0.0171944
7.36011 -0.0195408 0.0171953
7.38011 -0.0195408 0.0171937
7.40011 -0.0195408 0.0171513
7.42011 -0.0195408 0.0171954
7.44011 -0.0195408 0.0171952
7.46011 -0.0195408 0.0171946
7.48011 -0.0195408 0.0171949
7.50011 -0.0195408 0.0171539
7.52011 -0.0195408 0.0171935
7.54011 -0.0195408 0.0171946
7.56011 -0.0195408 0.0171949
7.58011 -0.0195408 0.017194
7.60011 -0.0195408 0.0171543
7.62011 -0.0195408 0.0171945
7.64011 -0.0195408 0.0171957
7.66011 -0.0195408 0.0171943
7.68011 -0.0195408 0.0171953
7.70011 -0.0195408 0.017193
7.72015 -0.0195408 0.0171941
7.74011 -0.0195408 0.0171931
7.76011 -0.0195408 0.0171949
7.78011 -0.0195408 0.0171947
7.80011 -0.0195408 0.0171957
7.82011 -0.0195408 0.017192
7.84011 -0.0195408 0.0171943
7.86011 -0.0195408 0.0171941
7.88011 -0.0195408 0.0171941
7.90011 -0.0195408 0.0171948
7.92011 -0.0195408 0.0171558
7.94011 -0.0195408 0.0171946
7.96011 -0.0195408 0.0171939
7.98011 -0.0195408 0.0171947
8.00011 -0.0195408 0.0171943
8.02011 -0.0195408 0.0171485
8.04011 -0.0195408 0.0171933
8.06011 -0.0195408 0.017194
8.08011 -0.0195408 0.0171944
8.10011 -0.0195408 0.0171942
8.12011 -0.0195408 0.0171947
8.14015 -0.0195408 0.0171934
8.16011 -0.0195408 0.0171952
8.18011 -0.0195408 0.0171929
8.20011 -0.0195408 0.0171932
8.22011 -0.0195408 0.0171919
8.24015 -0.0195408 0.0171899
8.26011 -0.0195408 0.0171923
8.28011 -0.0195408 0.0171928
8.30011 -0.0195408 0.0171934
8.32011 -0.0195408 0.0171941
8.34011 -0.0195408 0.0171918
8.36011 -0.0195408 0.0171944
8.38011 -0.0195408 0.0171932
8.40011 -0.0195408 0.0171938
8.42011 -0.0195408 0.0171937
8.44011 -0.0195408 0.0171519
8.46011 -0.0195408 0.0171942
8.48011 -0.0195408 0.0171949
8.50011 -0.0195408 0.017195
8.52011 -0.0195408 0.0171946
8.54011 -0.0195408 0.0171951
8.56015 -0.0195408 0.0171956
8.58011 -0.0195408 0.0171945
8.60011 -0.0195408 0.0171948
8.62011 -0.0195408 0.0171949
8.64011 -0.0195408 0.0171954
8.66011 -0.0195408 0.0171931
8.68011 -0.0195408 0.0171939
8.70011 -0.0195408 0.017194
8.72011 -0.0195408 0.0171959
8.74011 -0.0195408 0.0171952
8.76011 -0.0195408 0.0171559
8.78011 -0.0195408 0.0171954
8.80011 -0.0195408 0.0171813
8.82012 -0.0195408 0.017186
8.84011 -0.0195408 0.0171939
8.86011 -0.0195408 0.0171369
8.88011 -0.0195408 0.0171911
8.90011 -0.0195408 0.017192
8.92011 -0.0195408 0.0171944
8.94011 -0.0195408 0.0171947
8.96011 -0.0195408 0.0171954
8.98015 -0.0195408 0.0171939
9.00011 -0.0195408 0.0171961
9.02011 -0.0195408 0.0171575
9.04011 -0.0195408 0.0171941
9.06011 -0.0195408 0.0171946
9.08015 -0.0195408 0.017193
9.10011 -0.0195408 0.0171955
9.12011 -0.0195408 0.0171945
9.14011 -0.0195408 0.0171941
9.16011 -0.0195408 0.0171941
9.18011 -0.0195408 0.0171936
9.20011 -0.0195408 0.0171951
9.22011 -0.0195408 0.0171951
9.24011 -0.0195408 0.0171942
9.26011 -0.0195408 0.0171943
9.28011 -0.0195408 0.0171541
9.30011 -0.0195408 0.0171946
9.32011 -0.0195408 0.0171948
9.34011 -0.0195408 0.017195
9.36011 -0.0195408 0.0171962
9.38011 -0.0195408 0.0171517
9.40011 -0.0195408 0.0171951
9.42011 -0.0195408 0.0171955
9.44011 -0.0195408 0.0171941
9.46011 -0.0195408 0.0171935
9.48011 -0.0195408 0.0171938
9.50015 -0.0195408 0.0171935
9.52011 -0.0195408 0.0171946
9.54011 -0.0195408 0.0171929
9.56011 -0.0195408 0.0171937
9.58011 -0.0195408 0.0171941
9.60015 -0.0195408 0.017195
9.62011 -0.0195408 0.0171943
9.64011 -0.0195408 0.017194
9.6601 -0.0195408 0.0171946
9.68011 -0.0195408 0.0171953
9.70011 -0.0195408 0.0171929
9.72011 -0.0195408 0.0171942
9.74011 -0.0195408 0.0171954
9.76011 -0.0195408 0.017195
9.78011 -0.0195408 0.0171925
9.80011 -0.0195408 0.0171529
9.82011 -0.0195408 0.0171937
9.84011 -0.0195408 0.0171951
9.86011 -0.0195408 0.0171944
9.88011 -0.0195408 0.0171942
9.90011 -0.0195408 0.0171573
9.92011 -0.0195408 0.0171927
9.94011 -0.0195408 0.0171939
9.96011 -0.0195408 0.0171948
9.98011 -0.0195408 0.0171953
10.0001 -0.0195408 0.0171962
10.0201 -0.0195408 0.017194
10.0401 -0.0195408 0.0171956
10.0601 -0.0195408 0.0171935
10.0801 -0.0195408 0.0171932
10.1001 -0.0195408 0.017193
10.1202 -0.0195408 0.0171941
10.1401 -0.0195408 0.0171947
10.1601 -0.0195408 0.017195
10.1801 -0.0195408 0.0171939
10.2001 -0.0195408 0.0171937
10.2201 -0.0195408 0.0171515
10.2401 -0.0195408 0.0171942
10.2601 -0.0195408 0.0171917
10.2801 -0.0195408 0.0171935
10.3001 -0.0195408 0.0171932
10.3201 -0.0195408 0.0171519
10.3401 -0.0195408 0.0171931
10.3601 -0.0195408 0.0171935
10.3801 -0.0195408 0.0171924
10.4001 -0.0195408 0.017191
10.4201 -0.0195408 0.0171502
10.4401 -0.0195408 0.0171913
10.4601 -0.0195408 0.0171907
10.4801 -0.0195408 0.0171944
10.5001 -0.0195408 0.017193
10.5201 -0.0195408 0.0171488
10.5401 -0.0195408 0.0171938
10.5601 -0.0195408 0.0171945
10.5801 -0.0195408 0.0171937
10.6001 -0.0195408 0.0171948
10.6201 -0.0195408 0.0171932
10.6402 -0.0195408 0.0171911
10.6601 -0.0195408 0.0171937
10.6801 -0.0195408 0.0171942
10.7001 -0.0195408 0.0171914
10.7201 -0.0195408 0.017193
10.7401 -0.0195408 0.0171499
10.7601 -0.0195408 0.0171921
10.7801 -0.0195408 0.0171922
10.8001 -0.0195408 0.0171923
10.8201 -0.0195408 0.0171927
10.8401 -0.0195408 0.017194
10.8601 -0.0195408 0.0171921
10.8801 -0.0195408 0.017193
10.9001 -0.0195408 0.0171926
10.9201 -0.0195408 0.0171941
10.9401 -0.0195408 0.0171948
10.9602 -0.0195408 0.0171954
10.9801 -0.0195408 0.0171944
11.0001 -0.0195408 0.0171952
11.0201 -0.0195408 0.0171947
11.0401 -0.0195408 0.0171953
11.0601 -0.0195408 0.0171938
11.0801 -0.0195408 0.0171941
11.1001 -0.0195408 0.0171946
11.1201 -0.0195408 0.0171956
11.1401 -0.0195408 0.0171927
11.1601 -0.0195408 0.017155
11.1801 -0.0195408 0.0171946
11.2001 -0.0195408 0.017195
11.2201 -0.0195408 0.0171954
11.2401 -0.0195408 0.0171962
11.2601 -0.0195408 0.0171563
11.2801 -0.0195408 0.0171953
11.3001 -0.0195408 0.0171944
11.3201 -0.0195408 0.0171953
11.3401 -0.0195408 0.0171926
11.3601 -0.0195408 0.0171942
11.3801 -0.0195408 0.0171931
11.4001 -0.0195408 0.0171956
11.4201 -0.0195408 0.0171955
11.4401 -0.0195408 0.0171954
11.4601 -0.0195408 0.0171952
11.4802 -0.0195408 0.0171954
11.5001 -0.0195408 0.0171942
11.5201 -0.0195408 0.0171933
11.5401 -0.0195408 0.017194
11.5601 -0.0195408 0.0171949
11.5801 -0.0195408 0.0171521
11.6001 -0.0195408 0.0171939
11.6201 -0.0195408 0.0171941
11.6401 -0.0195408 0.0171579
11.6601 -0.0195408 0.0171945
11.6801 -0.0195408 0.0171953
11.7001 -0.0195408 0.0171921
11.7201 -0.0195408 0.0171953
11.7401 -0.0195408 0.0171945
11.7601 -0.0195408 0.0171948
11.7801 -0.0195408 0.0171939
11.8002 -0.0195408 0.0171948
11.8201 -0.0195408 0.0171946
11.8401 -0.0195408 0.0171953
11.8601 -0.0195408 0.0171953
11.8801 -0.0195408 0.0171955
11.9001 -0.0195408 0.0171923
11.9201 -0.0195408 0.0171943
11.9401 -0.0195408 0.0171945
11.9601 -0.0195408 0.0171948
11.9801 -0.0195408 0.0171943
12.0001 -0.0195408 0.0171547
12.0201 -0.0195408 0.0171937
12.0401 -0.0195408 0.0171945
12.0601 -0.0195408 0.0171941
12.0801 -0.0195408 0.0171955
12.1001 -0.0195408 0.0171546
12.1201 -0.0195408 0.0171955
12.1401 -0.0195408 0.0171949
12.1601 -0.0195408 0.0171956
12.1801 -0.0195408 0.0171934
12.2001 -0.0195408 0.017194
12.2201 -0.0195408 0.017194
12.2401 -0.0195408 0.0171935
12.2601 -0.0195408 0.0171945
12.2801 -0.0195408 0.0171949
12.3001 -0.0195408 0.017195
12.3201 -0.0195408 0.0171947
12.3401 -0.0195408 0.0171952
12.3601 -0.0195408 0.0171941
12.3801 -0.0195408 0.0171925
12.4001 -0.0195408 0.0171925
12.4201 -0.0195408 0.0171916
12.4401 -0.0195408 0.0171941
12.4601 -0.0195408 0.0171931
12.4801 -0.0195408 0.0171932
12.5001 -0.0195408 0.0171922
12.5201 -0.0195408 0.017152
12.5401 -0.0195408 0.0171932
12.5601 -0.0195408 0.0171932
12.5801 -0.0195408 0.0171937
12.6001 -0.0195408 0.017195
12.6201 -0.0195408 0.0171517
12.6401 -0.0195408 0.0171937
12.6601 -0.0195408 0.0171941
12.6801 -0.0195408 0.0171902
12.7001 -0.0195408 0.0171935
12.7201 -0.0195408 0.0171949
12.7402 -0.0195408 0.0171941
12.7601 -0.0195408 0.0171954
12.7801 -0.0195408 0.0171951
12.8001 -0.0195408 0.0171951
12.8201 -0.0195408 0.0171944
12.8402 -0.0195408 0.0171948
12.8601 -0.0195408 0.0171947
12.8801 -0.0195408 0.0171961
12.9001 -0.0195408 0.0171928
12.9201 -0.0195408 0.0171952
12.9401 -0.0195408 0.0171546
12.9601 -0.0195408 0.0171947
12.9801 -0.0195408 0.0171939
13.0001 -0.0195408 0.0171929
13.0201 -0.0195408 0.0171926
13.0401 -0.0195408 0.0171954
13.0601 -0.0195408 0.0171944
13.0801 -0.0195408 0.0171958
13.1001 -0.0195408 0.017195
13.1201 -0.0195408 0.0171959
13.1401 -0.0195408 0.0171956
13.1602 -0.0195408 0.0171951
13.1801 -0.0195408 0.0171947
13.2001 -0.0195408 0.0171946
13.2201 -0.0195408 0.0171943
13.2401 -0.0195408 0.017194
13.2601 -0.0195408 0.0171921
13.2801 -0.0195408 0.0171946
13.3001 -0.0195408 0.017195
13.3201 -0.0195408 0.0171957
13.3401 -0.0195408 0.0171954
13.3601 -0.0195408 0.0171558
13.3801 -0.0195408 0.0171517
13.4001 -0.0195408 0.0171947
13.4201 -0.0195408 0.0171952
13.4401 -0.0195408 0.0171941
13.4601 -0.0195408 0.0171511
13.4801 -0.0195408 0.0171943
13.5001 -0.0195408 0.0171936
13.5201 -0.0195408 0.017195
13.5401 -0.0195408 0.017195
13.5601 -0.0195408 0.0171515
13.5801 -0.0195408 0.0171924
13.6001 -0.0195408 0.017194
13.6201 -0.0195408 0.0171941
13.6401 -0.0195408 0.0171959
13.6601 -0.0195408 0.017196
13.6801 -0.0195408 0.017194
13.7001 -0.0195408 0.017194
13.7201 -0.0195408 0.0171948
13.7401 -0.0195408 0.0171956
13.7601 -0.0195408 0.0171955
13.7801 -0.0195408 0.0171945
13.8001 -0.0195408 0.0171943
13.8201 -0.0195408 0.0171956
13.8401 -0.0195408 0.017195
13.8601 -0.0195408 0.0171941
13.8802 -0.0195408 0.0171947
13.9001 -0.0195408 0.0171947
13.9201 -0.0195408 0.0171954
13.9401 -0.0195408 0.0171956
13.9601 -0.0195408 0.0171958
13.9801 -0.0195408 0.0171532
14.0001 -0.0195408 0.0171946
14.0201 -0.0195408 0.017195
14.0401 -0.0195408 0.0171939
14.0601 -0.0195408 0.0171953
14.0801 -0.0195408 0.0171955
14.1001 -0.0195408 0.0171935
14.1201 -0.0195408 0.0171964
14.1401 -0.0195408 0.0171933
14.1601 -0.0195408 0.0171941
14.1801 -0.0195408 0.0171954
14.2002 -0.0195408 0.0171948
14.2201 -0.0195408 0.0171948
14.2401 -0.0195408 0.0171921
14.2601 -0.0195408 0.0171939
14.2801 -0.0195408 0.0171935
14.3001 -0.0195408 0.0171513
14.3201 -0.0195408 0.0171928
14.3401 -0.0195408 0.017195
14.3601 -0.0195408 0.0171956
14.3801 -0.0195408 0.0171936
14.4001 -0.0195408 0.0171951
14.4201 -0.0195408 0.0171945
14.4401 -0.0195408 0.0171924
14.4601 -0.0195408 0.0171928
14.4801 -0.0195408 0.017192
14.5001 -0.0195408 0.0171935
14.5202 -0.0195408 0.0171922
14.5401 -0.0195408 0.0171931
14.5601 -0.0195408 0.0171942
14.5801 -0.0195408 0.0171929
14.6001 -0.0195408 0.0171944
14.6201 -0.0195408 0.0171908
14.6401 -0.0195408 0.0171942
14.6601 -0.0195408 0.0171952
14.6801 -0.0195408 0.0171952
14.7001 -0.0195408 0.0171947
14.7201 -0.0195408 0.0171921
14.7401 -0.0195408 0.0171943
14.7601 -0.0195408 0.017194
14.7801 -0.0195408 0.0171939
14.8001 -0.0195408 0.0171946
14.8201 -0.0195408 0.0171514
14.8401 -0.0195408 0.0171944
14.8601 -0.0195408 0.0171923
14.8801 -0.0195408 0.0171955
14.9001 -0.0195408 0.0171948
14.9201 -0.0195408 0.0171944
14.9401 -0.0195408 0.0171942
14.9601 -0.0195408 0.0171949
14.9801 -0.0195408 0.0171953
15.0001 -0.0195408 0.0171932
15.0201 -0.0195408 0.0171945
15.0402 -0.0195408 0.0171953
15.0601 -0.0195408 0.0171941
15.0801 -0.0195408 0.0171957
15.1001 -0.0195408 0.0171941
15.1201 -0.0195408 0.0171932
15.1401 -0.0195408 0.0171949
15.1601 -0.0195408 0.0171947
15.1801 -0.0195408 0.0171942
15.2001 -0.0195408 0.0171954
15.2201 -0.0195408 0.0171932
15.2401 -0.0195408 0.0171528
15.2601 -0.0195408 0.0171913
15.2801 -0.0195408 0.0171921
15.3001 -0.0195408 0.0171935
15.3201 -0.0195408 0.0171932
15.3401 -0.0195408 0.0171525
15.3601 -0.0195408 0.0171932
15.3801 -0.0195408 0.0171921
15.4001 -0.0195408 0.0171932
15.4201 -0.0195408 0.0171934
15.4401 -0.0195408 0.0171517
15.4601 -0.0195408 0.0171955
15.4801 -0.0195408 0.0171939
15.5001 -0.0195408 0.0171929
15.5201 -0.0195408 0.0171963
15.5401 -0.0195408 0.0171525
15.5601 -0.0195408 0.0171938
15.5801 -0.0195408 0.0171935
15.6001 -0.0195408 0.0171956
15.6201 -0.0195408 0.0171945
15.6401 -0.0195408 0.0171949
15.6601 -0.0195408 0.0171945
15.6801 -0.0195408 0.0171948
15.7001 -0.0195408 0.0171952
15.7201 -0.0195408 0.0171945
15.7401 -0.0195408 0.0171942
15.7601 -0.0195408 0.017193
15.7801 -0.0195408 0.0171939
15.8001 -0.0195408 0.0171946
15.8201 -0.0195408 0.0171937
15.8401 -0.0195408 0.0171939
15.8601 -0.0195408 0.0171547
15.8801 -0.0195408 0.0171944
15.9001 -0.0195408 0.0171933
15.9201 -0.0195408 0.0171953
15.9401 -0.0195408 0.0171933
15.9601 -0.0195408 0.0171497
15.9801 -0.0195408 0.0171934
16.0001 -0.0195408 0.017158
16.0201 -0.0195408 0.0171952
16.0401 -0.0195408 0.0171946
16.0601 -0.0195408 0.0171959
16.0801 -0.0195408 0.0171955
16.1001 -0.0195408 0.0171941
16.1201 -0.0195408 0.0171953
16.1401 -0.0195408 0.017195
16.1601 -0.0195408 0.0171947
16.1801 -0.0195408 0.0171544
16.2001 -0.0195408 0.0171947
16.2201 -0.0195408 0.0171942
16.2401 -0.0195408 0.0171954
16.2601 -0.0195408 0.0171937
16.2801 -0.0195408 0.0171546
16.3001 -0.0195408 0.0171929
16.3201 -0.0195408 0.0171951
16.3401 -0.0195408 0.0171943
16.3601 -0.0195408 0.0171919
16.3801 -0.0195408 0.0171939
16.4002 -0.0195408 0.0171933
16.4201 -0.0195408 0.0171945
16.4401 -0.0195408 0.0171945
16.4601 -0.0195408 0.0171939
16.4801 -0.0195408 0.0171575
16.5001 -0.0195408 0.0171949
16.5201 -0.0195408 0.0171933
16.5401 -0.0195408 0.0171922
16.5601 -0.0195408 0.0171934
16.5801 -0.0195408 0.0171924
16.6001 -0.0195408 0.0171519
16.6201 -0.0195408 0.0171934
16.6401 -0.0195408 0.0171939
16.6601 -0.0195408 0.017193
16.6801 -0.0195408 0.0171928
16.7001 -0.0195408 0.0171521
16.7201 -0.0195408 0.0171931
16.7401 -0.0195408 0.0171933
16.7601 -0.0195408 0.0171956
16.7801 -0.0195408 0.0171956
16.8001 -0.0195408 0.0171955
16.8201 -0.0195408 0.0171944
16.8401 -0.0195408 0.0171952
16.8601 -0.0195408 0.0171922
16.8801 -0.0195408 0.0171956
16.9001 -0.0195408 0.0171953
16.9202 -0.0195408 0.0171934
16.9401 -0.0195408 0.0171943
16.9601 -0.0195408 0.0171957
16.9801 -0.0195408 0.0171953
17.0001 -0.0195408 0.0171947
17.0201 -0.0195408 0.0171536
17.0401 -0.0195408 0.0171951
17.0601 -0.0195408 0.0171945
17.0801 -0.0195408 0.0171944
17.1001 -0.0195408 0.0171955
17.1201 -0.0195408 0.0171954
17.1401 -0.0195408 0.0171939
17.1601 -0.0195408 0.0171958
17.1801 -0.0195408 0.0171946
17.2001 -0.0195408 0.0171943
17.2201 -0.0195408 0.0171945
17.2402 -0.0195408 0.017195
17.2601 -0.0195408 0.0171948
17.2801 -0.0195408 0.0171952
17.3001 -0.0195408 0.0171942
17.3201 -0.0195408 0.0171943
17.3401 -0.0195408 0.017192
17.3601 -0.0195408 0.0171911
17.3801 -0.0195408 0.0171949
17.4001 -0.0195408 0.0171956
17.4201 -0.0195408 0.0171945
17.4401 -0.0195408 0.0171937
17.4601 -0.0195408 0.0171952
17.4801 -0.0195408 0.0171953
17.5001 -0.0195408 0.0171955
17.5201 -0.0195408 0.017195
17.5401 -0.0195408 0.0171539
17.5601 -0.0195408 0.0171944
17.5801 -0.0195408 0.0171949
17.6001 -0.0195408 0.0171956
17.6201 -0.0195408 0.0171952
17.6401 -0.0195408 0.0171962
17.6601 -0.0195408 0.0171951
17.6801 -0.0195408 0.0171947
17.7001 -0.0195408 0.0171954
17.7201 -0.0195408 0.0171949
17.7401 -0.0195408 0.0171569
17.7602 -0.0195408 0.0171934
17.7801 -0.0195408 0.0171943
17.8001 -0.0195408 0.0171934
17.8201 -0.0195408 0.0171949
17.8401 -0.0195408 0.0171951
17.8601 -0.0195408 0.0171931
17.8801 -0.0195408 0.0171928
17.9001 -0.0195408 0.0171957
17.9201 -0.0195408 0.0171953
17.9401 -0.0195408 0.0171957
17.9601 -0.0195408 0.0171563
17.9801 -0.0195408 0.0171922
18.0001 -0.0195408 0.0171947
18.0201 -0.0195408 0.0171953
18.0401 -0.0195408 0.0171946
18.0601 -0.0195408 0.0171539
18.0801 -0.0195408 0.017195
18.1001 -0.0195408 0.0171939
18.1201 -0.0195408 0.0171956
18.1401 -0.0195408 0.0171942
18.1601 -0.0195408 0.0171953
18.1801 -0.0195408 0.017194
18.2001 -0.0195408 0.0171942
18.2201 -0.0195408 0.0171953
18.2401 -0.0195408 0.0171962
18.2601 -0.0195408 0.0171941
18.2802 -0.0195408 0.0171955
18.3001 -0.0195408 0.0171944
18.3201 -0.0195408 0.0171954
18.3401 -0.0195408 0.0171944
18.3601 -0.0195408 0.0171959
18.3801 -0.0195408 0.0171545
18.4001 -0.0195408 0.0171938
18.4201 -0.0195408 0.0171945
18.4401 -0.0195408 0.0171955
18.4601 -0.0195408 0.017195
18.4801 -0.0195408 0.0171939
18.5001 -0.0195408 0.0171943
18.5201 -0.0195408 0.0171953
18.5401 -0.0195408 0.0171931
18.5601 -0.0195408 0.0171941
18.5801 -0.0195408 0.017195
18.6002 -0.0195408 0.0171932
18.6201 -0.0195408 0.0171918
18.6401 -0.0195408 0.0171936
18.6601 -0.0195408 0.0171939
18.6801 -0.0195408 0.0171939
18.7001 -0.0195408 0.0171913
18.7201 -0.0195408 0.0171927
18.7401 -0.0195408 0.0171929
18.7601 -0.0195408 0.0171938
18.7801 -0.0195408 0.0171927
18.8001 -0.0195408 0.0171922
18.8201 -0.0195408 0.0171948
18.8401 -0.0195408 0.0171954
18.8601 -0.0195408 0.017193
18.8801 -0.0195408 0.017193
18.9001 -0.0195408 0.0171514
18.9201 -0.0195408 0.0171943
18.9401 -0.0195408 0.0171943
18.9601 -0.0195408 0.0171949
18.9801 -0.0195408 0.0171939
19.0001 -0.0195408 0.017195
19.0201 -0.0195408 0.0171945
19.0401 -0.0195408 0.017195
19.0601 -0.0195408 0.0171945
19.0801 -0.0195408 0.0171947
19.1001 -0.0195408 0.0171944
19.1201 -0.0195408 0.0171547
19.1401 -0.0195408 0.0171943
19.1601 -0.0195408 0.0171952
19.1801 -0.0195408 0.0171954
19.2001 -0.0195408 0.0171951
19.2201 -0.0195408 0.0171519
19.2401 -0.0195408 0.0171954
19.2601 -0.0195408 0.0171945
19.2801 -0.0195408 0.0171954
19.3001 -0.0195408 0.0171944
19.3201 -0.0195408 0.0171952
19.3401 -0.0195408 0.0171942
19.3601 -0.0195408 0.0171922
19.3801 -0.0195408 0.017195
19.4001 -0.0195408 0.0171945
19.4201 -0.0195408 0.0171951
19.4401 -0.0195408 0.0171937
19.4601 -0.0195408 0.0171955
19.4801 -0.0195408 0.0171955
19.5001 -0.0195408 0.0171949
19.5201 -0.0195408 0.0171951
19.5401 -0.0195408 0.0171923
19.5601 -0.0195408 0.0171932
19.5801 -0.0195408 0.0171946
19.6001 -0.0195408 0.0171962
19.6201 -0.0195408 0.017194
19.6401 -0.0195408 0.0171519
19.6601 -0.0195408 0.0171955
19.6801 -0.0195408 0.0171934
19.7001 -0.0195408 0.0171939
19.7201 -0.0195408 0.0171947
19.7401 -0.0195408 0.0171939
19.7602 -0.0195408 0.0171952
19.7801 -0.0195408 0.0171951
19.8001 -0.0195408 0.0171943
19.8201 -0.0195408 0.0171948
19.8401 -0.0195408 0.0171954
19.8601 -0.0195408 0.0171927
19.8801 -0.0195408 0.0171958
19.9001 -0.0195408 0.0171942
19.9201 -0.0195408 0.0171938
19.9401 -0.0195408 0.0171935
19.9601 -0.0195408 0.0171512
19.9801 -0.0195408 0.0171567
20.0001 -0.0195408 0.0171947
20.0201 -0.0195408 0.0171953
20.0401 -0.0195408 0.0171953
20.0601 -0.0195408 0.0171553
20.0801 -0.0195408 0.0171954
20.1001 -0.0195408 0.0171942
20.1201 -0.0195408 0.0171918
20.1401 -0.0195408 0.0171924
20.1601 -0.0195408 0.0171527
20.1801 -0.0195408 0.0171935
20.2001 -0.0195408 0.0171918
20.2201 -0.0195408 0.0171937
20.2401 -0.0195408 0.017192
20.2601 -0.0195408 0.0171916
20.2802 -0.0195408 0.0171908
20.3001 -0.0195408 0.0171917
20.3201 -0.0195408 0.0171942
20.3401 -0.0195408 0.0171928
20.3601 -0.0195408 0.017191
20.3801 -0.0195408 0.0171919
20.4001 -0.0195408 0.0171933
20.4201 -0.0195408 0.017194
20.4401 -0.0195408 0.0171945
20.4601 -0.0195408 0.0171938
