3.125e-06 -0.0195408 -0.000967865
0.00297557 -0.0195408 -0.00193443
0.0059375 -0.0195408 -0.0019299
0.00793302 -0.0195408 -0.00193156
0.00993464 -0.0195408 -0.00193005
0.0119332 -0.0195408 -0.00193037
0.0139334 -0.0195408 -0.00192865
0.0159317 -0.0195408 -0.00193052
0.0179336 -0.0195408 -0.00192948
0.0199326 -0.0195408 -0.00192932
0.0219324 -0.0195408 -0.00192906
0.0239321 -0.0195408 -0.00192901
0.0259321 -0.0195408 -0.00192885
0.0279319 -0.0195408 -0.00192891
0.029932 -0.0195408 -0.00192891
0.031932 -0.0195408 -0.0019325
0.0339357 -0.0195408 -0.00192745
0.0359305 -0.0195408 -0.00192891
0.037932 -0.0195408 -0.00192823
0.0399313 -0.0195408 -0.00192833
0.0419314 -0.0195408 -0.00192885
0.043932 -0.0195408 -0.0019301
0.0459332 -0.0195408 -0.00192891
0.047932 -0.0195408 -0.00192948
0.0499326 -0.0195408 -0.00192823
0.0519312 -0.0195408 -0.00192891
0.053932 -0.0195408 -0.00192839
0.0559315 -0.0195408 -0.00192885
0.057932 -0.0195408 -0.00192896
0.059932 -0.0195408 -0.00192828
0.0619313 -0.0195408 -0.00192844
0.0639316 -0.0195408 -0.00192891
0.065932 -0.0195408 -0.0019287
0.0679319 -0.0195408 -0.00192807
0.0699312 -0.0195408 -0.00193537
0.0719384 -0.0195408 -0.00192917
0.0739324 -0.0195408 -0.00192828
0.0759314 -0.0195408 -0.00192812
0.0779312 -0.0195408 -0.00192932
0.0799324 -0.0195408 -0.00192875
0.0819318 -0.0195408 -0.00192927
0.0839323 -0.0195408 -0.00192823
0.0859313 -0.0195408 -0.00192812
0.0879312 -0.0195408 -0.00192885
0.089932 -0.0195408 -0.00192823
0.0919314 -0.0195408 -0.00192896
0.093932 -0.0195408 -0.00193047
0.0959335 -0.0195408 -0.00192823
0.0979314 -0.0195408 -0.00216662
0.10017 -0.0195408 -0.00291729
0.102921 -0.0195408 -0.00291208
0.104916 -0.0195408 -0.00290906
0.106912 -0.0195408 -0.00291036
0.108913 -0.0195408 -0.00291135
0.110916 -0.0195408 -0.00291042
0.112913 -0.0195408 -0.00291021
0.114913 -0.0195408 -0.0029099
0.116913 -0.0195408 -0.00291063
0.118913 -0.0195408 -0.00291104
0.120914 -0.0195408 -0.00290995
0.122913 -0.0195408 -0.00290995
0.124913 -0.0195408 -0.00290964
0.126913 -0.0195408 -0.00291109
0.128914 -0.0195408 -0.00290943
0.130912 -0.0195408 -0.00291026
0.132913 -0.0195408 -0.00290651
0.134909 -0.0195408 -0.00292187
0.136925 -0.0195408 -0.00290766
0.138911 -0.0195408 -0.00290443
0.140907 -0.0195408 -0.00291693
0.142921 -0.0195408 -0.00291141
0.144915 -0.0195408 -0.00291042
0.146913 -0.0195408 -0.00291135
0.148915 -0.0195408 -0.00291016
0.150913 -0.0195408 -0.00291219
0.152916 -0.0195408 -0.00291005
0.154913 -0.0195408 -0.00290984
0.156913 -0.0195408 -0.00290938
0.158912 -0.0195408 -0.0029101
0.160913 -0.0195408 -0.00291234
0.162916 -0.0195408 -0.00290531
0.164908 -0.0195408 -0.00290625
0.166909 -0.0195408 -0.00290464
0.168907 -0.0195408 -0.00290516
0.170908 -0.0195408 -0.00291229
0.172917 -0.0195408 -0.0029125
0.174917 -0.0195408 -0.00291047
0.176913 -0.0195408 -0.0029088
0.178911 -0.0195408 -0.00290807
0.180911 -0.0195408 -0.00291016
0.182913 -0.0195408 -0.00291094
0.184914 -0.0195408 -0.00291786
0.186921 -0.0195408 -0.00290958
0.188912 -0.0195408 -0.00290838
0.190911 -0.0195408 -0.00291151
0.192916 -0.0195408 -0.00291104
0.194914 -0.0195408 -0.0029099
0.196913 -0.0195408 -0.00290943
0.198912 -0.0195408 -0.0030738
0.201077 -0.0195408 -0.00393354
0.203937 -0.0195408 -0.00392792
0.205931 -0.0195408 -0.00392797
0.207931 -0.0195408 -0.00393771
0.209941 -0.0195408 -0.00392911
0.211932 -0.0195408 -0.00392891
0.213932 -0.0195408 -0.00392849
0.215932 -0.0195408 -0.00392839
0.217931 -0.0195408 -0.00392912
0.219932 -0.0195408 -0.00392932
0.221932 -0.0195408 -0.0039288
0.223932 -0.0195408 -0.00392932
0.225932 -0.0195408 -0.00392828
0.227931 -0.0195408 -0.00392906
0.229932 -0.0195408 -0.00392885
0.231932 -0.0195408 -0.00392995
0.233933 -0.0195408 -0.0039287
0.235932 -0.0195408 -0.0039276
0.237931 -0.0195408 -0.00392896
0.239932 -0.0195408 -0.00392828
0.241931 -0.0195408 -0.00392891
0.243932 -0.0195408 -0.00392833
0.245931 -0.0195408 -0.00392875
0.247932 -0.0195408 -0.00392891
0.249932 -0.0195408 -0.00392792
0.251931 -0.0195408 -0.00392854
0.253932 -0.0195408 -0.00392833
0.255931 -0.0195408 -0.00392979
0.257933 -0.0195408 -0.00392906
0.259932 -0.0195408 -0.00392896
0.261932 -0.0195408 -0.00392969
0.263933 -0.0195408 -0.00392932
0.265932 -0.0195408 -0.00392943
0.267932 -0.0195408 -0.00392823
0.269931 -0.0195408 -0.00392776
0.271931 -0.0195408 -0.0039288
0.273932 -0.0195408 -0.00392875
0.275932 -0.0195408 -0.00392937
0.277933 -0.0195408 -0.00392917
0.279932 -0.0195408 -0.0039299
0.281933 -0.0195408 -0.00392839
0.283931 -0.0195408 -0.00393016
0.285933 -0.0195408 -0.00392885
0.287932 -0.0195408 -0.00392818
0.289931 -0.0195408 -0.00392792
0.291931 -0.0195408 -0.00392792
0.293931 -0.0195408 -0.00392875
0.295932 -0.0195408 -0.00392859
0.297932 -0.0195408 -0.00392943
0.299933 -0.0195408 -0.00410693
0.30211 -0.0195408 -0.00491318
0.304917 -0.0195408 -0.00491
0.306913 -0.0195408 -0.00491078
0.308913 -0.0195408 -0.00491104
0.310914 -0.0195408 -0.00491083
0.312913 -0.0195408 -0.00491115
0.314914 -0.0195408 -0.00490958
0.316912 -0.0195408 -0.0049101
0.318913 -0.0195408 -0.00491005
0.320913 -0.0195408 -0.00490995
0.322913 -0.0195408 -0.00491005
0.324913 -0.0195408 -0.00490984
0.326913 -0.0195408 -0.00491172
0.328916 -0.0195408 -0.00491052
0.330913 -0.0195408 -0.00491089
0.332914 -0.0195408 -0.0049099
0.334913 -0.0195408 -0.00490958
0.336912 -0.0195408 -0.00490917
0.338912 -0.0195408 -0.00490844
0.340911 -0.0195408 -0.00491104
0.342914 -0.0195408 -0.00491078
0.344913 -0.0195408 -0.00490932
0.346912 -0.0195408 -0.00490917
0.348912 -0.0195408 -0.00490912
0.350912 -0.0195408 -0.00491125
0.352914 -0.0195408 -0.00491057
0.354913 -0.0195408 -0.00490948
0.356912 -0.0195408 -0.0049088
0.358911 -0.0195408 -0.00491146
0.360916 -0.0195408 -0.00491141
0.362915 -0.0195408 -0.00490932
0.364912 -0.0195408 -0.00491
0.366913 -0.0195408 -0.0049113
0.368915 -0.0195408 -0.00490927
0.370912 -0.0195408 -0.00491036
0.372913 -0.0195408 -0.00490474
0.374907 -0.0195408 -0.00490635
0.376909 -0.0195408 -0.00490552
0.378908 -0.0195408 -0.00490396
0.380907 -0.0195408 -0.00490792
0.382911 -0.0195408 -0.00490682
0.384909 -0.0195408 -0.00490583
0.386909 -0.0195408 -0.0049063
0.388909 -0.0195408 -0.00490344
0.390906 -0.0195408 -0.0049162
0.392919 -0.0195408 -0.00491104
0.394914 -0.0195408 -0.00491146
0.396916 -0.0195408 -0.00491146
0.398916 -0.0195408 -0.00491094
0.400914 -0.0195408 -0.00506562
0.403068 -0.0195408 -0.00593099
0.405934 -0.0195408 -0.00592958
0.407933 -0.0195408 -0.00592958
0.409933 -0.0195408 -0.00592932
0.411932 -0.0195408 -0.00592818
0.413931 -0.0195408 -0.00592891
0.415932 -0.0195408 -0.00592838
0.417931 -0.0195408 -0.00592974
0.419933 -0.0195408 -0.00592802
0.421931 -0.0195408 -0.00592833
0.423931 -0.0195408 -0.00592953
0.425933 -0.0195408 -0.00592833
0.427932 -0.0195408 -0.0059301
0.429933 -0.0195408 -0.00593052
0.431934 -0.0195408 -0.00592891
0.433932 -0.0195408 -0.00592901
0.435932 -0.0195408 -0.00592844
0.437932 -0.0195408 -0.00592781
0.439931 -0.0195408 -0.00592891
0.441932 -0.0195408 -0.00593125
0.443934 -0.0195408 -0.00592912
0.445932 -0.0195408 -0.00592875
0.447932 -0.0195408 -0.00592875
0.449932 -0.0195408 -0.00592984
0.451933 -0.0195408 -0.00592891
0.453932 -0.0195408 -0.00592917
0.455932 -0.0195408 -0.00592828
0.457931 -0.0195408 -0.00592823
0.459931 -0.0195408 -0.00592963
0.461933 -0.0195408 -0.00592896
0.463932 -0.0195408 -0.00593651
0.46594 -0.0195408 -0.00592781
0.467931 -0.0195408 -0.00592891
0.469932 -0.0195408 -0.00592932
0.471933 -0.0195408 -0.00592927
0.473932 -0.0195408 -0.00592917
0.475932 -0.0195408 -0.00592891
0.477932 -0.0195408 -0.00592927
0.479933 -0.0195408 -0.00592974
0.481933 -0.0195408 -0.00592901
0.483932 -0.0195408 -0.00592937
0.485933 -0.0195408 -0.00592963
0.487933 -0.0195408 -0.00592885
0.489932 -0.0195408 -0.00592891
0.491932 -0.0195408 -0.00592802
0.493931 -0.0195408 -0.0059288
0.495932 -0.0195408 -0.00592943
0.497933 -0.0195408 -0.00592891
0.499932 -0.0195408 -0.00592802
0.501931 -0.0195408 -0.00610594
0.504109 -0.0195408 -0.0069101
0.506913 -0.0195408 -0.00691156
0.508916 -0.0195408 -0.00691021
0.510913 -0.0195408 -0.00691823
0.512921 -0.0195408 -0.0069113
0.514915 -0.0195408 -0.00691005
0.516913 -0.0195408 -0.00691063
0.518913 -0.0195408 -0.00691213
0.520916 -0.0195408 -0.00690995
0.522913 -0.0195408 -0.00690963
0.524912 -0.0195408 -0.00690963
0.526912 -0.0195408 -0.00691177
0.528916 -0.0195408 -0.00690984
0.530913 -0.0195408 -0.00691156
0.532916 -0.0195408 -0.00690963
0.534912 -0.0195408 -0.00691057
0.536913 -0.0195408 -0.00690984
0.538913 -0.0195408 -0.00690875
0.540911 -0.0195408 -0.00691068
0.542913 -0.0195408 -0.00691115
0.544914 -0.0195408 -0.00691115
0.546914 -0.0195408 -0.00690995
0.548913 -0.0195408 -0.00690995
0.550913 -0.0195408 -0.00691052
0.552913 -0.0195408 -0.00690943
0.554912 -0.0195408 -0.00690906
0.556912 -0.0195408 -0.00690969
0.558912 -0.0195408 -0.00691005
0.560913 -0.0195408 -0.00691125
0.562915 -0.0195408 -0.00691167
0.564916 -0.0195408 -0.00690995
0.566913 -0.0195408 -0.00691104
0.568914 -0.0195408 -0.0069101
0.570913 -0.0195408 -0.00690979
0.572913 -0.0195408 -0.00690953
0.574912 -0.0195408 -0.00691047
0.576913 -0.0195408 -0.00691083
0.578914 -0.0195408 -0.00690984
0.580913 -0.0195408 -0.00691109
0.582914 -0.0195408 -0.00690661
0.584909 -0.0195408 -0.00690615
0.586909 -0.0195408 -0.00690542
0.588908 -0.0195408 -0.00690375
0.590906 -0.0195408 -0.0069124
0.592917 -0.0195408 -0.0069113
0.594915 -0.0195408 -0.00691031
0.596913 -0.0195408 -0.00690979
0.598912 -0.0195408 -0.00691094
0.600914 -0.0195408 -0.00691021
0.602913 -0.0195408 -0.00705849
0.605061 -0.0195408 -0.00793057
0.607934 -0.0195408 -0.00792849
0.609932 -0.0195408 -0.00792932
0.611932 -0.0195408 -0.00792969
0.613933 -0.0195408 -0.00792927
0.615932 -0.0195408 -0.00792859
0.617932 -0.0195408 -0.00792802
0.619931 -0.0195408 -0.00792797
0.621931 -0.0195408 -0.00792922
0.623932 -0.0195408 -0.00792854
0.625932 -0.0195408 -0.00792891
0.627932 -0.0195408 -0.00792885
0.629932 -0.0195408 -0.00792823
0.631931 -0.0195408 -0.00792302
0.633926 -0.0195408 -0.0079224
0.635926 -0.0195408 -0.00792172
0.637925 -0.0195408 -0.00792109
0.639924 -0.0195408 -0.00792161
0.641925 -0.0195408 -0.00792969
0.643933 -0.0195408 -0.00792922
0.645932 -0.0195408 -0.0079299
0.647933 -0.0195408 -0.00792891
0.649932 -0.0195408 -0.00792891
0.651932 -0.0195408 -0.00792922
0.653932 -0.0195408 -0.00792802
0.655931 -0.0195408 -0.00792885
0.657932 -0.0195408 -0.00792807
0.659931 -0.0195408 -0.00792797
0.661931 -0.0195408 -0.00792896
0.663932 -0.0195408 -0.00792891
0.665932 -0.0195408 -0.00792958
0.667933 -0.0195408 -0.00792792
0.669931 -0.0195408 -0.00792854
0.671932 -0.0195408 -0.00792885
0.673932 -0.0195408 -0.00792896
0.675932 -0.0195408 -0.00792984
0.677933 -0.0195408 -0.00792891
0.679932 -0.0195408 -0.00792687
0.68193 -0.0195408 -0.00793021
0.683933 -0.0195408 -0.00792838
0.685932 -0.0195408 -0.00792802
0.687931 -0.0195408 -0.00792875
0.689932 -0.0195408 -0.00792891
0.691932 -0.0195408 -0.00792938
0.693933 -0.0195408 -0.00792854
0.695932 -0.0195408 -0.00792922
0.697932 -0.0195408 -0.00793031
0.699933 -0.0195408 -0.00792828
0.701931 -0.0195408 -0.00792906
0.703932 -0.0195408 -0.00809948
0.706103 -0.0195408 -0.00891323
0.708917 -0.0195408 -0.00891125
0.710915 -0.0195408 -0.00891187
0.712916 -0.0195408 -0.00891005
0.714913 -0.0195408 -0.00890958
0.716912 -0.0195408 -0.00891042
0.718913 -0.0195408 -0.00891109
0.720914 -0.0195408 -0.00891161
0.722916 -0.0195408 -0.00890927
0.724912 -0.0195408 -0.00890917
0.726912 -0.0195408 -0.0089101
0.728913 -0.0195408 -0.00891042
0.730913 -0.0195408 -0.00891063
0.732913 -0.0195408 -0.00891078
0.734913 -0.0195408 -0.00891005
0.736913 -0.0195408 -0.00891
0.738913 -0.0195408 -0.00890922
0.740912 -0.0195408 -0.00891078
0.742913 -0.0195408 -0.00891125
0.744914 -0.0195408 -0.00891026
0.746913 -0.0195408 -0.00891063
0.748913 -0.0195408 -0.00891073
0.750913 -0.0195408 -0.00891094
0.752914 -0.0195408 -0.00890932
0.754912 -0.0195408 -0.00890969
0.756912 -0.0195408 -0.00890984
0.758913 -0.0195408 -0.00891141
0.760915 -0.0195408 -0.00890995
0.762913 -0.0195408 -0.00890969
0.764912 -0.0195408 -0.00890984
0.766913 -0.0195408 -0.00891766
0.76892 -0.0195408 -0.0089101
0.770913 -0.0195408 -0.0089101
0.772913 -0.0195408 -0.00890995
0.774913 -0.0195408 -0.00890964
0.776912 -0.0195408 -0.00890979
0.778913 -0.0195408 -0.00891047
0.780913 -0.0195408 -0.00891115
0.782914 -0.0195408 -0.0089101
0.784913 -0.0195408 -0.00891135
0.786915 -0.0195408 -0.0089099
0.788913 -0.0195408 -0.00890896
0.790912 -0.0195408 -0.00891057
0.792913 -0.0195408 -0.00890557
0.794908 -0.0195408 -0.00890505
0.796908 -0.0195408 -0.00890583
0.798908 -0.0195408 -0.00890589
0.800909 -0.0195408 -0.0089099
0.802913 -0.0195408 -0.00891068
0.804913 -0.0195408 -0.00905948
0.807062 -0.0195408 -0.00992979
0.809933 -0.0097704 -0.0099299
0.811933 -0.0195408 -0.00992979
0.813933 -0.0195408 -0.00993641
0.81594 -0.0195408 -0.00993016
0.817933 -0.0195408 -0.00992979
0.819933 -0.0195408 -0.00992953
0.821933 -0.0195408 -0.00992922
0.823932 -0.0195408 -0.00992833
0.825931 -0.0195408 -0.00992891
0.827932 -0.0195408 -0.00992812
0.829931 -0.0195408 -0.00992833
0.831931 -0.0195408 -0.00992885
0.833932 -0.0195408 -0.00992943
0.835933 -0.0195408 -0.00992901
0.837932 -0.0195408 -0.00992885
0.839932 -0.0195408 -0.00992859
0.841932 -0.0195408 -0.00992943
0.843933 -0.0195408 -0.00992979
0.845933 -0.0195408 -0.00992891
0.847932 -0.0195408 -0.00992776
0.849931 -0.0195408 -0.0099287
0.851932 -0.0195408 -0.00992927
0.853932 -0.0195408 -0.00992823
0.855931 -0.0195408 -0.00992922
0.857932 -0.0195408 -0.00992802
0.859931 -0.0195408 -0.00992781
0.861931 -0.0195408 -0.00992891
0.863932 -0.0195408 -0.00992891
0.865932 -0.0195408 -0.00992802
0.867931 -0.0195408 -0.00992885
0.869932 -0.0195408 -0.0099275
0.871931 -0.0195408 -0.00992865
0.873932 -0.0195408 -0.00992844
0.875932 -0.0195408 -0.00992797
0.877931 -0.0195408 -0.00992891
0.879932 -0.0195408 -0.00992948
0.881933 -0.0195408 -0.00992281
0.883926 -0.0195408 -0.00992156
0.885925 -0.0195408 -0.00992141
0.887925 -0.0195408 -0.00992297
0.889926 -0.0195408 -0.00992292
0.891926 -0.0195408 -0.00992969
0.893933 -0.0195408 -0.00992922
0.895933 -0.0195408 -0.00992833
0.897931 -0.0195408 -0.00992896
0.899932 -0.0195408 -0.00992865
0.901932 -0.0195408 -0.0099288
0.903932 -0.0195408 -0.00992943
0.905933 -0.0195408 -0.0101024
0.908106 -0.0195408 -0.0109117
0.910916 -0.0195408 -0.0109111
0.912914 -0.0195408 -0.010904
0.914907 -0.0195408 -0.0109054
0.916908 -0.0195408 -0.0109054
0.918908 -0.0195408 -0.0109056
0.920908 -0.0195408 -0.0109161
0.922919 -0.0195408 -0.0109123
0.924916 -0.0195408 -0.0109115
0.926916 -0.0195408 -0.0109106
0.928913 -0.0195408 -0.0109105
0.930913 -0.0195408 -0.0109107
0.932913 -0.0195408 -0.0109092
0.934912 -0.0195408 -0.0109101
0.936913 -0.0195408 -0.0109097
0.938912 -0.0195408 -0.0109092
0.940912 -0.0195408 -0.0109105
0.942913 -0.0195408 -0.0109111
0.944914 -0.0195408 -0.0109099
0.946913 -0.0195408 -0.0109104
0.948913 -0.0195408 -0.0109099
0.950913 -0.0195408 -0.0109112
0.952914 -0.0195408 -0.0109094
0.954912 -0.0195408 -0.0109094
0.956912 -0.0195408 -0.0109093
0.958912 -0.0195408 -0.0109096
0.960912 -0.0195408 -0.0109121
0.962916 -0.0195408 -0.0109116
0.964916 -0.0195408 -0.0109108
0.966914 -0.0195408 -0.0109122
0.968916 -0.0195408 -0.0109091
0.970912 -0.0195408 -0.0109104
0.972913 -0.0195408 -0.0109094
0.974912 -0.0195408 -0.0109102
0.976913 -0.0195408 -0.0109111
0.978914 -0.0195408 -0.0109094
0.980912 -0.0195408 -0.010911
0.982914 -0.0195408 -0.0109101
0.984913 -0.0195408 -0.0109097
0.986912 -0.0195408 -0.0109101
0.988913 -0.0195408 -0.0109091
0.990912 -0.0195408 -0.0109107
0.992913 -0.0195408 -0.0109105
0.994913 -0.0195408 -0.0109099
0.996912 -0.0195408 -0.0109103
0.998913 -0.0195408 -0.0109115
1.00092 -0.0195408 -0.0109118
1.00292 -0.0195408 -0.0109062
1.00491 -0.0195408 -0.0109034
1.00691 -0.0195408 -0.0110579
1.00906 -0.0195408 -0.0119228
1.01193 -0.0195408 -0.0119305
1.01393 -0.0195408 -0.0119307
1.01593 -0.0195408 -0.0119301
1.01793 -0.0195408 -0.011929
1.01993 -0.0195408 -0.0119289
1.02193 -0.0195408 -0.011929
1.02393 -0.0195408 -0.0119286
1.02593 -0.0195408 -0.0119288
1.02793 -0.0195408 -0.0119291
1.02993 -0.0195408 -0.0119295
1.03193 -0.0195408 -0.0119289
1.03393 -0.0195408 -0.011929
1.03593 -0.0195408 -0.0119282
1.03793 -0.0195408 -0.0119296
1.03993 -0.0195408 -0.0119284
1.04193 -0.0195408 -0.0119289
1.04393 -0.0195408 -0.0119288
1.04593 -0.0195408 -0.0119281
1.04793 -0.0195408 -0.0119289
1.04993 -0.0195408 -0.0119283
1.05193 -0.0195408 -0.0119298
1.05393 -0.0195408 -0.0119295
1.05593 -0.0195408 -0.011931
1.05793 -0.0195408 -0.01193
1.05993 -0.0195408 -0.0119289
1.06193 -0.0195408 -0.0119293
1.06393 -0.0195408 -0.0119289
1.06593 -0.0195408 -0.0119289
1.06793 -0.0195408 -0.0119292
1.06993 -0.0195408 -0.0119274
1.07193 -0.0195408 -0.011929
1.07393 -0.0195408 -0.0119287
1.07593 -0.0195408 -0.011929
1.07793 -0.0195408 -0.0119292
1.07993 -0.0195408 -0.0119289
1.08193 -0.0195408 -0.0119289
1.08393 -0.0195408 -0.0119283
1.08593 -0.0195408 -0.0119289
1.08793 -0.0195408 -0.0119279
1.08993 -0.0195408 -0.011928
1.09193 -0.0195408 -0.0119283
1.09393 -0.0195408 -0.0119357
1.09594 -0.0195408 -0.0119281
1.09793 -0.0195408 -0.0119279
1.09993 -0.0195408 -0.0119275
1.10193 -0.0195408 -0.0119283
1.10393 -0.0195408 -0.011929
1.10593 -0.0195408 -0.0119289
1.10793 -0.0195408 -0.0121114
1.11011 -0.0195408 -0.0129132
1.11292 -0.0195408 -0.0129094
1.11491 -0.0195408 -0.0129104
1.11691 -0.0195408 -0.0129178
1.11892 -0.0195408 -0.0129107
1.12091 -0.0195408 -0.01291
1.12291 -0.0195408 -0.0129095
1.12491 -0.0195408 -0.0129105
1.12691 -0.0195408 -0.0129105
1.12891 -0.0195408 -0.0129101
1.13091 -0.0195408 -0.0129111
1.13291 -0.0195408 -0.0129054
1.13491 -0.0195408 -0.0129042
1.13691 -0.0195408 -0.0129041
1.13891 -0.0195408 -0.0129028
1.14091 -0.0195408 -0.0129131
1.14292 -0.0195408 -0.0129122
1.14492 -0.0195408 -0.0129107
1.14691 -0.0195408 -0.0129098
1.14891 -0.0195408 -0.0129102
1.15091 -0.0195408 -0.0129112
1.15291 -0.0195408 -0.0129106
1.15491 -0.0195408 -0.0129088
1.15691 -0.0195408 -0.0129112
1.15891 -0.0195408 -0.0129107
1.16091 -0.0195408 -0.0129102
1.16291 -0.0195408 -0.0129101
1.16491 -0.0195408 -0.0129095
1.16691 -0.0195408 -0.0129099
1.16891 -0.0195408 -0.0129095
1.17091 -0.0097704 -0.0129101
1.17291 -0.0195408 -0.0129094
1.17491 -0.0195408 -0.0129089
1.17691 -0.0195408 -0.0129098
1.17891 -0.0195408 -0.0129109
1.18091 -0.0195408 -0.0129113
1.18291 -0.0195408 -0.0129115
1.18492 -0.0195408 -0.0129101
1.18691 -0.0195408 -0.0129097
1.18891 -0.0195408 -0.0129092
1.19091 -0.0195408 -0.0129105
1.19291 -0.0195408 -0.0129103
1.19491 -0.0195408 -0.0129099
1.19691 -0.0195408 -0.0129093
1.19891 -0.0195408 -0.0129089
1.20091 -0.0195408 -0.0129096
1.20291 -0.0195408 -0.0129104
1.20491 -0.0195408 -0.0129089
1.20691 -0.0195408 -0.0129098
1.20891 -0.0195408 -0.0129219
1.21092 -0.0195408 -0.012933
1.21294 -0.0195408 -0.0129229
1.21493 -0.0195408 -0.0129215
1.21692 -0.0195408 -0.0129215
1.21892 -0.0195408 -0.0129214
1.22092 -0.0195408 -0.0129307
1.22293 -0.0195408 -0.0129285
1.22493 -0.0195408 -0.0129303
1.22693 -0.0195408 -0.0129285
1.22893 -0.0195408 -0.0129289
1.23093 -0.0195408 -0.012939
1.23294 -0.0195408 -0.0129305
1.23493 -0.0195408 -0.0129275
1.23693 -0.0195408 -0.0129275
1.23893 -0.0195408 -0.0129291
1.24093 -0.0195408 -0.0129316
1.24293 -0.0195408 -0.0129288
1.24493 -0.0195408 -0.0129282
1.24693 -0.0195408 -0.0129291
1.24893 -0.0195408 -0.0129281
1.25093 -0.0195408 -0.0129294
1.25293 -0.0195408 -0.0129293
1.25493 -0.0195408 -0.0129295
1.25693 -0.0195408 -0.0129303
1.25893 -0.0195408 -0.012929
1.26093 -0.0195408 -0.0129302
1.26293 -0.0195408 -0.0129281
1.26493 -0.0195408 -0.0129284
1.26693 -0.0195408 -0.0129278
1.26893 -0.0195408 -0.0129284
1.27093 -0.0195408 -0.0129297
1.27293 -0.0195408 -0.0129305
1.27493 -0.0195408 -0.0129292
1.27693 -0.0195408 -0.0129294
1.27893 -0.0195408 -0.012931
1.28093 -0.0195408 -0.0129311
1.28293 -0.0195408 -0.0129278
1.28493 -0.0195408 -0.0129279
1.28693 -0.0195408 -0.0129296
1.28893 -0.0195408 -0.0129281
1.29093 -0.0195408 -0.0129297
1.29293 -0.0195408 -0.0129278
1.29493 -0.0195408 -0.0129294
1.29693 -0.0195408 -0.0129277
1.29893 -0.0195408 -0.0129284
1.30093 -0.0195408 -0.0129307
1.30293 -0.0195408 -0.0129285
1.30493 -0.0195408 -0.0129285
1.30693 -0.0195408 -0.0129295
1.30893 -0.0195408 -0.013106
1.31111 -0.0195408 -0.0139164
1.31392 -0.0195408 -0.0139104
1.31591 -0.0195408 -0.0139091
1.31791 -0.0195408 -0.01391
1.31991 -0.0195408 -0.0139104
1.32191 -0.0195408 -0.0139086
1.32391 -0.0195408 -0.0139087
1.32591 -0.0195408 -0.0139109
1.32791 -0.0195408 -0.0139098
1.32991 -0.0195408 -0.0139092
1.33191 -0.0195408 -0.0139105
1.33391 -0.0195408 -0.01391
1.33591 -0.0195408 -0.0139103
1.33791 -0.0195408 -0.0139086
1.33991 -0.0195408 -0.0139105
1.34191 -0.0195408 -0.0139103
1.34391 -0.0195408 -0.0139089
1.34591 -0.0195408 -0.0139105
1.34791 -0.0195408 -0.0139098
1.34991 -0.0195408 -0.0139091
1.35191 -0.0195408 -0.0139105
1.35391 -0.0195408 -0.0139089
1.35591 -0.0195408 -0.0139095
1.35791 -0.0195408 -0.0139094
1.35991 -0.0195408 -0.0139102
1.36191 -0.0195408 -0.0139104
1.36391 -0.0195408 -0.0139085
1.36591 -0.0195408 -0.0139092
1.36791 -0.0195408 -0.0139105
1.36991 -0.0195408 -0.013909
1.37191 -0.0195408 -0.0139095
1.37391 -0.0195408 -0.0139092
1.37591 -0.0195408 -0.0139095
1.37791 -0.0195408 -0.0139104
1.37991 -0.0195408 -0.013909
1.38191 -0.0195408 -0.0139046
1.38391 -0.0195408 -0.0139048
1.38591 -0.0195408 -0.0139033
1.38791 -0.0195408 -0.0139031
1.38991 -0.0195408 -0.0139027
1.39191 -0.0195408 -0.0139127
1.39392 -0.0195408 -0.0139087
1.39591 -0.0195408 -0.013909
1.39791 -0.0195408 -0.0139095
1.39991 -0.0195408 -0.0139079
1.40191 -0.0195408 -0.0139118
1.40392 -0.0195408 -0.0139092
1.40591 -0.0195408 -0.0139091
1.40791 -0.0195408 -0.0139117
1.40992 -0.0195408 -0.0140645
1.41207 -0.0195408 -0.0149307
1.41493 -0.0195408 -0.0149296
1.41693 -0.0195408 -0.0149282
1.41893 -0.0195408 -0.0149297
1.42093 -0.0195408 -0.0149299
1.42293 -0.0195408 -0.0149216
1.42492 -0.0195408 -0.0149216
1.42692 -0.0195408 -0.0149214
1.42892 -0.0195408 -0.0149222
1.43093 -0.0195408 -0.0149291
1.43293 -0.0195408 -0.0149281
1.43493 -0.0195408 -0.0149288
1.43693 -0.0195408 -0.0149283
1.43893 -0.0195408 -0.0149292
1.44093 -0.0195408 -0.014928
1.44293 -0.0195408 -0.0149276
1.44493 -0.0195408 -0.0149298
1.44693 -0.0195408 -0.0149292
1.44893 -0.0195408 -0.0149302
1.45093 -0.0195408 -0.0149302
1.45293 -0.0195408 -0.0149285
1.45493 -0.0195408 -0.0149287
1.45693 -0.0195408 -0.0149274
1.45893 -0.0195408 -0.0149282
1.46093 -0.0195408 -0.0149307
1.46293 -0.0195408 -0.0149283
1.46493 -0.0195408 -0.0149291
1.46693 -0.0195408 -0.0149295
1.46893 -0.0195408 -0.0149282
1.47093 -0.0195408 -0.0149282
1.47293 -0.0195408 -0.0149215
1.47492 -0.0195408 -0.0149218
1.47693 -0.0195408 -0.0149212
1.47892 -0.0195408 -0.0149216
1.48092 -0.0195408 -0.0150113
1.48301 -0.0195408 -0.0159289
1.48593 -0.0195408 -0.0159289
1.48793 -0.0195408 -0.0159287
1.48993 -0.0097704 -0.0159293
1.49193 -0.0195408 -0.0159289
1.49393 -0.0195408 -0.0159296
1.49593 -0.0195408 -0.0159281
1.49793 -0.0195408 -0.0159281
1.49993 -0.0195408 -0.0159284
1.50193 -0.0195408 -0.0159272
1.50393 -0.0195408 -0.0159274
1.50593 -0.0195408 -0.0159277
1.50793 -0.0195408 -0.0159292
1.50993 -0.0195408 -0.0161044
1.51211 -0.0195408 -0.0169123
1.51492 -0.0195408 -0.0169102
1.51691 -0.0195408 -0.0169106
1.51891 -0.0195408 -0.0169112
1.52091 -0.0195408 -0.0169096
1.52291 -0.0195408 -0.0169103
1.52491 -0.0195408 -0.0169101
1.52691 -0.0195408 -0.0169116
1.52892 -0.0195408 -0.0169093
1.53091 -0.0195408 -0.0169115
1.53292 -0.0195408 -0.0169109
1.53491 -0.0195408 -0.0169111
1.53691 -0.0195408 -0.0169094
1.53891 -0.0195408 -0.0169098
1.54091 -0.0195408 -0.0169105
1.54291 -0.0195408 -0.0169102
1.54491 -0.0195408 -0.0169089
1.54691 -0.0195408 -0.0169099
1.54891 -0.0195408 -0.0169106
1.55091 -0.0195408 -0.0169111
1.55291 -0.0195408 -0.0169099
1.55491 -0.0195408 -0.0169094
1.55691 -0.0195408 -0.0169108
1.55891 -0.0195408 -0.0169104
1.56091 -0.0195408 -0.0169099
1.56291 -0.0195408 -0.0169102
1.56491 -0.0195408 -0.0169105
1.56691 -0.0195408 -0.0169116
1.56892 -0.0195408 -0.0169098
1.57091 -0.0195408 -0.0169097
1.57291 -0.0195408 -0.0169096
1.57491 -0.0195408 -0.0169115
1.57692 -0.0195408 -0.0169094
1.57891 -0.0195408 -0.0169103
1.58091 -0.0195408 -0.0169099
1.58291 -0.0195408 -0.0169116
1.58492 -0.0195408 -0.0169098
1.58691 -0.0195408 -0.0169109
1.58891 -0.0195408 -0.0169089
1.59091 -0.0195408 -0.0169119
1.59292 -0.0195408 -0.0169111
1.59491 -0.0195408 -0.0169114
1.59692 -0.0195408 -0.0169094
1.59891 -0.0195408 -0.0169106
1.60091 -0.0195408 -0.0169185
1.60292 -0.0195408 -0.0169115
1.60492 -0.0195408 -0.0169091
1.60691 -0.0195408 -0.0169106
1.60891 -0.0195408 -0.0169101
1.61091 -0.0195408 -0.0170646
1.61307 -0.0195408 -0.0179305
1.61593 -0.0195408 -0.0179304
1.61793 -0.0195408 -0.0179286
1.61993 -0.0195408 -0.0179293
1.62193 -0.0097704 -0.0179283
1.62393 -0.0195408 -0.0179376
1.62594 -0.0195408 -0.0179282
1.62793 -0.0195408 -0.0179289
1.62993 -0.0195408 -0.0179281
1.63193 -0.0195408 -0.0179224
1.63393 -0.0195408 -0.0179222
1.63593 -0.0195408 -0.0179221
1.63793 -0.0195408 -0.0179213
1.63992 -0.0195408 -0.0179228
1.64193 -0.0195408 -0.0179301
1.64393 -0.0195408 -0.0179279
1.64593 -0.0195408 -0.0179273
1.64793 -0.0195408 -0.0179297
1.64993 -0.0195408 -0.0179289
1.65193 -0.0195408 -0.0179289
1.65393 -0.0195408 -0.0179278
1.65593 -0.0195408 -0.0179302
1.65793 -0.0195408 -0.0179297
1.65993 -0.0195408 -0.0179281
1.66193 -0.0195408 -0.0179292
1.66393 -0.0195408 -0.0179286
1.66593 -0.0195408 -0.0179283
1.66793 -0.0195408 -0.0179279
1.66993 -0.0195408 -0.0179282
1.67193 -0.0195408 -0.0179284
1.67393 -0.0195408 -0.0179281
1.67593 -0.0195408 -0.0179284
1.67793 -0.0195408 -0.0179281
1.67993 -0.0195408 -0.0179289
1.68193 -0.0195408 -0.0179303
1.68393 -0.0195408 -0.0179282
1.68593 -0.0195408 -0.0179285
1.68793 -0.0195408 -0.017929
1.68993 -0.0195408 -0.0179275
1.69193 -0.0195408 -0.0179289
1.69393 -0.0195408 -0.017929
1.69593 -0.0195408 -0.0179282
1.69793 -0.0195408 -0.0179292
1.69993 -0.0195408 -0.0179285
1.70193 -0.0195408 -0.0179279
1.70393 -0.0195408 -0.0179276
1.70593 -0.0195408 -0.0179277
1.70793 -0.0195408 -0.0179283
1.70993 -0.0195408 -0.017928
1.71193 -0.0195408 -0.0181015
1.71411 -0.0195408 -0.0189127
1.71692 -0.0195408 -0.0189095
1.71891 -0.0195408 -0.0189124
1.72092 -0.0195408 -0.0189429
1.72295 -0.0195408 -0.0189604
1.72497 -0.0195408 -0.0209178
1.72892 -0.0195408 -0.0209117
1.73092 -0.0195408 -0.0209126
1.73292 -0.0195408 -0.0209111
1.73491 -0.0195408 -0.0209109
1.73691 -0.0195408 -0.0209103
1.73891 -0.0195408 -0.020909
1.74091 -0.0195408 -0.0209106
1.74291 -0.0195408 -0.0209121
1.74492 -0.0195408 -0.02091
1.74691 -0.0195408 -0.0209112
1.74891 -0.0195408 -0.0209094
1.75091 -0.0195408 -0.0209114
1.75292 -0.0195408 -0.0209105
1.75491 -0.0195408 -0.0209089
1.75691 -0.0195408 -0.0209094
1.75891 -0.0195408 -0.0209105
1.76091 -0.0195408 -0.0209107
1.76291 -0.0195408 -0.0209115
1.76492 -0.0195408 -0.0209097
1.76691 -0.0195408 -0.0209122
1.76892 -0.0195408 -0.0209095
1.77091 -0.0195408 -0.0209106
1.77291 -0.0195408 -0.0209105
1.77491 -0.0195408 -0.0209102
1.77691 -0.0195408 -0.0209114
1.77892 -0.0195408 -0.0209103
1.78091 -0.0195408 -0.0209107
1.78291 -0.0195408 -0.0209094
1.78491 -0.0195408 -0.020911
1.78691 -0.0195408 -0.0209101
1.78891 -0.0195408 -0.0209095
1.79091 -0.0195408 -0.0209112
1.79291 -0.0195408 -0.0209111
1.79491 -0.0195408 -0.0209108
1.79691 -0.0195408 -0.0209104
1.79891 -0.0195408 -0.0209105
1.80091 -0.0195408 -0.0209116
1.80292 -0.0195408 -0.0209111
1.80491 -0.0195408 -0.0209085
1.80691 -0.0195408 -0.0209116
1.80892 -0.0195408 -0.0209096
1.81091 -0.0195408 -0.0209186
1.81292 -0.0195408 -0.0211004
1.8151 -0.0195408 -0.021933
1.81794 -0.0195408 -0.0219294
1.81993 -0.0195408 -0.0219304
1.82193 -0.0195408 -0.0219284
1.82393 -0.0195408 -0.0219293
1.82593 -0.0195408 -0.0219284
1.82793 -0.0195408 -0.0219281
1.82993 -0.0195408 -0.0219281
1.83193 -0.0195408 -0.0219296
1.83393 -0.0195408 -0.0219287
1.83593 -0.0195408 -0.0219301
1.83793 -0.0195408 -0.0219282
1.83993 -0.0195408 -0.0219285
1.84193 -0.0195408 -0.0219229
1.84393 -0.0195408 -0.0219228
1.84593 -0.0195408 -0.0219227
1.84793 -0.0195408 -0.0219219
1.84992 -0.0195408 -0.0219218
1.85192 -0.0195408 -0.0219324
1.85394 -0.0195408 -0.0219305
1.85593 -0.0195408 -0.0219293
1.85793 -0.0195408 -0.0219309
1.85993 -0.0195408 -0.0219295
1.86193 -0.0195408 -0.0219304
1.86393 -0.0195408 -0.0219282
1.86593 -0.0195408 -0.0219289
1.86793 -0.0195408 -0.0219275
1.86993 -0.0195408 -0.021929
1.87193 -0.0195408 -0.0219284
1.87393 -0.0195408 -0.0219289
1.87593 -0.0195408 -0.0219286
1.87793 -0.0195408 -0.0219289
1.87993 -0.0195408 -0.0219289
1.88193 -0.0195408 -0.0229325
1.88494 -0.0195408 -0.0229272
1.88693 -0.0195408 -0.022921
1.88892 -0.0195408 -0.0229198
1.89092 -0.0195408 -0.0229307
1.89293 -0.0195408 -0.0229293
1.89493 -0.0195408 -0.0229282
1.89693 -0.0195408 -0.0229286
1.89893 -0.0195408 -0.0229277
1.90093 -0.0195408 -0.0229307
1.90293 -0.0195408 -0.0229289
1.90493 -0.0195408 -0.0229357
1.90694 -0.0195408 -0.0229289
1.90893 -0.0195408 -0.0229282
1.91093 -0.0195408 -0.0229292
1.91293 -0.0195408 -0.0231154
1.91512 -0.0195408 -0.02391
1.91791 -0.0195408 -0.0239127
1.91992 -0.0195408 -0.0239127
1.92192 -0.0195408 -0.023909
1.92391 -0.0195408 -0.0239097
1.92591 -0.0195408 -0.0239117
1.92792 -0.0195408 -0.0239126
1.92992 -0.0195408 -0.0239097
1.93191 -0.0195408 -0.023909
1.93391 -0.0195408 -0.0239091
1.93591 -0.0195408 -0.0239095
1.93791 -0.0195408 -0.0239092
1.93991 -0.0195408 -0.0239101
1.94191 -0.0195408 -0.0239103
1.94391 -0.0195408 -0.0239096
1.94591 -0.0195408 -0.0239098
1.94791 -0.0195408 -0.0239106
1.94991 -0.0195408 -0.0239108
1.95191 -0.0195408 -0.0239052
1.95391 -0.0195408 -0.0239035
1.95591 -0.0195408 -0.0239042
1.95791 -0.0195408 -0.023903
1.95991 -0.0195408 -0.0239051
1.96191 -0.0195408 -0.0249158
1.96492 -0.0195408 -0.0249107
1.96691 -0.0195408 -0.0249122
1.96892 -0.0195408 -0.0249095
1.97091 -0.0195408 -0.0249108
1.97291 -0.0195408 -0.0249096
1.97491 -0.0195408 -0.0249195
1.97692 -0.0195408 -0.0249108
1.97891 -0.0195408 -0.0249113
1.98092 -0.0195408 -0.0249114
1.98292 -0.0195408 -0.0249122
1.98492 -0.0195408 -0.0249101
1.98691 -0.0195408 -0.0249104
1.98891 -0.0195408 -0.0249087
1.99091 -0.0195408 -0.024911
1.99291 -0.0195408 -0.0249099
1.99491 -0.0195408 -0.0249099
1.99691 -0.0195408 -0.0249101
1.99891 -0.0195408 -0.0249095
2.00091 -0.0195408 -0.0249117
2.00292 -0.0195408 -0.0249112
2.00491 -0.0195408 -0.0249092
2.00691 -0.0195408 -0.0249105
2.00891 -0.0195408 -0.024911
2.01091 -0.0195408 -0.0249124
2.01292 -0.0195408 -0.0249098
2.01491 -0.0195408 -0.0259313
2.01793 -0.0195408 -0.0259308
2.01993 -0.0195408 -0.0259284
2.02193 -0.0195408 -0.0259372
2.02394 -0.0195408 -0.0259293
2.02593 -0.0195408 -0.0259279
2.02793 -0.0195408 -0.0259291
2.02993 -0.0195408 -0.0259284
2.03193 -0.0195408 -0.0259289
2.03393 -0.0195408 -0.025929
2.03593 -0.0195408 -0.0259293
2.03793 -0.0195408 -0.0259283
2.03993 -0.0195408 -0.0259303
2.04193 -0.0195408 -0.0259276
2.04393 -0.0195408 -0.0259281
2.04593 -0.0195408 -0.0259295
2.04793 -0.0195408 -0.0259283
2.04993 -0.0195408 -0.0259282
2.05193 -0.0195408 -0.0259271
2.05393 -0.0195408 -0.0259215
2.05592 -0.0195408 -0.0259204
2.05792 -0.0195408 -0.0259221
2.05993 -0.0195408 -0.0259223
2.06193 -0.0195408 -0.0259315
2.06393 -0.0195408 -0.0259298
2.06593 -0.0195408 -0.0259287
2.06793 -0.0195408 -0.0259289
2.06993 -0.0195408 -0.0259283
2.07193 -0.0195408 -0.0259288
