1.146e-06 -0.0195408 0.0977058
0.100221 -0.0195408 0.097735
0.200177 -0.0195408 0.0977358
0.300158 -0.0195408 0.0977447
0.400108 -0.0195408 0.097743
0.500124 -0.0195408 0.0976969
0.600113 -0.0195408 0.0977018
0.700115 -0.0195408 0.0977472
0.800151 -0.0195408 0.0977466
0.900154 -0.0195408 0.097748
1.00011 -0.0195408 0.0977478
1.10011 -0.0195408 0.0977471
1.20011 -0.0195408 0.0977435
1.30011 -0.0195408 0.0977046
1.40011 -0.0195408 0.097746
1.50011 -0.0195408 0.0977486
1.60011 -0.0195408 0.0977447
1.70016 -0.0195408 0.0957425
1.80011 -0.0195408 0.0977518
1.90012 -0.0195408 0.0976972
2.00011 -0.0195408 0.0977027
2.10011 -0.0195408 0.0977479
2.20011 -0.0195408 0.0977456
2.30015 -0.0195408 0.0977466
2.40011 -0.0195408 0.0977464
2.50011 -0.0195408 0.0977448
2.60011 -0.0195408 0.0977463
2.70011 -0.0195408 0.0977466
2.80011 -0.0195408 0.097706
2.90011 -0.0195408 0.0976486
3.00011 -0.0195408 0.0977428
3.1001 -0.0195408 0.0977447
3.20013 -0.0195408 0.0977429
3.30013 -0.0195408 0.0977438
3.4001 -0.0195408 0.0977049
3.50011 -0.0195408 0.0977024
3.60011 -0.0195408 0.0977496
3.70012 -0.0195408 0.0977411
3.80015 -0.0195408 0.0977421
3.90016 -0.0195408 0.0957423
4.00011 -0.0195408 0.0977029
4.10011 -0.0195408 0.0977408
4.20011 -0.0195408 0.0977427
4.30011 -0.0195408 0.0977427
4.40011 -0.0195408 0.0977436
4.50011 -0.0195408 0.0977446
4.60011 -0.0195408 0.0977428
4.70015 -0.0195408 0.097744
4.80011 -0.0195408 0.0977049
4.90011 -0.0195408 0.0977025
5.00011 -0.0195408 0.0977448
5.10011 -0.0195408 0.0977436
5.20015 -0.0195408 0.0977448
5.30015 -0.0195408 0.0977445
5.40011 -0.0195408 0.0977439
5.50011 -0.0195408 0.0977046
5.60011 -0.0195408 0.0977429
5.70012 -0.0195408 0.097739
5.80017 -0.0195408 0.0977355
5.90011 -0.0195408 0.0977411
6.00011 -0.0195408 0.0977407
6.10011 -0.0195408 0.0977024
6.20011 -0.0195408 0.0977458
6.30011 -0.0195408 0.0977431
6.40015 -0.0195408 0.0977433
6.50016 -0.0195408 0.0977441
6.60011 -0.0195408 0.0977424
6.70011 -0.0195408 0.0977024
6.80011 -0.0195408 0.0977027
6.90011 -0.0195408 0.0977445
7.00011 -0.0195408 0.0977436
7.1001 -0.0195408 0.0977433
7.20015 -0.0195408 0.0977427
7.30015 -0.0195408 0.0977436
7.4001 -0.0195408 0.0977491
7.50011 -0.0195408 0.0977029
7.60011 -0.0195408 0.0977438
7.70015 -0.0195408 0.0977436
7.80011 -0.0195408 0.0977116
7.90011 -0.0195408 0.0977018
8.00011 -0.0195408 0.0977038
8.10011 -0.0195408 0.097698
8.20011 -0.0195408 0.097743
8.30011 -0.0195408 0.0977428
8.40011 -0.0195408 0.0977342
8.50012 -0.0195408 0.0977331
8.60011 -0.0195408 0.0977397
8.70017 -0.0195408 0.09773
8.80011 -0.0195408 0.0977376
8.90012 -0.0195408 0.0977425
9.00011 -0.0195408 0.0977418
9.10011 -0.0195408 0.0977018
9.20011 -0.0195408 0.0977449
9.30011 -0.0195408 0.0977439
9.40015 -0.0195408 0.0977442
9.50015 -0.0195408 0.0977455
9.60011 -0.0195408 0.0977444
9.70011 -0.0195408 0.0977057
9.80011 -0.0195408 0.0977047
9.90011 -0.0195408 0.0977076
10.0001 -0.0195408 0.0977425
10.1001 -0.0195408 0.0977436
10.2001 -0.0195408 0.0977446
10.3001 -0.0195408 0.0967168
10.4001 -0.0195408 0.0976873
10.5001 -0.0195408 0.0977417
10.6001 -0.0195408 0.097742
10.7002 -0.0195408 0.0977444
10.8001 -0.0195408 0.0977356
10.9001 -0.0195408 0.0977414
11.0001 -0.0195408 0.0976977
11.1001 -0.0195408 0.0977432
11.2001 -0.0195408 0.0977442
11.3001 -0.0195408 0.0977421
11.4001 -0.0195408 0.0977424
11.5002 -0.0195408 0.0977421
11.6001 -0.0195408 0.0976967
11.7001 -0.0195408 0.0977433
11.8001 -0.0195408 0.0977433
11.9002 -0.0195408 0.0977429
12.0001 -0.0195408 0.0977457
12.1001 -0.0195408 0.0977023
12.2001 -0.0195408 0.0977029
12.3001 -0.0195408 0.0977031
12.4001 -0.0195408 0.0977432
12.5001 -0.0195408 0.0977432
12.6001 -0.0195408 0.0977446
12.7002 -0.0195408 0.0977438
12.8001 -0.0195408 0.0977422
12.9001 -0.0195408 0.0977037
13.0001 -0.0195408 0.0977111
13.1001 -0.0195408 0.0977045
13.2001 -0.0195408 0.0977041
13.3001 -0.0195408 0.0977035
13.4001 -0.0195408 0.0977189
13.5001 -0.0195408 0.0977441
13.6001 -0.0195408 0.0977443
13.7002 -0.0195408 0.0957415
13.8001 -0.0195408 0.0977026
13.9001 -0.0195408 0.0977051
14.0001 -0.0195408 0.0977437
14.1001 -0.0195408 0.0977488
14.2001 -0.0195408 0.0977427
14.3002 -0.0195408 0.0977421
14.4001 -0.0195408 0.0977422
14.5001 -0.0195408 0.0977035
14.6001 -0.0195408 0.0977202
14.7001 -0.0195408 0.0977317
14.8001 -0.0195408 0.0977408
14.9001 -0.0195408 0.0977432
15.0001 -0.0195408 0.0977133
15.1001 -0.0195408 0.0977432
15.2001 -0.0195408 0.0977433
15.3002 -0.0195408 0.0977427
15.4001 -0.0195408 0.0977039
15.5001 -0.0195408 0.097744
15.6001 -0.0195408 0.0977439
15.7002 -0.0195408 0.0977442
15.8001 -0.0195408 0.0977424
15.9001 -0.0195408 0.0977044
16.0001 -0.0195408 0.0977202
16.1001 -0.0195408 0.0977452
16.2001 -0.0195408 0.0977493
16.3001 -0.0195408 0.0977433
16.4002 -0.0195408 0.0977432
16.5002 -0.0195408 0.0977431
16.6001 -0.0195408 0.0977427
16.7001 -0.0195408 0.0977029
16.8001 -0.0195408 0.0977437
16.9001 -0.0195408 0.0977433
17.0001 -0.0195408 0.0977434
17.1001 -0.0195408 0.0977427
17.2001 -0.0195408 0.0977019
17.3001 -0.0195408 0.0977426
17.4001 -0.0195408 0.0977439
17.5001 -0.0195408 0.0977435
17.6001 -0.0195408 0.0977427
17.7002 -0.0195408 0.0977431
17.8001 -0.0195408 0.0977099
17.9001 -0.0195408 0.0977037
18.0001 -0.0195408 0.0977033
18.1001 -0.0195408 0.0977423
18.2002 -0.0195408 0.0977514
18.3002 -0.0195408 0.0977502
18.4001 -0.0195408 0.097703
18.5001 -0.0195408 0.0977052
18.6001 -0.0195408 0.0977016
18.7001 -0.0195408 0.0977006
18.8001 -0.0195408 0.0977428
18.9001 -0.0195408 0.0977447
19.0001 -0.0195408 0.0977447
19.1001 -0.0195408 0.097744
19.2001 -0.0195408 0.0977041
19.3001 -0.0195408 0.0977051
19.4001 -0.0195408 0.0977035
19.5001 -0.0195408 0.0977454
19.6001 -0.0195408 0.0977433
19.7002 -0.0195408 0.0977187
19.8001 -0.0195408 0.0977043
19.9001 -0.0195408 0.0977433
20.0001 -0.0195408 0.0977434
20.1001 -0.0195408 0.0977451
20.2001 -0.0195408 0.0977432
20.3002 -0.0195408 0.0977422
20.4001 -0.0195408 0.0977491
20.5001 -0.0195408 0.0967169
20.6001 -0.0195408 0.0976805
20.7001 -0.0195408 0.0977076
20.8001 -0.0195408 0.0977428
20.9001 -0.0195408 0.0977428
21.0001 -0.0195408 0.0977413
21.1001 -0.0195408 0.097743
21.2001 -0.0195408 0.0977426
21.3002 -0.0195408 0.0977433
21.4001 -0.0097704 0.0976964
21.5001 -0.0195408 0.0977427
21.6001 -0.0195408 0.0977401
21.7001 -0.0195408 0.0977416
21.8001 -0.0195408 0.0977446
21.9002 -0.0195408 0.0977432
22.0001 -0.0195408 0.0977428
22.1001 -0.0195408 0.0977023
22.2001 -0.0195408 0.0977015
22.3001 -0.0195408 0.0977432
22.4001 -0.0195408 0.0977412
22.5002 -0.0195408 0.0957495
22.6001 -0.0195408 0.0977422
22.7001 -0.0195408 0.0977037
22.8001 -0.0195408 0.0977024
22.9001 -0.0195408 0.0977453
23.0001 -0.0097704 0.0977439
23.1001 -0.0195408 0.0977442
23.2001 -0.0195408 0.0977434
23.3002 -0.0195408 0.0977438
23.4001 -0.0195408 0.0977487
23.5001 -0.0195408 0.0976994
23.6001 -0.0195408 0.0977031
23.7001 -0.0195408 0.0977037
23.8001 -0.0195408 0.0976875
23.9001 -0.0195408 0.0977437
24.0001 -0.0195408 0.0977431
24.1001 -0.0195408 0.0977428
24.2001 -0.0195408 0.0977428
24.3002 -0.0195408 0.0977431
24.4001 -0.0195408 0.0976928
24.5001 -0.0195408 0.0976981
24.6001 -0.0195408 0.0977492
24.7001 -0.0195408 0.0977431
24.8001 -0.0195408 0.0977429
24.9002 -0.0195408 0.097743
25.0001 -0.0195408 0.0977432
25.1001 -0.0195408 0.097704
25.2001 -0.0195408 0.0977034
25.3001 -0.0195408 0.0977441
25.4001 -0.0195408 0.0977439
25.5001 -0.0195408 0.0977424
25.6001 -0.0195408 0.0977462
25.7002 -0.0195408 0.097744
25.8001 -0.0195408 0.0977029
25.9001 -0.0195408 0.0977052
26.0001 -0.0195408 0.0977043
26.1001 -0.0195408 0.0977452
26.2001 -0.0195408 0.0977345
26.3001 -0.0195408 0.0977363
26.4001 -0.0195408 0.097737
26.5001 -0.0195408 0.0977429
26.6001 -0.0195408 0.0977431
26.7002 -0.0195408 0.09575
26.8001 -0.0195408 0.097703
26.9001 -0.0195408 0.0977442
27.0001 -0.0195408 0.0977442
27.1001 -0.0195408 0.0977449
27.2002 -0.0195408 0.0977425
27.3002 -0.0195408 0.0977431
27.4001 -0.0195408 0.0977051
27.5001 -0.0195408 0.0977433
27.6001 -0.0195408 0.0977445
27.7002 -0.0195408 0.0977428
27.8001 -0.0195408 0.0977415
27.9001 -0.0195408 0.0977029
28.0001 -0.0195408 0.0977446
28.1001 -0.0195408 0.0977442
28.2001 -0.0195408 0.0977512
28.3002 -0.0195408 0.0977426
28.4001 -0.0195408 0.0977446
28.5001 -0.0195408 0.0977028
28.6001 -0.0195408 0.09771
28.7001 -0.0195408 0.0977015
28.8001 -0.0195408 0.0977485
28.9001 -0.0195408 0.0977421
29.0001 -0.0195408 0.097743
29.1001 -0.0195408 0.0977429
29.2001 -0.0195408 0.0977033
29.3001 -0.0195408 0.0977441
29.4001 -0.0195408 0.0977426
29.5001 -0.0195408 0.0977421
29.6001 -0.0195408 0.0977448
29.7002 -0.0195408 0.0957422
29.8001 -0.0195408 0.0977035
29.9001 -0.0195408 0.0977049
30.0001 -0.0195408 0.0977039
30.1001 -0.0195408 0.0977431
30.2001 -0.0195408 0.0977429
30.3002 -0.0195408 0.0977428
30.4001 -0.0195408 0.0977038
30.5001 -0.0195408 0.0977436
30.6001 -0.0195408 0.097743
30.7001 -0.0195408 0.0977432
30.8002 -0.0195408 0.0977436
30.9002 -0.0195408 0.0977502
31.0001 -0.0195408 0.0977419
31.1001 -0.0195408 0.0977043
31.2001 -0.0195408 0.0977462
31.3002 -0.0195408 0.0977434
31.4001 -0.0195408 0.0977424
31.5002 -0.0195408 0.0977437
31.6001 -0.0195408 0.0977427
31.7001 -0.0195408 0.0976991
31.8001 -0.0195408 0.0977016
31.9001 -0.0195408 0.0977432
32.0001 -0.0195408 0.0977436
32.1001 -0.0195408 0.0977422
32.2002 -0.0195408 0.0977428
32.3002 -0.0195408 0.0977191
32.4001 -0.0195408 0.0977426
32.5001 -0.0195408 0.0977035
32.6001 -0.0195408 0.0977018
32.7001 -0.0195408 0.097704
32.8001 -0.0195408 0.0977028
32.9001 -0.0195408 0.0977437
33.0002 -0.0195408 0.0977503
33.1001 -0.0195408 0.0977028
33.2001 -0.0195408 0.0977042
33.3001 -0.0195408 0.0977439
33.4001 -0.0195408 0.0977429
33.5002 -0.0195408 0.0977443
33.6001 -0.0195408 0.0977035
33.7001 -0.0195408 0.0977042
33.8001 -0.0195408 0.0977505
33.9001 -0.0195408 0.0977432
34.0001 -0.0195408 0.0977425
34.1001 -0.0195408 0.0977431
34.2001 -0.0195408 0.0977435
34.3002 -0.0195408 0.097744
34.4001 -0.0195408 0.0977041
34.5001 -0.0195408 0.0977435
34.6001 -0.0195408 0.0977423
34.7001 -0.0195408 0.0977433
34.8001 -0.0195408 0.0977445
34.9001 -0.0195408 0.0977421
35.0001 -0.0195408 0.0977019
35.1001 -0.0195408 0.0977513
35.2001 -0.0195408 0.0977432
35.3002 -0.0195408 0.0977439
35.4001 -0.0195408 0.0977422
35.5001 -0.0195408 0.0977031
35.6001 -0.0195408 0.0977441
35.7002 -0.0195408 0.0977431
35.8001 -0.0195408 0.0977045
35.9001 -0.0195408 0.0977027
36.0001 -0.0195408 0.0977437
36.1001 -0.0195408 0.0977433
36.2001 -0.0195408 0.0977454
36.3002 -0.0195408 0.0977465
36.4001 -0.0195408 0.0977014
36.5001 -0.0195408 0.0977026
36.6001 -0.0195408 0.0977427
36.7002 -0.0195408 0.0977445
36.8001 -0.0195408 0.0977433
36.9001 -0.0195408 0.0977044
37.0001 -0.0195408 0.0977041
37.1001 -0.0195408 0.0977443
37.2001 -0.0195408 0.0977482
37.3001 -0.0195408 0.0977437
37.4001 -0.0195408 0.0977429
37.5002 -0.0195408 0.0977427
37.6001 -0.0195408 0.0977421
37.7001 -0.0195408 0.0977036
37.8001 -0.0195408 0.0977041
37.9001 -0.0195408 0.0977434
38.0001 -0.0195408 0.0977452
38.1001 -0.0195408 0.0977442
38.2002 -0.0195408 0.0977435
38.3002 -0.0195408 0.097744
38.4001 -0.0195408 0.0977421
38.5001 -0.0195408 0.0977048
38.6001 -0.0195408 0.0976888
38.7001 -0.0195408 0.0956776
38.8001 -0.0195408 0.0977423
38.9001 -0.0195408 0.0977423
39.0001 -0.0195408 0.0977435
39.1001 -0.0195408 0.0977426
39.2001 -0.0195408 0.0977433
39.3002 -0.0195408 0.0977496
39.4001 -0.0195408 0.0977031
39.5001 -0.0195408 0.097745
39.6001 -0.0195408 0.0977427
39.7002 -0.0195408 0.0977432
39.8001 -0.0195408 0.0977169
39.9001 -0.0195408 0.0977033
40.0001 -0.0195408 0.0977432
40.1001 -0.0195408 0.0977423
40.2001 -0.0195408 0.0977434
40.3002 -0.0195408 0.0977436
40.4001 -0.0195408 0.0977055
40.5001 -0.0195408 0.0977053
40.6001 -0.0195408 0.0977453
40.7001 -0.0195408 0.0977438
40.8001 -0.0195408 0.0977194
40.9002 -0.0195408 0.0977422
41.0001 -0.0195408 0.0977042
41.1001 -0.0195408 0.0977033
41.2001 -0.0195408 0.0977027
41.3001 -0.0195408 0.0977432
41.4001 -0.0195408 0.0977492
41.5001 -0.0195408 0.0977442
41.6001 -0.0195408 0.0977441
41.7002 -0.0195408 0.0957432
41.8001 -0.0195408 0.0977037
41.9001 -0.0195408 0.0977023
42.0001 -0.0195408 0.0977012
42.1001 -0.0195408 0.0977036
42.2001 -0.0195408 0.0977018
42.3001 -0.0195408 0.0977473
42.4001 -0.0195408 0.0977427
42.5001 -0.0195408 0.097743
42.6001 -0.0195408 0.0977437
42.7002 -0.0195408 0.0977433
42.8001 -0.0195408 0.0977424
42.9001 -0.0195408 0.0977036
43.0001 -0.0195408 0.097745
43.1001 -0.0195408 0.0977439
43.2001 -0.0195408 0.0977429
43.3001 -0.0195408 0.0977439
43.4001 -0.0195408 0.0977433
43.5002 -0.0195408 0.0977512
43.6001 -0.0195408 0.097743
43.7001 -0.0195408 0.0977056
43.8001 -0.0195408 0.097703
43.9001 -0.0195408 0.0977025
44.0001 -0.0195408 0.0977443
44.1001 -0.0195408 0.0977431
44.2001 -0.0195408 0.0977501
44.3002 -0.0195408 0.0977429
44.4001 -0.0195408 0.0977422
44.5001 -0.0195408 0.0977044
44.6001 -0.0195408 0.0977053
44.7001 -0.0195408 0.0977195
44.8001 -0.0195408 0.0977439
44.9001 -0.0195408 0.0977431
45.0001 -0.0195408 0.0977433
45.1001 -0.0195408 0.0977431
45.2001 -0.0195408 0.0977436
45.3002 -0.0195408 0.0977429
45.4001 -0.0195408 0.0977433
45.5001 -0.0195408 0.0977425
45.6001 -0.0195408 0.0977112
45.7001 -0.0195408 0.0977453
45.8002 -0.0195408 0.097744
45.9002 -0.0195408 0.0977436
46.0001 -0.0195408 0.0977437
46.1001 -0.0195408 0.0977054
46.2001 -0.0195408 0.0977449
46.3001 -0.0195408 0.0977456
46.4001 -0.0195408 0.0977428
46.5001 -0.0195408 0.0977444
46.6001 -0.0195408 0.0977442
46.7002 -0.0195408 0.0977423
46.8001 -0.0195408 0.0977434
46.9001 -0.0195408 0.0977008
47.0001 -0.0195408 0.0977445
47.1001 -0.0195408 0.0977439
47.2001 -0.0195408 0.097742
47.3002 -0.0195408 0.0977422
47.4001 -0.0195408 0.0977416
47.5001 -0.0195408 0.0977021
47.6001 -0.0195408 0.0977451
47.7002 -0.0195408 0.0977509
47.8001 -0.0195408 0.0977043
47.9001 -0.0195408 0.0977038
48.0001 -0.0195408 0.0977436
48.1001 -0.0195408 0.0977443
48.2001 -0.0195408 0.0977444
48.3002 -0.0195408 0.0977445
48.4001 -0.0195408 0.0977439
48.5001 -0.0195408 0.0977038
48.6001 -0.0097704 0.0977433
48.7002 -0.0195408 0.0977441
48.8001 -0.0195408 0.0977446
48.9001 -0.0195408 0.0977044
49.0001 -0.0195408 0.0976935
49.1001 -0.0195408 0.0977419
49.2001 -0.0195408 0.0977425
49.3002 -0.0195408 0.0977436
49.4001 -0.0195408 0.0977077
49.5001 -0.0195408 0.097742
49.6001 -0.0195408 0.0977441
49.7002 -0.0195408 0.0977418
49.8001 -0.0195408 0.097745
49.9001 -0.0195408 0.0977011
50.0001 -0.0195408 0.0977437
50.1001 -0.0195408 0.0977435
50.2001 -0.0195408 0.0977423
50.3002 -0.0195408 0.0977421
50.4001 -0.0195408 0.0977425
50.5001 -0.0195408 0.0977026
50.6001 -0.0195408 0.097703
50.7001 -0.0195408 0.0977048
50.8001 -0.0195408 0.0977439
50.9001 -0.0195408 0.0977432
51.0001 -0.0195408 0.0977449
51.1001 -0.0195408 0.0977033
51.2001 -0.0195408 0.0977025
51.3001 -0.0195408 0.0977437
51.4001 -0.0195408 0.0977447
51.5001 -0.0195408 0.0977417
51.6001 -0.0195408 0.0977437
51.7001 -0.0195408 0.0977437
51.8002 -0.0195408 0.0977445
51.9002 -0.0195408 0.0977502
52.0001 -0.0195408 0.0977428
52.1001 -0.0195408 0.0977054
52.2001 -0.0195408 0.0977022
52.3001 -0.0195408 0.097743
52.4001 -0.0195408 0.0977186
52.5002 -0.0195408 0.0977438
52.6001 -0.0195408 0.0977424
52.7001 -0.0195408 0.097704
52.8001 -0.0195408 0.0977444
52.9001 -0.0195408 0.0977434
53.0001 -0.0195408 0.0977434
53.1001 -0.0195408 0.0977433
53.2001 -0.0195408 0.0977415
53.3002 -0.0195408 0.0977436
53.4001 -0.0195408 0.0977178
53.5001 -0.0195408 0.0977049
53.6001 -0.0195408 0.0977433
53.7001 -0.0195408 0.0977422
53.8001 -0.0195408 0.0977432
53.9002 -0.0195408 0.0977435
54.0001 -0.0195408 0.097709
54.1001 -0.0195408 0.0977035
54.2001 -0.0195408 0.0977442
54.3001 -0.0195408 0.0977444
54.4001 -0.0195408 0.0977453
54.5002 -0.0195408 0.0977435
54.6001 -0.0195408 0.0977496
54.7001 -0.0195408 0.0977424
54.8001 -0.0195408 0.0977038
54.9001 -0.0195408 0.0977041
55.0001 -0.0195408 0.0977445
55.1001 -0.0195408 0.0977433
55.2001 -0.0195408 0.0977436
55.3002 -0.0195408 0.0977427
55.4001 -0.0195408 0.0977031
55.5001 -0.0195408 0.0977031
55.6001 -0.0195408 0.0977439
55.7001 -0.0195408 0.0977429
55.8001 -0.0195408 0.0977433
55.9001 -0.0195408 0.0977043
56.0001 -0.0195408 0.0977012
56.1001 -0.0195408 0.0977514
56.2001 -0.0195408 0.0977433
56.3001 -0.0195408 0.0977455
56.4001 -0.0195408 0.0977429
56.5002 -0.0195408 0.0977437
56.6001 -0.0195408 0.0977424
56.7001 -0.0195408 0.097701
56.8001 -0.0195408 0.0977433
56.9001 -0.0195408 0.0977429
57.0001 -0.0195408 0.097744
57.1001 -0.0195408 0.0977194
57.2002 -0.0195408 0.0977338
57.3002 -0.0195408 0.0977324
57.4001 -0.0195408 0.0977364
57.5001 -0.0195408 0.097701
57.6001 -0.0195408 0.097743
57.7001 -0.0195408 0.0977431
57.8001 -0.0195408 0.0977368
57.9002 -0.0195408 0.0957431
58.0001 -0.0195408 0.0977405
58.1001 -0.0195408 0.0977055
58.2001 -0.0195408 0.0977116
58.3001 -0.0195408 0.0977455
58.4001 -0.0195408 0.0977438
58.5002 -0.0195408 0.0977445
58.6001 -0.0195408 0.0977433
58.7001 -0.0195408 0.0977432
58.8001 -0.0195408 0.097703
58.9001 -0.0195408 0.0977157
59.0001 -0.0195408 0.0977426
59.1001 -0.0195408 0.097743
59.2001 -0.0195408 0.0977433
59.3002 -0.0195408 0.097745
59.4001 -0.0195408 0.097748
59.5001 -0.0195408 0.0977037
59.6001 -0.0195408 0.0977448
59.7001 -0.0195408 0.0977454
59.8001 -0.0195408 0.0977501
59.9002 -0.0195408 0.0977446
60.0001 -0.0195408 0.0977021
60.1001 -0.0195408 0.0977056
60.2001 -0.0195408 0.0977047
60.3001 -0.0195408 0.0977512
60.4001 -0.0195408 0.0977422
60.5002 -0.0195408 0.0977433
60.6001 -0.0195408 0.0977046
60.7001 -0.0195408 0.0977047
60.8001 -0.0195408 0.0977435
60.9001 -0.0195408 0.0977434
61.0001 -0.0195408 0.0977444
61.1001 -0.0195408 0.0977431
61.2001 -0.0195408 0.0977456
61.3002 -0.0195408 0.0977466
61.4001 -0.0195408 0.0977031
61.5001 -0.0195408 0.0977018
61.6001 -0.0195408 0.0977433
61.7001 -0.0195408 0.0977429
61.8001 -0.0195408 0.0977428
61.9001 -0.0195408 0.0977425
62.0001 -0.0195408 0.0977416
62.1001 -0.0195408 0.0977429
62.2001 -0.0195408 0.0977419
62.3002 -0.0195408 0.0977435
62.4001 -0.0195408 0.0977505
62.5069 -0.0195408 0.09073
62.6001 -0.0195408 0.0977464
62.7001 -0.0195408 0.097753
62.8001 -0.0195408 0.0977417
62.9002 -0.0195408 0.0977448
63.0001 -0.0195408 0.0977432
63.1001 -0.0195408 0.0977406
63.2001 -0.0195408 0.097704
63.3001 -0.0195408 0.0977059
63.4001 -0.0195408 0.0977468
63.5001 -0.0195408 0.0977471
63.6001 -0.0195408 0.0977477
63.7001 -0.0195408 0.0977461
63.8001 -0.0195408 0.097748
63.9002 -0.0195408 0.097747
64.0001 -0.0195408 0.0977054
64.1001 -0.0195408 0.0977059
64.2001 -0.0195408 0.0977049
64.3001 -0.0195408 0.0977472
64.4001 -0.0195408 0.097748
64.5001 -0.0195408 0.0977431
64.6001 -0.0195408 0.0977445
64.7002 -0.0195408 0.0977456
64.8001 -0.0195408 0.0977055
64.9001 -0.0195408 0.0977475
65.0001 -0.0195408 0.0977474
65.1001 -0.0195408 0.0977473
65.2001 -0.0195408 0.0977482
65.3002 -0.0195408 0.0977462
65.4001 -0.0195408 0.0977477
65.5001 -0.0195408 0.0977469
65.6001 -0.0195408 0.0977488
65.7001 -0.0195408 0.0977043
65.8001 -0.0195408 0.0977073
65.9001 -0.0195408 0.0977475
66.0001 -0.0195408 0.0977474
66.1001 -0.0195408 0.0977441
66.2001 -0.0195408 0.0977484
66.3002 -0.0195408 0.0977479
66.4001 -0.0195408 0.0977476
66.5001 -0.0195408 0.0977051
66.6001 -0.0195408 0.09765
66.7001 -0.0195408 0.0977428
66.8001 -0.0195408 0.0977413
66.9001 -0.0195408 0.0977432
67.0001 -0.0195408 0.0977436
67.1001 -0.0195408 0.0976924
67.2001 -0.0195408 0.0977001
67.3001 -0.0195408 0.0977426
67.4001 -0.0195408 0.0977436
67.5001 -0.0195408 0.0977347
67.6001 -0.0195408 0.097743
67.7002 -0.0195408 0.0957411
67.8001 -0.0195408 0.0977425
67.9001 -0.0195408 0.097702
68.0001 -0.0195408 0.0977464
68.1001 -0.0195408 0.0977432
68.2002 -0.0195408 0.0977436
68.3002 -0.0195408 0.0977429
68.4001 -0.0195408 0.0977358
68.5001 -0.0195408 0.0976992
68.6001 -0.0195408 0.0976988
68.7001 -0.0195408 0.0977492
68.8001 -0.0195408 0.0977425
68.9001 -0.0195408 0.0977357
69.0001 -0.0195408 0.0977289
69.1001 -0.0195408 0.0977419
69.2002 -0.0195408 0.0977338
69.3002 -0.0195408 0.0977417
69.4001 -0.0195408 0.097741
69.5001 -0.0195408 0.0977006
69.6001 -0.0195408 0.0976952
69.7001 -0.0195408 0.0976988
69.8001 -0.0195408 0.0977502
69.9001 -0.0195408 0.0977427
70.0001 -0.0195408 0.0977433
70.1001 -0.0195408 0.0977449
70.2001 -0.0195408 0.0977488
70.3002 -0.0195408 0.0977423
70.4001 -0.0195408 0.0977395
70.5001 -0.0195408 0.0977024
70.6001 -0.0195408 0.0977445
70.7001 -0.0195408 0.0977433
70.8001 -0.0195408 0.0977503
70.9002 -0.0195408 0.0977434
71.0001 -0.0195408 0.0977437
71.1001 -0.0195408 0.097704
71.2001 -0.0195408 0.097744
71.3001 -0.0195408 0.0977457
71.4001 -0.0195408 0.0977426
71.5001 -0.0195408 0.0977429
71.6001 -0.0195408 0.0977437
71.7002 -0.0195408 0.0977429
71.8001 -0.0195408 0.097743
71.9001 -0.0195408 0.0977024
72.0001 -0.0195408 0.097744
72.1001 -0.0195408 0.0977433
72.2001 -0.0195408 0.0977428
72.3001 -0.0195408 0.0977421
72.4001 -0.0195408 0.0977424
72.5001 -0.0195408 0.0977429
72.6001 -0.0195408 0.0977426
72.7001 -0.0195408 0.0977432
72.8002 -0.0195408 0.0977429
72.9002 -0.0195408 0.0977502
73.0001 -0.0195408 0.0977429
73.1001 -0.0195408 0.0977036
73.2001 -0.0195408 0.0977447
73.3001 -0.0195408 0.0977435
73.4001 -0.0195408 0.0977432
73.5002 -0.0195408 0.0977429
73.6001 -0.0195408 0.0977028
73.7001 -0.0195408 0.097744
73.8001 -0.0195408 0.0977439
73.9001 -0.0195408 0.0977435
74.0001 -0.0195408 0.0977423
74.1001 -0.0195408 0.0977444
74.2001 -0.0195408 0.0977426
74.3001 -0.0195408 0.0977427
74.4001 -0.0195408 0.0977428
74.5002 -0.0195408 0.0977436
74.6001 -0.0195408 0.0977429
74.7001 -0.0195408 0.0977036
74.8001 -0.0195408 0.0977031
74.9001 -0.0195408 0.0977031
75.0001 -0.0195408 0.097751
75.1001 -0.0195408 0.0977414
75.2002 -0.0195408 0.0977433
75.3002 -0.0195408 0.0977429
75.4001 -0.0195408 0.0977495
75.5001 -0.0195408 0.0977029
75.6001 -0.0195408 0.0977441
75.7001 -0.0195408 0.097745
75.8001 -0.0195408 0.0977435
75.9002 -0.0195408 0.0977446
76.0001 -0.0195408 0.0977426
76.1001 -0.0195408 0.0977417
76.2001 -0.0195408 0.0977026
76.3001 -0.0195408 0.0977449
76.4001 -0.0195408 0.0977433
76.5001 -0.0195408 0.0977426
76.6001 -0.0195408 0.0977434
76.7002 -0.0195408 0.0977427
76.8001 -0.0195408 0.0977419
76.9001 -0.0195408 0.0977028
77.0001 -0.0195408 0.0977433
77.1001 -0.0195408 0.0977506
77.2001 -0.0195408 0.0977433
77.3002 -0.0195408 0.0977436
77.4001 -0.0195408 0.0977032
77.5001 -0.0195408 0.0977433
77.6001 -0.0195408 0.0977432
77.7002 -0.0195408 0.0977434
77.8001 -0.0195408 0.0967243
77.9001 -0.0195408 0.0976909
78.0001 -0.0195408 0.0977421
78.1001 -0.0195408 0.0977401
78.2002 -0.0195408 0.0957422
78.3002 -0.0195408 0.095743
78.4001 -0.0195408 0.097742
78.5001 -0.0195408 0.0977038
78.6001 -0.0195408 0.0976953
78.7001 -0.0195408 0.0976988
78.8001 -0.0195408 0.0977426
78.9001 -0.0195408 0.0977446
79.0001 -0.0195408 0.0977433
79.1001 -0.0195408 0.0977432
79.2001 -0.0195408 0.0977505
79.3002 -0.0195408 0.0977419
79.4001 -0.0195408 0.0977031
79.5001 -0.0195408 0.097744
79.6001 -0.0195408 0.097741
79.7002 -0.0195408 0.0977433
79.8001 -0.0195408 0.0977416
79.9001 -0.0195408 0.0977034
80.0001 -0.0195408 0.0977446
80.1001 -0.0195408 0.0977433
80.2001 -0.0195408 0.0977497
80.3002 -0.0195408 0.0977435
80.4001 -0.0195408 0.0977028
80.5001 -0.0195408 0.0977044
80.6001 -0.0195408 0.0977104
80.7001 -0.0195408 0.0976996
80.8001 -0.0195408 0.097744
80.9001 -0.0195408 0.0977425
81.0001 -0.0195408 0.0977433
81.1001 -0.0195408 0.0977433
81.2001 -0.0195408 0.0977433
81.3002 -0.0195408 0.0977498
81.4001 -0.0195408 0.0977157
81.5001 -0.0195408 0.0977018
81.6001 -0.0195408 0.0977438
81.7001 -0.0195408 0.0977421
81.8001 -0.0195408 0.0977431
81.9001 -0.0195408 0.0977437
82.0001 -0.0195408 0.0977432
82.1001 -0.0195408 0.0977042
82.2001 -0.0195408 0.0977027
82.3001 -0.0195408 0.0977423
82.4001 -0.0195408 0.0977154
82.5002 -0.0195408 0.0977429
82.6001 -0.0195408 0.0977031
82.7001 -0.0195408 0.0976997
82.8001 -0.0195408 0.0977425
82.9001 -0.0195408 0.0977431
83.0001 -0.0195408 0.0977435
83.1001 -0.0195408 0.0977429
83.2001 -0.0195408 0.0977446
83.3002 -0.0195408 0.0977427
83.4001 -0.0195408 0.0977088
83.5001 -0.0195408 0.0977433
83.6001 -0.0195408 0.0977434
83.7002 -0.0195408 0.0977433
83.8001 -0.0195408 0.0977429
83.9001 -0.0195408 0.0977018
84.0001 -0.0195408 0.0977426
84.1001 -0.0195408 0.0977437
84.2002 -0.0195408 0.0977448
84.3002 -0.0195408 0.0977432
84.4001 -0.0195408 0.0977403
84.5001 -0.0195408 0.0976987
84.6001 -0.0195408 0.0977429
84.7001 -0.0195408 0.0977438
84.8001 -0.0195408 0.0977413
84.9001 -0.0195408 0.0977431
85.0002 -0.0195408 0.0977438
85.1001 -0.0195408 0.0977035
85.2001 -0.0195408 0.0977433
85.3001 -0.0195408 0.0977426
85.4001 -0.0195408 0.0977436
85.5002 -0.0195408 0.0977487
85.6001 -0.0195408 0.0977048
85.7001 -0.0195408 0.0977452
85.8001 -0.0195408 0.0977489
85.9001 -0.0195408 0.0977433
86.0001 -0.0195408 0.0977432
86.1002 -0.0195408 0.0977426
86.2001 -0.0195408 0.097743
86.3002 -0.0195408 0.0977445
86.4001 -0.0195408 0.0976984
86.5001 -0.0195408 0.0977433
86.6001 -0.0195408 0.0977441
86.7001 -0.0195408 0.0977427
86.8001 -0.0195408 0.0977444
86.9002 -0.0195408 0.0977412
87.0001 -0.0195408 0.0977032
87.1001 -0.0195408 0.0977483
87.2001 -0.0195408 0.0977438
87.3002 -0.0195408 0.0977424
87.4001 -0.0195408 0.097741
87.5001 -0.0195408 0.0977041
87.6001 -0.0195408 0.0977497
87.7001 -0.0195408 0.0977424
87.8001 -0.0195408 0.0977428
87.9001 -0.0195408 0.0977431
88.0001 -0.0195408 0.0977439
88.1001 -0.0195408 0.0977008
88.2001 -0.0195408 0.0977034
88.3001 -0.0195408 0.0977433
88.4001 -0.0195408 0.0977434
88.5001 -0.0195408 0.0977428
88.6001 -0.0195408 0.097744
88.7002 -0.0195408 0.0977431
88.8001 -0.0195408 0.0977439
88.9001 -0.0195408 0.0977036
89.0001 -0.0195408 0.0977017
89.1001 -0.0195408 0.0977048
89.2001 -0.0195408 0.0977437
89.3001 -0.0195408 0.0977427
89.4001 -0.0195408 0.0977439
89.5001 -0.0195408 0.0977433
89.6001 -0.0195408 0.0977425
89.7001 -0.0195408 0.0977116
89.8001 -0.0195408 0.0977049
89.9001 -0.0195408 0.0977027
90.0001 -0.0195408 0.097703
90.1001 -0.0195408 0.0977433
90.2001 -0.0195408 0.0977435
90.3002 -0.0195408 0.0977437
90.4001 -0.0195408 0.097744
90.5001 -0.0195408 0.0977051
90.6001 -0.0195408 0.0977098
90.7001 -0.0195408 0.0977028
90.8001 -0.0195408 0.0977023
90.9001 -0.0195408 0.0977047
91.0001 -0.0195408 0.0977506
91.1001 -0.0195408 0.0977434
91.2001 -0.0195408 0.0977433
91.3002 -0.0195408 0.0977438
91.4001 -0.0195408 0.0977428
91.5001 -0.0195408 0.0977021
91.6001 -0.0195408 0.097703
91.7001 -0.0195408 0.0977429
91.8002 -0.0195408 0.0977528
91.9002 -0.0195408 0.0977421
92.0001 -0.0195408 0.0977407
92.1001 -0.0195408 0.0976999
92.2001 -0.0195408 0.0977013
92.3001 -0.0195408 0.0977438
92.4001 -0.0195408 0.0977433
92.5002 -0.0195408 0.0977436
92.6001 -0.0195408 0.0977435
92.7001 -0.0195408 0.0976989
92.8001 -0.0195408 0.0977453
92.9001 -0.0195408 0.0977435
93.0002 -0.0195408 0.0977433
93.1001 -0.0195408 0.0977414
93.2001 -0.0195408 0.0977036
93.3001 -0.0195408 0.0977064
93.4001 -0.0195408 0.097704
93.5001 -0.0195408 0.097744
93.6001 -0.0195408 0.0977424
93.7001 -0.0195408 0.0977438
93.8002 -0.0195408 0.0977439
93.9002 -0.0195408 0.0977503
94.0001 -0.0195408 0.0977029
94.1001 -0.0195408 0.0977446
94.2001 -0.0195408 0.0977432
94.3001 -0.0195408 0.0977433
94.4001 -0.0195408 0.097745
94.5002 -0.0195408 0.0977442
94.6001 -0.0195408 0.0977036
94.7001 -0.0195408 0.0977028
94.8001 -0.0195408 0.0977452
94.9001 -0.0195408 0.0977436
95.0001 -0.0195408 0.0977426
95.1001 -0.0195408 0.0977446
95.2001 -0.0195408 0.0977411
95.3002 -0.0195408 0.0977438
95.4001 -0.0195408 0.097706
95.5001 -0.0195408 0.097705
95.6001 -0.0195408 0.0977021
95.7001 -0.0195408 0.0977439
95.8001 -0.0195408 0.0977441
95.9002 -0.0195408 0.0977425
96.0001 -0.0195408 0.0977105
96.1001 -0.0195408 0.0977439
96.2001 -0.0195408 0.0977502
96.3002 -0.0195408 0.0977423
96.4001 -0.0195408 0.0977419
96.5001 -0.0195408 0.0977439
96.6001 -0.0195408 0.0977025
96.7001 -0.0195408 0.0977016
96.8001 -0.0195408 0.0977439
96.9001 -0.0195408 0.0977436
97.0002 -0.0195408 0.0977443
97.1001 -0.0195408 0.0977052
97.2001 -0.0195408 0.097702
97.3001 -0.0195408 0.0977011
97.4001 -0.0195408 0.097703
97.5001 -0.0195408 0.0977454
97.6001 -0.0195408 0.097744
97.7002 -0.0195408 0.0977165
97.8001 -0.0195408 0.0977421
97.9001 -0.0195408 0.097705
98.0001 -0.0195408 0.0977035
98.1001 -0.0195408 0.0977503
98.2001 -0.0195408 0.0977451
98.3001 -0.0195408 0.0977427
98.4002 -0.0195408 0.0977435
98.5002 -0.0195408 0.0977439
98.6001 -0.0195408 0.097743
98.7001 -0.0195408 0.0977037
98.8001 -0.0195408 0.0977448
98.9001 -0.0195408 0.0977431
99.0001 -0.0195408 0.0977414
99.1001 -0.0195408 0.0977351
99.2001 -0.0195408 0.0977335
99.3002 -0.0195408 0.0977433
99.4001 -0.0195408 0.0977349
99.5001 -0.0195408 0.0977018
99.6001 -0.0195408 0.0977425
99.7002 -0.0195408 0.0957443
99.8001 -0.0195408 0.0977045
99.9001 -0.0195408 0.0977471
100 -0.0195408 0.0977436
100.1 -0.0195408 0.0977428
100.2 -0.0195408 0.0977503
100.3 -0.0195408 0.0977423
100.4 -0.0195408 0.0977428
100.5 -0.0195408 0.0977031
100.6 -0.0195408 0.0977033
100.7 -0.0195408 0.0977445
100.8 -0.0195408 0.0977433
100.9 -0.0195408 0.0977445
101 -0.0195408 0.0977482
101.1 -0.0195408 0.0977002
101.2 -0.0195408 0.0977438
101.3 -0.0195408 0.0977445
101.4 -0.0195408 0.09775
101.5 -0.0195408 0.0977434
101.6 -0.0195408 0.0977439
101.7 -0.0195408 0.0977029
101.8 -0.0195408 0.0977443
101.9 -0.0195408 0.0977439
102 -0.0195408 0.0977437
102.1 -0.0195408 0.0977432
102.2 -0.0195408 0.0977425
102.3 -0.0195408 0.0977499
