1.823e-06 -0.0195408 0.00750359
0.0102259 -0.0195408 0.00753318
0.0201109 -0.0195408 0.00653208
0.0301078 -0.0195408 0.00754026
0.0401071 -0.0195408 0.00752818
0.0501105 -0.0195408 0.00753328
0.0601126 -0.0195408 0.0075349
0.0701064 -0.0195408 0.00753318
0.0801061 -0.0195408 0.00753354
0.0901076 -0.0195408 0.00753312
0.100112 -0.0195408 0.00753438
0.110106 -0.0195408 0.00753359
0.120107 -0.0195408 0.00753162
0.130107 -0.0195408 0.00753479
0.140124 -0.0195408 0.00752609
0.150109 -0.0195408 0.00753391
0.160108 -0.0195408 0.00753521
0.170108 -0.0195408 0.00753396
0.180112 -0.0195408 0.00753542
0.190107 -0.0195408 0.00753344
0.200106 -0.0195408 0.00752672
0.210107 -0.0195408 0.00753182
0.220112 -0.0195408 0.00754115
0.230107 -0.0195408 0.00753323
0.240152 -0.0195408 0.00753844
0.250106 -0.0195408 0.00753292
0.260113 -0.0195408 0.00753271
0.270107 -0.0195408 0.00753344
0.280106 -0.0195408 0.00753276
0.290106 -0.0195408 0.00753365
0.300114 -0.0195408 0.00753323
0.310106 -0.0195408 0.00753213
0.320107 -0.0195408 0.0075337
0.330106 -0.0195408 0.00753271
0.340153 -0.0195408 0.00753354
0.350106 -0.0195408 0.00753448
0.360106 -0.0195408 0.00753432
0.370106 -0.0195408 0.00751703
0.380112 -0.0195408 0.00753391
0.390107 -0.0195408 0.0075338
0.400109 -0.0195408 0.00753052
0.410107 -0.0195408 0.00753911
0.42011 -0.0195408 0.00752995
0.43011 -0.0195408 0.00753245
0.440107 -0.0195408 0.00748912
0.450109 -0.0097704 0.00754115
0.460106 -0.0195408 0.00753036
0.470108 -0.0195408 0.00754047
0.480108 -0.0195408 0.00753177
0.490108 -0.0195408 0.00753458
0.500112 -0.0195408 0.00753412
0.510106 -0.0195408 0.00753396
0.520106 -0.0195408 0.00753354
0.530106 -0.0195408 0.0075349
0.540113 -0.0195408 0.0074887
0.550108 -0.0195408 0.00753276
0.560108 -0.0195408 0.00753464
0.570106 -0.0195408 0.0075351
0.580112 -0.0195408 0.00753359
0.590106 -0.0195408 0.00753453
0.600107 -0.0195408 0.00753547
0.610106 -0.0195408 0.00753536
0.620112 -0.0195408 0.00751792
0.630107 -0.0195408 0.00753307
0.640106 -0.0195408 0.00753583
0.650147 -0.0195408 0.00753172
0.660113 -0.0195408 0.00753984
0.670106 -0.0195408 0.00753385
0.680107 -0.0195408 0.00753172
0.690107 -0.0195408 0.0075337
0.700113 -0.0195408 0.00753453
0.710107 -0.0195408 0.00753292
0.720107 -0.0195408 0.00754115
0.730106 -0.0195408 0.00753047
0.740113 -0.0195408 0.00753438
0.750149 -0.0195408 0.00753219
0.760108 -0.0195408 0.00753349
0.770107 -0.0195408 0.00753479
0.780112 -0.0195408 0.00753401
0.790106 -0.0195408 0.00752917
0.800106 -0.0195408 0.00753271
0.810106 -0.0195408 0.00753224
0.820113 -0.0195408 0.00753359
0.830106 -0.0195408 0.00753365
0.840106 -0.0195408 0.00753365
0.850106 -0.0195408 0.00749214
0.860113 -0.0195408 0.00753432
0.870108 -0.0195408 0.00754104
0.880106 -0.0195408 0.00753266
0.890106 -0.0195408 0.00753339
0.900113 -0.0195408 0.00753443
0.910107 -0.0195408 0.00753271
0.920107 -0.0195408 0.00753276
0.930107 -0.0195408 0.0075312
0.940113 -0.0195408 0.00753422
0.950107 -0.0195408 0.0074925
0.960106 -0.0195408 0.00753177
0.970107 -0.0195408 0.00754057
0.980106 -0.0195408 0.00753255
0.990107 -0.0195408 0.00753146
1.00011 -0.0195408 0.00753292
1.01011 -0.0195408 0.00753286
1.02011 -0.0195408 0.00753328
1.03011 -0.0195408 0.0075337
1.04011 -0.0195408 0.00753359
1.05011 -0.0195408 0.00753297
1.06015 -0.0195408 0.00753359
1.07011 -0.0195408 0.00753297
1.08011 -0.0195408 0.00754089
1.09011 -0.0195408 0.00753266
1.10011 -0.0195408 0.00753359
1.11011 -0.0195408 0.00753198
1.12011 -0.0195408 0.00753412
1.13011 -0.0195408 0.00752912
1.14011 -0.0195408 0.00753302
1.15011 -0.0195408 0.00753391
1.16011 -0.0195408 0.00749354
1.17011 -0.0195408 0.00753162
1.18011 -0.0195408 0.00753286
1.19011 -0.0195408 0.00753229
1.20011 -0.0195408 0.00753354
1.21011 -0.0195408 0.0075338
1.22011 -0.0195408 0.00754073
1.23011 -0.0195408 0.00753292
1.24011 -0.0195408 0.00753365
1.25011 -0.0195408 0.00753412
1.26011 -0.0195408 0.00748859
1.27011 -0.0195408 0.00753344
1.28011 -0.0195408 0.0075337
1.29011 -0.0195408 0.00754005
1.30011 -0.0195408 0.00753276
1.31011 -0.0195408 0.00753385
1.32011 -0.0195408 0.00753391
1.33011 -0.0195408 0.00753526
1.34011 -0.0195408 0.00753479
1.3501 -0.0195408 0.00753609
1.36011 -0.0195408 0.00753516
1.3746 -0.0195408 0.00243682
1.38015 -0.0195408 0.00752287
1.39011 -0.0195408 0.0065374
1.4001 -0.0195408 0.00754125
1.41011 -0.0195408 0.0075324
1.42011 -0.0195408 0.00753453
1.43011 -0.0195408 0.00753708
1.4401 -0.0195408 0.00753677
1.4501 -0.0195408 0.00753787
1.46011 -0.0195408 0.00751146
1.47017 -0.0195408 0.00753286
1.48011 -0.0195408 0.00753625
1.4901 -0.0195408 0.00753589
1.50011 -0.0195408 0.00753594
1.51011 -0.0195408 0.00753677
1.5201 -0.0195408 0.00753776
1.5301 -0.0195408 0.00753547
1.54011 -0.0195408 0.00753557
1.5501 -0.0195408 0.00753589
1.5601 -0.0195408 0.00753646
1.57015 -0.0195408 0.00753682
1.58011 -0.0195408 0.00753646
1.5901 -0.0195408 0.00753807
1.6001 -0.0195408 0.00753625
1.6101 -0.0195408 0.00753609
1.62011 -0.0195408 0.00753635
1.6301 -0.0195408 0.00753198
1.6401 -0.0195408 0.00753849
1.6501 -0.0195408 0.00753521
1.66011 -0.0195408 0.00753833
1.6701 -0.0195408 0.00749365
1.68011 -0.0195408 0.00753813
1.6901 -0.0195408 0.00753563
1.70011 -0.0195408 0.00753583
1.7101 -0.0195408 0.00753818
1.7201 -0.0195408 0.00753661
1.7301 -0.0195408 0.00753839
1.74011 -0.0195408 0.00753646
1.7501 -0.0195408 0.00753672
1.7601 -0.0195408 0.00753646
1.7701 -0.0195408 0.0075387
1.78015 -0.0195408 0.00753568
1.7901 -0.0195408 0.00753865
1.8001 -0.0195408 0.00753531
1.8101 -0.0195408 0.00753891
1.82011 -0.0195408 0.00753833
1.8301 -0.0195408 0.00753635
1.8401 -0.0195408 0.00753802
1.8501 -0.0195408 0.00753656
1.86011 -0.0195408 0.00753823
1.87014 -0.0195408 0.00753286
1.88011 -0.0195408 0.00748682
1.89011 -0.0195408 0.00753693
1.90011 -0.0195408 0.0075374
1.9101 -0.0195408 0.0075362
1.9201 -0.0195408 0.00753802
1.9301 -0.0195408 0.00753677
1.94011 -0.0195408 0.00753688
1.95011 -0.0195408 0.00753724
1.9601 -0.0195408 0.00753839
1.9701 -0.0195408 0.00753307
1.9801 -0.0195408 0.00753667
1.9901 -0.0195408 0.00753552
2.0001 -0.0195408 0.00753547
2.0101 -0.0195408 0.00753672
2.02011 -0.0195408 0.00753797
2.0301 -0.0195408 0.00753813
2.0401 -0.0195408 0.00753682
2.0501 -0.0195408 0.00753859
2.06011 -0.0195408 0.00753839
2.07011 -0.0195408 0.00753787
2.0801 -0.0195408 0.00753724
2.09015 -0.0195408 0.00753531
2.10011 -0.0195408 0.00753719
2.11011 -0.0195408 0.00753625
2.12011 -0.0195408 0.00752073
2.1301 -0.0195408 0.00753594
2.14011 -0.0195408 0.00753766
2.1501 -0.0195408 0.00753854
2.1601 -0.0195408 0.00753719
2.1701 -0.0195408 0.00753781
2.18011 -0.0195408 0.00753594
2.19015 -0.0195408 0.00753677
2.20011 -0.0195408 0.00753526
2.2101 -0.0195408 0.00753458
2.22011 -0.0195408 0.00753729
2.2301 -0.0195408 0.0075362
2.2401 -0.0195408 0.00753714
2.25011 -0.0195408 0.00753698
2.26011 -0.0195408 0.00753635
2.2701 -0.0195408 0.00753714
2.2801 -0.0195408 0.00753604
2.2901 -0.0195408 0.00751807
2.30011 -0.0195408 0.00753578
2.31011 -0.0195408 0.00753708
2.3201 -0.0195408 0.00753833
2.3301 -0.0195408 0.00753693
2.34011 -0.0195408 0.00753609
2.3501 -0.0195408 0.0075375
2.3601 -0.0195408 0.00753734
2.3701 -0.0195408 0.00753672
2.38011 -0.0195408 0.00753776
2.3901 -0.0195408 0.00748985
2.40011 -0.0195408 0.00753667
2.41011 -0.0195408 0.0075362
2.42011 -0.0195408 0.0075374
2.4301 -0.0195408 0.0075374
2.4401 -0.0195408 0.00753839
2.4501 -0.0195408 0.00753802
2.46011 -0.0195408 0.00753542
2.47011 -0.0195408 0.00753625
2.4801 -0.0195408 0.00753682
2.4901 -0.0195408 0.00753839
2.50011 -0.0195408 0.00753599
2.5101 -0.0195408 0.00753635
2.5201 -0.0195408 0.00753563
2.5301 -0.0195408 0.00753802
2.54011 -0.0195408 0.00753089
2.55011 -0.0195408 0.00753745
2.56011 -0.0195408 0.00753693
2.5701 -0.0195408 0.00753396
2.58011 -0.0195408 0.00753761
2.5901 -0.0195408 0.00753734
2.60015 -0.0195408 0.00753682
2.6101 -0.0195408 0.00753682
2.62011 -0.0195408 0.00753662
2.63011 -0.0195408 0.00753656
2.64011 -0.0195408 0.00753594
2.65011 -0.0195408 0.00753682
2.66011 -0.0195408 0.0075363
2.6701 -0.0195408 0.00753641
2.6801 -0.0195408 0.00753604
2.6901 -0.0195408 0.00753807
2.70015 -0.0195408 0.00753828
2.7101 -0.0195408 0.00751823
2.72011 -0.0195408 0.00753552
2.7301 -0.0195408 0.00753662
2.74011 -0.0195408 0.00753807
2.7501 -0.0195408 0.00753787
2.7601 -0.0195408 0.0075386
2.7701 -0.0195408 0.00753573
2.78011 -0.0195408 0.00753761
2.7901 -0.0195408 0.00753828
2.8001 -0.0195408 0.00753641
2.8101 -0.0195408 0.00753813
2.82011 -0.0195408 0.00753641
2.8301 -0.0195408 0.00753651
2.8401 -0.0195408 0.00753849
2.8501 -0.0195408 0.00753875
2.86011 -0.0195408 0.00753807
2.8701 -0.0195408 0.00753839
2.8801 -0.0195408 0.00753307
2.8901 -0.0195408 0.00753573
2.90011 -0.0195408 0.00749401
2.91011 -0.0195408 0.00753609
2.9201 -0.0195408 0.00753729
2.9301 -0.0195408 0.0075387
2.94011 -0.0195408 0.00753797
2.9501 -0.0195408 0.00753734
2.9601 -0.0195408 0.00753865
2.9701 -0.0195408 0.00753813
2.9801 -0.0195408 0.00753583
2.9901 -0.0195408 0.00753667
3.0001 -0.0195408 0.00753906
3.01015 -0.0195408 0.00753573
3.02011 -0.0195408 0.00753787
3.0301 -0.0195408 0.00753828
3.0401 -0.0195408 0.00753792
3.0501 -0.0195408 0.00753604
3.06011 -0.0195408 0.0075386
3.0701 -0.0195408 0.00753865
3.0801 -0.0195408 0.00753766
3.0901 -0.0195408 0.00753693
3.10011 -0.0195408 0.00753833
3.11015 -0.0195408 0.00753703
3.1201 -0.0195408 0.00753656
3.1301 -0.0195408 0.00753599
3.14011 -0.0195408 0.00753729
3.1501 -0.0195408 0.00753844
3.1601 -0.0195408 0.00753844
3.1701 -0.0195408 0.0075387
3.18011 -0.0195408 0.00753813
3.1901 -0.0195408 0.00753734
3.2001 -0.0195408 0.00753745
3.21015 -0.0195408 0.00753547
3.22011 -0.0195408 0.00753318
3.23011 -0.0195408 0.00753813
3.2401 -0.0195408 0.00753776
3.2501 -0.0195408 0.00753755
3.26011 -0.0195408 0.00753844
3.2701 -0.0195408 0.00753776
3.2801 -0.0195408 0.00753844
3.2901 -0.0195408 0.00753703
3.30011 -0.0195408 0.0075325
3.3101 -0.0195408 0.00749448
3.32011 -0.0195408 0.00753724
3.3301 -0.0195408 0.00753771
3.34011 -0.0195408 0.00753813
3.3501 -0.0195408 0.0075386
3.3601 -0.0195408 0.00753792
3.37011 -0.0195408 0.00753849
3.38011 -0.0195408 0.0075349
3.3901 -0.0195408 0.0075363
3.40011 -0.0195408 0.00753839
3.4101 -0.0195408 0.00753854
3.42015 -0.0195408 0.00753573
3.43011 -0.0195408 0.00753885
3.4401 -0.0195408 0.00753625
3.4501 -0.0195408 0.00753677
3.46011 -0.0195408 0.00753677
3.4701 -0.0195408 0.0075213
3.4801 -0.0195408 0.00753656
3.4901 -0.0195408 0.00753839
3.50011 -0.0195408 0.00753615
3.5101 -0.0195408 0.00753693
3.5201 -0.0195408 0.00749615
3.53011 -0.0195408 0.00753568
3.54011 -0.0195408 0.00753469
3.5501 -0.0195408 0.00753568
3.5601 -0.0195408 0.00753672
3.5701 -0.0195408 0.00753682
3.58011 -0.0195408 0.00753672
3.5901 -0.0195408 0.0075362
3.6001 -0.0195408 0.00753766
3.6101 -0.0195408 0.00753578
3.62011 -0.0195408 0.00749094
3.63011 -0.0195408 0.00753594
3.6401 -0.0195408 0.00753271
3.6501 -0.0195408 0.00753511
3.66011 -0.0195408 0.00753781
3.6701 -0.0195408 0.0075375
3.6801 -0.0195408 0.00753375
3.6901 -0.0195408 0.00753662
3.70011 -0.0195408 0.00753802
3.7101 -0.0195408 0.00753641
3.7201 -0.0195408 0.00749261
3.73011 -0.0195408 0.00753542
3.74011 -0.0195408 0.00753708
3.7501 -0.0195408 0.00753708
3.7601 -0.0195408 0.00753766
3.7701 -0.0195408 0.00753625
3.78011 -0.0195408 0.00753802
3.7901 -0.0195408 0.00753599
3.80011 -0.0195408 0.00753589
3.8101 -0.0195408 0.00753469
3.82011 -0.0195408 0.00749672
3.83011 -0.0195408 0.00753516
3.84011 -0.0195408 0.00753677
3.85011 -0.0195408 0.00753552
3.86011 -0.0195408 0.00753609
3.8701 -0.0195408 0.0075363
3.88011 -0.0195408 0.00753625
3.8901 -0.0195408 0.00753854
3.90011 -0.0195408 0.00753719
3.9101 -0.0195408 0.00753646
3.9201 -0.0195408 0.00753651
3.93015 -0.0195408 0.0075362
3.94011 -0.0195408 0.00753573
3.95011 -0.0195408 0.00753646
3.96011 -0.0195408 0.00753656
3.9701 -0.0195408 0.00753703
3.9801 -0.0195408 0.00753443
3.9901 -0.0195408 0.00753682
4.0001 -0.0195408 0.00753714
4.0101 -0.0195408 0.00753703
4.02011 -0.0195408 0.00753677
4.03014 -0.0195408 0.00753505
4.0401 -0.0195408 0.00753828
4.0501 -0.0195408 0.00753568
4.06011 -0.0195408 0.00753203
4.0701 -0.0195408 0.00753792
4.0801 -0.0195408 0.00753865
4.09011 -0.0195408 0.00753901
4.10011 -0.0195408 0.00753807
4.1101 -0.0195408 0.00753854
4.1201 -0.0195408 0.00753875
4.13015 -0.0195408 0.00753688
4.14011 -0.0195408 0.00753771
4.1501 -0.0195408 0.00753844
4.1601 -0.0195408 0.0075387
4.1701 -0.0195408 0.00753828
4.1801 -0.0195408 0.00753505
4.1901 -0.0195408 0.00753708
4.2001 -0.0195408 0.0075386
4.2101 -0.0195408 0.00753761
4.22011 -0.0195408 0.00753568
4.23015 -0.0195408 0.00753563
4.2401 -0.0195408 0.00753828
4.2501 -0.0195408 0.00753844
4.26011 -0.0195408 0.00753375
4.27011 -0.0195408 0.0075363
4.2801 -0.0195408 0.00753589
4.2901 -0.0195408 0.00753807
4.30011 -0.0195408 0.00753646
4.3101 -0.0195408 0.00753834
4.3201 -0.0195408 0.00753802
4.3301 -0.0195408 0.00753349
4.34011 -0.0195408 0.0075374
4.3501 -0.0195408 0.00753625
4.3601 -0.0195408 0.00753714
4.3701 -0.0195408 0.00753849
4.38011 -0.0195408 0.00753828
4.3901 -0.0195408 0.00753729
4.4001 -0.0195408 0.00753708
4.4101 -0.0195408 0.00753807
4.42011 -0.0195408 0.00753662
4.4301 -0.0195408 0.00749537
4.44011 -0.0195408 0.0075363
4.4501 -0.0195408 0.00753672
4.46011 -0.0195408 0.00753568
4.4701 -0.0195408 0.0075337
4.48011 -0.0195408 0.00753672
4.4901 -0.0195408 0.00753552
4.50011 -0.0195408 0.00753667
4.5101 -0.0195408 0.00753771
4.5201 -0.0195408 0.00753776
4.5301 -0.0195408 0.00749271
4.54011 -0.0195408 0.00753599
4.5501 -0.0195408 0.00752078
4.5601 -0.0195408 0.00753761
4.5701 -0.0195408 0.00753651
4.5801 -0.0195408 0.00753479
4.5901 -0.0195408 0.00753834
4.60011 -0.0195408 0.0075386
4.6101 -0.0195408 0.00753891
4.62011 -0.0195408 0.00753651
4.6301 -0.0195408 0.0075387
4.64015 -0.0195408 0.00753578
4.65011 -0.0195408 0.00753625
4.6601 -0.0195408 0.00753615
4.67011 -0.0195408 0.00753906
4.6801 -0.0195408 0.00753839
4.6901 -0.0195408 0.00753828
4.70011 -0.0195408 0.00753688
4.7101 -0.0195408 0.00753834
4.7201 -0.0195408 0.00752151
4.73011 -0.0195408 0.00753792
4.74015 -0.0195408 0.00753485
4.75011 -0.0195408 0.00753594
4.76011 -0.0195408 0.00753776
4.7701 -0.0195408 0.00753813
4.78011 -0.0195408 0.00753703
4.7901 -0.0195408 0.00753839
4.8001 -0.0195408 0.00753813
4.8101 -0.0195408 0.00753703
4.82011 -0.0195408 0.00753818
4.8301 -0.0195408 0.00753698
4.8401 -0.0195408 0.00749334
4.85011 -0.0195408 0.00753594
4.86011 -0.0195408 0.00753776
4.8701 -0.0195408 0.00753807
4.8801 -0.0195408 0.00753828
4.8901 -0.0195408 0.00753193
4.90011 -0.0195408 0.00753797
4.9101 -0.0195408 0.00753698
4.9201 -0.0195408 0.00753688
4.93011 -0.0195408 0.00753677
4.94011 -0.0195408 0.00753865
4.95015 -0.0195408 0.00753542
4.9601 -0.0195408 0.00753542
4.97011 -0.0195408 0.00753693
4.98011 -0.0195408 0.00753656
4.9901 -0.0195408 0.00753672
5.00011 -0.0195408 0.00753703
5.0101 -0.0195408 0.00753771
5.02011 -0.0195408 0.00753703
5.03011 -0.0195408 0.00753823
5.0401 -0.0195408 0.00753745
5.0501 -0.0195408 0.00753724
5.06011 -0.0195408 0.00753516
5.0701 -0.0195408 0.00753568
5.0801 -0.0195408 0.00753656
5.0901 -0.0195408 0.00753698
5.10011 -0.0195408 0.00753636
5.1101 -0.0195408 0.0075374
5.1201 -0.0195408 0.00753771
5.1301 -0.0195408 0.00753807
5.14011 -0.0195408 0.00751927
5.1501 -0.0195408 0.00749156
5.16011 -0.0195408 0.00753698
5.1701 -0.0195408 0.00753807
5.18011 -0.0195408 0.00753636
5.1901 -0.0195408 0.00753771
5.2001 -0.0195408 0.00753766
5.2101 -0.0195408 0.00753797
5.22011 -0.0195408 0.00753672
5.23011 -0.0195408 0.00753573
5.2401 -0.0195408 0.0075374
5.2501 -0.0195408 0.00753792
5.26015 -0.0195408 0.00753474
5.2701 -0.0195408 0.00753651
5.28011 -0.0195408 0.00753646
5.2901 -0.0195408 0.00753599
5.30011 -0.0195408 0.00753615
5.3101 -0.0195408 0.00753344
5.3201 -0.0195408 0.00753573
5.3301 -0.0195408 0.00753667
5.34011 -0.0195408 0.00753688
5.35011 -0.0195408 0.00753839
5.3601 -0.0195408 0.00749406
5.37011 -0.0195408 0.00753563
5.38011 -0.0195408 0.00753672
5.3901 -0.0195408 0.00753849
5.4001 -0.0195408 0.00753589
5.4101 -0.0195408 0.00753714
5.42011 -0.0195408 0.00753761
5.4301 -0.0195408 0.00753787
5.4401 -0.0195408 0.00753703
5.4501 -0.0195408 0.00753698
5.46011 -0.0195408 0.00747115
5.47011 -0.0195408 0.00753162
5.48011 -0.0195408 0.00753594
5.4901 -0.0195408 0.00753839
5.50011 -0.0195408 0.00753708
5.5101 -0.0195408 0.00753844
5.52011 -0.0195408 0.00753891
5.5301 -0.0195408 0.00753688
5.54011 -0.0195408 0.0075363
5.55011 -0.0195408 0.00753849
5.56011 -0.0195408 0.00753485
5.57015 -0.0195408 0.00753766
5.58011 -0.0195408 0.0075361
5.5901 -0.0195408 0.00753802
5.60011 -0.0195408 0.00753584
5.6101 -0.0195408 0.00753604
5.6201 -0.0195408 0.00753511
5.63011 -0.0195408 0.00753875
5.6401 -0.0195408 0.00751958
5.6501 -0.0195408 0.00753636
5.66011 -0.0195408 0.00753646
5.6701 -0.0195408 0.00753328
5.68011 -0.0195408 0.00753682
5.69011 -0.0195408 0.00753703
5.70011 -0.0195408 0.00753766
5.71011 -0.0195408 0.00753745
5.7201 -0.0195408 0.00753802
5.7301 -0.0195408 0.00753547
5.74011 -0.0195408 0.00753781
5.7501 -0.0195408 0.00753698
5.7601 -0.0195408 0.00753818
5.7701 -0.0195408 0.00749422
5.78011 -0.0195408 0.00753599
5.7901 -0.0195408 0.00753521
5.8001 -0.0195408 0.00753568
5.8101 -0.0195408 0.00753823
5.82011 -0.0195408 0.00753615
5.8301 -0.0195408 0.00753657
5.8401 -0.0195408 0.00753823
5.8501 -0.0195408 0.00753558
5.86011 -0.0195408 0.00753672
5.8701 -0.0195408 0.00753917
5.88015 -0.0195408 0.0075361
5.8901 -0.0195408 0.00753641
5.90011 -0.0195408 0.00753657
5.9101 -0.0195408 0.00753802
5.9201 -0.0195408 0.00753558
5.9301 -0.0195408 0.00753854
5.94011 -0.0195408 0.0075363
5.95011 -0.0195408 0.00753787
5.9601 -0.0195408 0.0075374
5.9701 -0.0195408 0.00753693
5.98011 -0.0195408 0.00753479
5.99011 -0.0195408 0.0075361
6.00011 -0.0195408 0.00753865
6.0101 -0.0195408 0.00753719
6.02011 -0.0195408 0.00753698
6.03011 -0.0195408 0.00753854
6.0401 -0.0195408 0.00753807
6.0501 -0.0195408 0.00753657
6.06011 -0.0195408 0.00753766
6.0701 -0.0195408 0.00753807
6.0801 -0.0195408 0.00749235
6.0901 -0.0195408 0.00753349
6.10011 -0.0195408 0.00753682
6.1101 -0.0195408 0.00753578
6.1201 -0.0195408 0.00753615
6.1301 -0.0195408 0.00753828
6.14011 -0.0195408 0.0075361
6.15011 -0.0195408 0.00753646
6.1601 -0.0195408 0.00753589
6.1701 -0.0195408 0.00753792
6.18011 -0.0195408 0.00753568
6.19015 -0.0195408 0.00753672
6.20011 -0.0195408 0.00753594
6.2101 -0.0195408 0.00753677
6.22011 -0.0195408 0.00753714
6.2301 -0.0195408 0.00753709
6.2401 -0.0195408 0.00753682
6.2501 -0.0195408 0.00753755
6.2601 -0.0195408 0.00753615
6.27011 -0.0195408 0.00753604
6.28011 -0.0195408 0.00753677
6.29015 -0.0195408 0.00753552
6.30011 -0.0195408 0.00752078
6.31011 -0.0195408 0.00753709
6.32011 -0.0195408 0.00753787
6.33011 -0.0195408 0.00753709
6.34011 -0.0195408 0.00753558
6.3501 -0.0195408 0.00753776
6.36011 -0.0195408 0.00753677
6.37011 -0.0195408 0.00753578
6.38011 -0.0195408 0.00753709
6.39015 -0.0195408 0.00753604
6.4001 -0.0195408 0.00753594
6.4101 -0.0195408 0.00753677
6.4201 -0.0195408 0.00753542
6.43011 -0.0195408 0.00753677
6.4401 -0.0195408 0.00753651
6.4501 -0.0195408 0.00753761
6.46011 -0.0195408 0.00753849
6.4701 -0.0195408 0.00753182
6.4801 -0.0195408 0.00753714
6.4901 -0.0195408 0.00753318
6.50011 -0.0195408 0.00753584
6.5101 -0.0195408 0.00753636
6.5201 -0.0195408 0.00753834
6.5301 -0.0195408 0.00753719
6.54011 -0.0195408 0.00753933
6.5501 -0.0195408 0.00753662
6.56011 -0.0195408 0.0075388
6.5701 -0.0195408 0.00753563
6.58011 -0.0195408 0.00753834
6.5901 -0.0195408 0.00749448
6.60011 -0.0195408 0.00753558
6.6101 -0.0195408 0.00753693
6.62011 -0.0195408 0.00753709
6.6301 -0.0195408 0.00753672
6.6401 -0.0195408 0.00753401
6.65011 -0.0195408 0.00753516
6.66011 -0.0195408 0.00753318
6.67011 -0.0195408 0.00753427
6.6801 -0.0195408 0.00753563
6.6901 -0.0195408 0.00749396
6.70011 -0.0195408 0.00753662
6.7101 -0.0195408 0.0075374
6.7201 -0.0195408 0.00753646
6.7301 -0.0195408 0.0075362
6.74011 -0.0195408 0.00753849
6.7501 -0.0195408 0.00753901
6.7601 -0.0195408 0.00753682
6.7701 -0.0195408 0.00753761
6.78011 -0.0195408 0.00753813
6.79011 -0.0195408 0.00749214
6.80011 -0.0195408 0.00753641
6.81011 -0.0195408 0.00753479
6.82011 -0.0195408 0.0075388
6.8301 -0.0195408 0.00753823
6.8401 -0.0195408 0.00753667
6.85011 -0.0195408 0.00753797
6.86011 -0.0195408 0.00753735
6.8701 -0.0195408 0.00753875
6.8801 -0.0195408 0.00753729
6.8901 -0.0195408 0.00743031
6.90012 -0.0195408 0.00752636
6.91011 -0.0195408 0.00752511
6.92011 -0.0195408 0.00752599
6.93011 -0.0195408 0.0075275
6.94011 -0.0195408 0.00752854
6.95011 -0.0195408 0.00752677
6.96011 -0.0195408 0.00752865
6.97011 -0.0195408 0.00752709
6.98011 -0.0195408 0.00752646
6.99011 -0.0195408 0.00752506
7.00015 -0.0195408 0.00752677
7.01011 -0.0195408 0.00752683
7.02011 -0.0195408 0.00752891
7.0301 -0.0195408 0.00752646
7.04011 -0.0195408 0.00752881
7.05011 -0.0195408 0.00752782
7.06011 -0.0195408 0.00752828
7.07011 -0.0195408 0.00752599
7.08011 -0.0195408 0.00752818
7.09011 -0.0195408 0.00752771
7.10015 -0.0195408 0.00752683
7.11011 -0.0195408 0.00752578
7.12011 -0.0195408 0.00752672
7.13011 -0.0195408 0.00752761
7.14011 -0.0195408 0.00753005
7.1501 -0.0195408 0.00752568
7.1601 -0.0195408 0.00752813
7.1701 -0.0195408 0.00752782
7.18011 -0.0195408 0.00752948
7.19011 -0.0195408 0.0075261
7.20011 -0.0195408 0.00752516
7.21011 -0.0195408 0.0075263
7.22011 -0.0195408 0.00752948
7.2301 -0.0195408 0.00752308
7.24011 -0.0195408 0.00752776
7.25011 -0.0195408 0.00752703
7.26011 -0.0195408 0.00752896
7.27011 -0.0195408 0.00752594
7.28011 -0.0195408 0.0075287
7.29011 -0.0195408 0.00752839
7.30011 -0.0195408 0.00748787
7.31011 -0.0195408 0.00752521
7.3201 -0.0195408 0.00752677
7.3301 -0.0195408 0.00752724
7.34011 -0.0195408 0.00753006
7.3501 -0.0195408 0.00752651
7.36011 -0.0195408 0.00752782
7.37011 -0.0195408 0.00752844
7.38011 -0.0195408 0.00752953
7.39011 -0.0195408 0.00752589
7.4001 -0.0195408 0.00748683
7.41011 -0.0195408 0.00752599
7.42011 -0.0195408 0.00752886
7.43011 -0.0195408 0.00752495
7.44011 -0.0195408 0.00752875
7.45011 -0.0195408 0.00752729
7.46011 -0.0195408 0.00752808
7.47011 -0.0195408 0.00752683
7.48011 -0.0195408 0.00752802
7.4901 -0.0195408 0.00752651
7.50011 -0.0195408 0.00752953
7.51015 -0.0195408 0.00752568
7.52011 -0.0195408 0.00752787
7.5301 -0.0195408 0.00752683
7.54011 -0.0195408 0.00752922
7.55011 -0.0097704 0.00752568
7.56011 -0.0195408 0.00752828
7.57011 -0.0195408 0.0075261
7.58011 -0.0195408 0.00752771
7.59011 -0.0195408 0.0075262
7.6001 -0.0195408 0.00752651
7.61015 -0.0195408 0.00752646
7.62011 -0.0195408 0.00752636
7.63011 -0.0195408 0.00752542
7.6401 -0.0195408 0.00752839
7.65011 -0.0195408 0.00748901
7.66011 -0.0195408 0.00752782
7.67011 -0.0195408 0.00752563
7.68011 -0.0195408 0.00752714
7.6901 -0.0195408 0.00752703
7.70011 -0.0195408 0.00751933
7.71017 -0.0195408 0.00752261
7.72011 -0.0195408 0.00752474
7.73011 -0.0195408 0.00748105
7.74011 -0.0195408 0.00752646
7.75011 -0.0195408 0.00752578
7.76011 -0.0195408 0.00752808
7.77011 -0.0195408 0.00752526
7.78011 -0.0195408 0.00752906
7.79011 -0.0195408 0.00752605
7.80011 -0.0195408 0.00752782
7.81011 -0.0195408 0.00752479
7.82011 -0.0195408 0.00752828
7.83011 -0.0195408 0.0075261
7.84011 -0.0195408 0.00752724
7.85011 -0.0195408 0.00752563
7.86011 -0.0195408 0.00752927
7.87011 -0.0195408 0.00752479
7.88011 -0.0195408 0.00752662
7.8901 -0.0195408 0.00752625
7.90011 -0.0195408 0.00752891
7.91011 -0.0195408 0.0074824
7.92011 -0.0195408 0.00752657
7.93011 -0.0195408 0.00752797
7.94011 -0.0195408 0.00752823
7.95011 -0.0195408 0.00752594
7.96011 -0.0195408 0.00752672
7.97011 -0.0195408 0.00752646
7.98011 -0.0195408 0.00752745
7.9901 -0.0195408 0.00752563
8.0001 -0.0195408 0.0075274
8.01011 -0.0195408 0.00752573
8.02011 -0.0195408 0.00752703
8.03011 -0.0195408 0.00752558
8.04011 -0.0195408 0.00752802
8.05011 -0.0195408 0.00752735
8.06011 -0.0195408 0.00752646
8.07011 -0.0195408 0.00752271
8.08011 -0.0195408 0.00752787
8.09011 -0.0195408 0.00752558
8.10011 -0.0195408 0.00752907
8.11011 -0.0195408 0.00752605
8.12015 -0.0195408 0.00752631
8.13011 -0.0195408 0.00752636
8.14011 -0.0195408 0.00752808
8.1501 -0.0195408 0.00748683
8.16011 -0.0195408 0.00752641
8.17011 -0.0195408 0.00752714
8.18011 -0.0195408 0.00752912
8.19011 -0.0195408 0.00752573
8.20011 -0.0195408 0.00752875
8.21011 -0.0195408 0.00752709
8.22015 -0.0195408 0.00752797
8.23011 -0.0195408 0.00752485
8.24011 -0.0195408 0.00752844
8.25011 -0.0195408 0.00752792
8.26011 -0.0195408 0.00752808
8.27011 -0.0195408 0.00752578
8.28011 -0.0195408 0.00752808
8.29011 -0.0195408 0.00752662
8.30011 -0.0195408 0.00752927
8.31011 -0.0195408 0.0075263
8.32011 -0.0195408 0.00752511
8.3301 -0.0195408 0.00752599
8.34011 -0.0195408 0.00752808
8.35011 -0.0195408 0.00752703
8.36011 -0.0195408 0.00752756
8.37011 -0.0195408 0.00752808
8.38011 -0.0195408 0.00752844
8.39011 -0.0195408 0.00752047
8.40011 -0.0195408 0.0075263
8.41011 -0.0195408 0.00752703
8.42011 -0.0195408 0.00748427
8.43011 -0.0195408 0.00752547
8.44011 -0.0195408 0.00752808
8.45011 -0.0195408 0.00752886
8.46011 -0.0195408 0.0075274
8.47011 -0.0195408 0.00752563
8.4801 -0.0195408 0.00752667
8.4901 -0.0195408 0.00752823
8.50011 -0.0195408 0.00752912
8.51011 -0.0195408 0.00752625
8.5201 -0.0195408 0.00748693
8.53011 -0.0195408 0.00752599
8.54011 -0.0195408 0.00752797
8.55011 -0.0195408 0.00752433
8.56011 -0.0195408 0.00752401
8.57011 -0.0195408 0.00752474
8.58011 -0.0195408 0.00752693
8.59011 -0.0195408 0.00752401
8.6001 -0.0195408 0.00752599
8.61011 -0.0195408 0.00752547
8.62011 -0.0195408 0.00752802
8.63015 -0.0195408 0.00752427
8.64011 -0.0195408 0.00752599
8.6501 -0.0195408 0.0075262
8.66011 -0.0195408 0.00752808
8.67011 -0.0195408 0.0075236
8.68011 -0.0195408 0.0075263
8.6901 -0.0195408 0.00752453
8.70011 -0.0195408 0.00752558
8.71011 -0.0195408 0.00752485
8.72011 -0.0195408 0.00752719
8.73015 -0.0195408 0.00753141
8.74011 -0.0195408 0.00752605
8.75011 -0.0195408 0.00752563
8.76011 -0.0195408 0.00752839
8.77011 -0.0195408 0.00752735
8.78011 -0.0195408 0.00752808
8.79011 -0.0195408 0.00752542
8.80011 -0.0195408 0.00752823
8.81011 -0.0195408 0.00752724
8.82011 -0.0195408 0.00752907
8.8301 -0.0195408 0.00748344
8.84011 -0.0195408 0.00752745
8.8501 -0.0195408 0.00752693
8.8601 -0.0195408 0.00752771
8.87011 -0.0195408 0.00752506
8.88011 -0.0195408 0.00752667
8.89011 -0.0195408 0.00752688
8.90011 -0.0195408 0.0075287
8.91011 -0.0195408 0.00752542
8.92011 -0.0195408 0.00752818
8.93011 -0.0195408 0.00752709
8.94015 -0.0195408 0.00752849
8.95011 -0.0195408 0.0075249
8.96011 -0.0195408 0.00752657
8.9701 -0.0195408 0.00752589
8.98011 -0.0195408 0.00752729
8.99011 -0.0195408 0.0075263
9.00011 -0.0195408 0.00752672
9.01011 -0.0195408 0.00752662
9.02011 -0.0195408 0.00752802
9.03011 -0.0195408 0.00752521
9.04011 -0.0195408 0.00752589
9.05011 -0.0195408 0.00752782
9.06011 -0.0195408 0.00752881
9.0701 -0.0195408 0.00752506
9.08011 -0.0195408 0.00752787
9.09011 -0.0195408 0.00752709
9.10011 -0.0195408 0.00752651
9.11011 -0.0195408 0.00752454
9.12011 -0.0195408 0.00752521
9.13011 -0.0195408 0.00752516
9.14011 -0.0195408 0.00748745
9.15011 -0.0195408 0.00752469
9.16011 -0.0195408 0.00752599
9.17011 -0.0195408 0.00752485
9.18011 -0.0195408 0.00752646
9.19011 -0.0195408 0.00752443
9.20011 -0.0195408 0.00752589
9.21011 -0.0195408 0.00752542
9.22011 -0.0195408 0.00752594
9.23011 -0.0195408 0.00752266
9.2401 -0.0195408 0.00748584
9.25011 -0.0195408 0.00752537
9.26011 -0.0195408 0.00752776
9.27011 -0.0195408 0.00752521
9.28011 -0.0195408 0.00752532
9.29011 -0.0195408 0.00753287
9.3001 -0.0195408 0.00752829
9.31011 -0.0195408 0.007525
9.32011 -0.0195408 0.00752579
9.33011 -0.0195408 0.00752766
9.34011 -0.0195408 0.00752855
9.35015 -0.0195408 0.00752532
9.36011 -0.0195408 0.00752823
9.37011 -0.0195408 0.0075274
9.38011 -0.0195408 0.00752907
9.39011 -0.0195408 0.00752542
9.40011 -0.0195408 0.00752808
9.4101 -0.0195408 0.0075275
9.42011 -0.0195408 0.00752844
9.4301 -0.0195408 0.00752563
9.44011 -0.0195408 0.00752802
9.45011 -0.0195408 0.00752631
9.46011 -0.0195408 0.00752922
9.47011 -0.0195408 0.00752547
9.4801 -0.0195408 0.00752615
9.4901 -0.0195408 0.0075274
9.50011 -0.0195408 0.00752797
9.51011 -0.0195408 0.00752495
9.52011 -0.0195408 0.00752677
9.53011 -0.0195408 0.00752761
9.54011 -0.0195408 0.00752912
9.55011 -0.0195408 0.00748547
9.56011 -0.0195408 0.00752641
9.57011 -0.0195408 0.0075274
9.58011 -0.0195408 0.00752875
9.59011 -0.0195408 0.00752589
9.60011 -0.0195408 0.00752683
9.6101 -0.0195408 0.00752787
9.62011 -0.0195408 0.00752948
9.63011 -0.0195408 0.00752631
9.64011 -0.0195408 0.00752693
9.6501 -0.0195408 0.00752761
9.66015 -0.0195408 0.00752547
9.67011 -0.0195408 0.00752552
9.68011 -0.0195408 0.00752688
9.69011 -0.0195408 0.00752792
9.70011 -0.0195408 0.00752922
9.71011 -0.0195408 0.00752594
9.72011 -0.0195408 0.00752844
9.73011 -0.0195408 0.00752829
9.74011 -0.0195408 0.00752865
9.75011 -0.0195408 0.00752516
9.76011 -0.0195408 0.00748771
9.77011 -0.0195408 0.00752766
9.78011 -0.0195408 0.00752896
9.79011 -0.0195408 0.00752526
9.8001 -0.0195408 0.00752677
9.81011 -0.0195408 0.00752735
9.82011 -0.0195408 0.00752813
9.8301 -0.0195408 0.00752568
9.8401 -0.0195408 0.00752776
9.85011 -0.0195408 0.00752823
9.86011 -0.0195408 0.00752865
9.87015 -0.0195408 0.00752547
9.88011 -0.0195408 0.00752688
9.89011 -0.0195408 0.00752703
9.90011 -0.0195408 0.00752714
9.91011 -0.0195408 0.00752521
9.92011 -0.0195408 0.0075275
9.9301 -0.0195408 0.00752729
9.94011 -0.0195408 0.00752995
9.95011 -0.0195408 0.00752688
9.96011 -0.0195408 0.00752834
9.97015 -0.0195408 0.00752709
9.98011 -0.0195408 0.0075286
9.99011 -0.0195408 0.00752599
10.0001 -0.0195408 0.00752865
10.0101 -0.0195408 0.00752693
10.0201 -0.0195408 0.00752948
10.0301 -0.0195408 0.00752641
10.0401 -0.0195408 0.00752756
10.0501 -0.0195408 0.00752657
10.0601 -0.0195408 0.00752766
10.0701 -0.0195408 0.00752641
10.0801 -0.0195408 0.00752558
10.0901 -0.0195408 0.00752709
10.1001 -0.0195408 0.00752907
10.1101 -0.0195408 0.0075261
10.1201 -0.0195408 0.00752771
10.1301 -0.0195408 0.00752766
10.1401 -0.0195408 0.0075287
10.1501 -0.0195408 0.00752573
10.1601 -0.0195408 0.00752599
10.1701 -0.0195408 0.00748584
10.1801 -0.0195408 0.00752782
10.1901 -0.0195408 0.00752532
10.2001 -0.0195408 0.00736391
10.2101 -0.0195408 0.00751829
10.2201 -0.0195408 0.00752506
10.2301 -0.0195408 0.00752589
