1.406e-06 2.0127 0.0976435
0.100204 2.0127 0.097669
0.200169 2.0127 0.0976698
0.300108 2.0127 0.0976709
0.400108 2.0127 0.0976727
0.500107 2.0127 0.0976695
0.600107 2.0127 0.0976307
0.700107 2.0127 0.0976333
0.800106 2.0127 0.0976339
0.900106 2.0127 0.0976336
1.00011 2.0127 0.0976723
1.10011 2.0127 0.0976752
1.20015 2.0127 0.0976742
1.30014 2.0127 0.0976735
1.40015 2.0127 0.0976737
1.50011 2.0127 0.0976735
1.60011 2.0127 0.0976731
1.70011 2.0127 0.0976691
1.80011 2.0127 0.0976739
1.90011 2.0127 0.0976738
2.00011 2.0127 0.0976319
2.10011 2.0127 0.0976741
2.20011 2.0127 0.0976748
2.30015 2.0127 0.0976733
2.40011 2.0127 0.0976759
2.50011 2.0127 0.0976748
2.60011 2.0127 0.0976731
2.70011 2.0127 0.0976686
2.80011 2.0127 0.0976738
2.90011 2.0127 0.0976735
3.00011 2.0127 0.0976702
3.10011 2.0127 0.0976343
3.20011 2.0127 0.097675
3.30014 2.0127 0.0976728
3.40011 2.0127 0.0976704
3.50011 2.0127 0.0976742
3.60011 2.0127 0.0976348
3.70011 2.0127 0.0976744
3.80011 2.0127 0.0976745
3.90011 2.0127 0.0976746
4.00015 2.0127 0.0976733
4.10011 2.0127 0.0976748
4.20011 2.0127 0.0976723
4.30011 2.0127 0.0976747
4.40011 2.0127 0.0976752
4.50011 2.0127 0.0976351
4.60011 2.02247 0.0976748
4.70011 2.0127 0.0976738
4.80011 2.0127 0.0976738
4.90011 2.0127 0.0976752
5.00015 2.0127 0.0976748
5.10015 2.0127 0.0976744
5.20015 2.0127 0.0976752
5.30011 2.0127 0.0976746
5.40011 2.0127 0.0976744
5.50011 2.0127 0.097635
5.60011 2.0127 0.0976348
5.70011 2.0127 0.0976755
5.80011 2.0127 0.0976746
5.90014 2.0127 0.0976737
6.00011 2.0127 0.0976735
6.10011 2.0127 0.0976744
6.20011 2.0127 0.0976735
6.30011 2.0127 0.097633
6.40011 2.0127 0.0976321
6.50011 2.0127 0.0976747
6.60011 2.0127 0.097658
6.70015 2.0127 0.0976746
6.80014 2.0127 0.0976734
6.90011 2.0127 0.0976748
7.00011 2.0127 0.0976744
7.10011 2.0127 0.0976737
7.20011 2.0127 0.097674
7.30011 2.0127 0.0976358
7.40011 2.0127 0.0976333
7.50011 2.0127 0.0976735
7.60011 2.0127 0.0976703
7.70015 2.0127 0.0976727
7.80014 2.0127 0.0976744
7.90015 2.0127 0.0976738
8.00011 2.0127 0.0976742
8.10011 2.0127 0.0976752
8.20011 2.0127 0.0976748
8.30011 2.0127 0.0976728
8.40011 2.0127 0.0976345
8.50011 2.0127 0.0976753
8.60015 2.0127 0.0976732
8.70014 2.0127 0.0976761
8.80011 2.0127 0.0976743
8.90011 2.0127 0.0976733
9.00011 2.0127 0.0976741
9.10011 2.0127 0.0976333
9.20011 2.0127 0.0976758
9.30011 2.0127 0.0976731
9.40011 2.0127 0.0976743
9.50011 2.0127 0.0976745
9.60015 2.0127 0.0976729
9.7001 2.0127 0.0976742
9.80011 2.0127 0.0976741
9.90011 2.0127 0.0976355
10.0001 2.0127 0.0976229
10.1001 2.0127 0.0976208
10.2001 2.0127 0.0976725
10.3001 2.0127 0.0976732
10.4001 2.0127 0.0976734
10.5001 2.0127 0.0976722
10.6002 2.0127 0.097669
10.7002 2.02247 0.0976704
10.8001 2.0127 0.0976729
10.9001 2.0127 0.0976709
11.0001 2.0127 0.0976733
11.1001 2.0127 0.0976735
11.2001 2.0127 0.0976673
11.3001 2.0127 0.0976316
11.4001 2.0127 0.0976302
11.5001 2.02247 0.0976748
11.6001 2.0127 0.0976744
11.7001 2.0127 0.097674
11.8001 2.02247 0.0976729
11.9001 2.0127 0.0976738
12.0001 2.0127 0.0976756
12.1001 2.0127 0.0976738
12.2001 2.0127 0.0976752
12.3001 2.0127 0.0976762
12.4001 2.0127 0.0976369
12.5001 2.0127 0.097636
12.6001 2.0127 0.0976345
12.7001 2.0127 0.0976749
12.8001 2.0127 0.0976738
12.9001 2.0127 0.0976737
13.0001 2.0127 0.0976734
13.1001 2.0127 0.0976739
13.2001 2.0127 0.0976341
13.3001 2.0127 0.0976744
13.4001 2.0127 0.0976669
13.5001 2.0127 0.0976742
13.6001 2.0127 0.0976727
13.7001 2.0127 0.0976738
13.8001 2.0127 0.097675
13.9001 2.0127 0.0976362
14.0001 2.0127 0.0976753
14.1001 2.0127 0.0976744
14.2001 2.0127 0.0976739
14.3001 2.0127 0.0976745
14.4001 2.0127 0.0976749
14.5001 2.0127 0.09767
14.6001 2.0127 0.0976731
14.7001 2.0127 0.0976348
14.8001 2.0127 0.0976358
14.9001 2.0127 0.097675
15.0001 2.0127 0.0976744
15.1001 2.0127 0.0976741
15.2001 2.0127 0.0976738
15.3001 2.0127 0.0976743
15.4001 2.02247 0.0976741
15.5001 2.0127 0.097673
15.6001 2.0127 0.0976744
15.7001 2.0127 0.0976442
15.8001 2.0127 0.0976353
15.9001 2.0127 0.0976346
16.0001 2.0127 0.0976754
16.1001 2.0127 0.0976738
16.2001 2.0127 0.0976751
16.3001 2.0127 0.0976752
16.4001 2.0127 0.0976759
16.5001 2.0127 0.0976758
16.6001 2.0127 0.0976733
16.7001 2.0127 0.097675
16.8001 2.0127 0.0976736
16.9001 2.0127 0.0976349
17.0001 2.0127 0.0976355
17.1001 2.0127 0.0976733
17.2001 2.0127 0.0976736
17.3001 2.0127 0.0976745
17.4001 2.0127 0.0976734
17.5001 2.0127 0.0976747
17.6001 2.0127 0.0976735
17.7001 2.0127 0.0976749
17.8001 2.0127 0.0976728
17.9001 2.0127 0.097634
18.0001 2.0127 0.0976755
18.1001 2.0127 0.0976746
18.2001 2.0127 0.097676
18.3001 2.0127 0.0976746
18.4001 2.02247 0.0976742
18.5001 2.0127 0.0976739
18.6001 2.0127 0.0976313
18.7001 2.0127 0.0976339
18.8001 2.0127 0.097636
18.9001 2.0127 0.0976763
19.0001 2.0127 0.0976745
19.1001 2.0127 0.097663
19.2001 2.0127 0.0976694
19.3001 2.0127 0.0976742
19.4001 2.0127 0.0976725
19.5002 2.0127 0.0976729
19.6001 2.0127 0.0976747
19.7001 2.0127 0.0976746
19.8001 2.0127 0.0976724
19.9001 2.0127 0.0976343
20.0001 2.02247 0.0976343
20.1001 2.0127 0.0976745
20.2001 2.0127 0.0976746
20.3001 2.0127 0.0976734
20.4001 2.0127 0.09767
20.5001 2.0127 0.0976759
20.6001 2.0127 0.0976745
20.7001 2.0127 0.0976747
20.8001 2.0127 0.0976744
20.9001 2.0127 0.0976362
21.0001 2.0127 0.0976761
21.1001 2.0127 0.0976752
21.2001 2.0127 0.0976753
21.3001 2.0127 0.0976737
21.4001 2.0127 0.0976697
21.5001 2.0127 0.0976735
21.6001 2.0127 0.0976749
21.7001 2.0127 0.0976753
21.8001 2.0127 0.0976742
21.9001 2.0127 0.0976733
22.0001 2.0127 0.0976745
22.1001 2.0127 0.0976357
22.2001 2.0127 0.0976757
22.3001 2.0127 0.0976758
22.4001 2.0127 0.097676
22.5001 2.0127 0.0976731
22.6001 2.0127 0.0976732
22.7001 2.0127 0.0976748
22.8001 2.0127 0.0976734
22.9001 2.0127 0.0976746
23.0001 2.0127 0.0976749
23.1001 2.0127 0.0976732
23.2001 2.0127 0.0976755
23.3001 2.0127 0.0976347
23.4001 2.0127 0.0976331
23.5001 2.0127 0.0976753
23.6001 2.0127 0.0976744
23.7001 2.0127 0.0976749
23.8001 2.0127 0.0976712
23.9001 2.0127 0.0976738
24.0001 2.0127 0.0976745
24.1001 2.0127 0.0976741
24.2001 2.0127 0.0976753
24.3001 2.0127 0.0976753
24.4001 2.0127 0.0976738
24.5001 2.0127 0.0976741
24.6001 2.0127 0.0976742
24.7001 2.0127 0.0976752
24.8001 2.0127 0.0976754
24.9001 2.0127 0.0976338
25.0001 2.0127 0.0976758
25.1001 2.0127 0.0976586
25.2001 2.0127 0.0976755
25.3001 2.0127 0.0976747
25.4001 2.0127 0.0976757
25.5001 2.0127 0.0976753
25.6001 2.0127 0.0976751
25.7001 2.0127 0.0976763
25.8002 2.0127 0.097672
25.9001 2.0127 0.0976731
26.0001 2.0127 0.0976752
26.1001 2.0127 0.0976695
26.2001 2.0127 0.097675
26.3001 2.0127 0.0976753
26.4001 2.0127 0.0976355
26.5001 2.0127 0.0976763
26.6001 2.0127 0.097675
26.7001 2.0127 0.0976751
26.8001 2.0127 0.0976744
26.9001 2.0127 0.0976744
27.0001 2.0127 0.0976716
27.1001 2.0127 0.0976743
27.2001 2.0127 0.0976738
27.3001 2.0127 0.0976736
27.4001 2.0127 0.0976735
27.5001 2.0127 0.0976326
27.6001 2.0127 0.0976322
27.7001 2.0127 0.0976745
27.8001 2.0127 0.097674
27.9001 2.0127 0.0976748
28.0001 2.0127 0.0976739
28.1001 2.0127 0.0976742
28.2001 2.0127 0.0976745
28.3001 2.0127 0.0976741
28.4001 2.0127 0.0976746
28.5001 2.0127 0.097634
28.6001 2.0127 0.0976354
28.7001 2.0127 0.0976757
28.8001 2.0127 0.0976743
28.9001 2.0127 0.0976753
29.0001 2.0127 0.0976757
29.1001 2.0127 0.0976751
29.2001 2.0127 0.0976755
29.3001 2.0127 0.0976734
29.4001 2.0127 0.0976748
29.5001 2.0127 0.0976672
29.6001 2.0127 0.0976704
29.7001 2.0127 0.0976701
29.8001 2.0127 0.0976703
29.9001 2.0127 0.0976691
30.0001 2.0127 0.0976323
30.1001 2.0127 0.0976305
30.2001 2.02247 0.0976708
30.3001 2.0127 0.0976713
30.4001 2.0127 0.097672
30.5001 2.0127 0.0976703
30.6001 2.0127 0.0976708
30.7002 2.0127 0.0976704
30.8001 2.0127 0.0976707
30.9001 2.0127 0.0976724
31.0001 2.0127 0.0976353
31.1001 2.0127 0.0976709
31.2001 2.0127 0.0976706
31.3001 2.0127 0.0976322
31.4001 2.0127 0.0976324
31.5001 2.0127 0.09763
31.6001 2.0127 0.0976325
31.7001 2.0127 0.0976719
31.8001 2.0127 0.0976709
31.9001 2.0127 0.0976711
32.0001 2.0127 0.0976334
32.1001 2.0127 0.0976689
32.2001 2.0127 0.0976702
32.3001 2.0127 0.097671
32.4001 2.0127 0.0976705
32.5001 2.0127 0.0976695
32.6001 2.0127 0.0976326
32.7001 2.0127 0.0976716
32.8001 2.0127 0.0976721
32.9001 2.0127 0.0976711
33.0001 2.0127 0.097671
33.1001 2.0127 0.0976711
33.2001 2.0127 0.0976719
33.3001 2.0127 0.0976697
33.4001 2.0127 0.0976696
33.5001 2.0127 0.0976319
33.6001 2.0127 0.0976324
33.7001 2.0127 0.0976709
33.8001 2.0127 0.097672
33.9001 2.0127 0.0976705
34.0001 2.0127 0.0976706
34.1001 2.0127 0.0976702
34.2001 2.0127 0.0976701
34.3001 2.0127 0.0976324
34.4001 2.0127 0.0976328
34.5001 2.0127 0.097632
34.6001 2.0127 0.0976717
34.7001 2.0127 0.0976714
34.8001 2.0127 0.0976714
34.9002 2.0127 0.0976715
35.0002 2.02247 0.0976718
35.1001 2.0127 0.0976696
35.2001 2.0127 0.0976327
35.3001 2.0127 0.0976719
35.4001 2.0127 0.0976695
35.5001 2.0127 0.0976707
35.6001 2.0127 0.0976712
35.7001 2.0127 0.0976705
35.8001 2.02247 0.0976313
35.9001 2.0127 0.0976708
36.0001 2.0127 0.0976713
36.1001 2.0127 0.0976704
36.2001 2.0127 0.09767
36.3001 2.0127 0.0976693
36.4001 2.0127 0.0976693
36.5001 2.0127 0.0976702
36.6001 2.0127 0.0976701
36.7001 2.0127 0.0976328
36.8001 2.0127 0.097633
36.9001 2.0127 0.097633
37.0001 2.0127 0.097672
37.1001 2.0127 0.0976708
37.2001 2.0127 0.0976714
37.3001 2.0127 0.0976707
37.4001 2.0127 0.0976699
37.5001 2.0127 0.097631
37.6001 2.0127 0.0976318
37.7001 2.0127 0.0976714
37.8001 2.0127 0.0976715
37.9001 2.0127 0.097671
38.0001 2.0127 0.0976708
38.1001 2.0127 0.0976707
38.2001 2.0127 0.0976695
38.3001 2.0127 0.0976694
38.4001 2.0127 0.0976691
38.5001 2.0127 0.0976327
38.6001 2.0127 0.0976306
38.7001 2.0127 0.0976317
38.8001 2.0127 0.0976721
38.9001 2.0127 0.0976708
39.0001 2.0127 0.0976712
39.1001 2.0127 0.0976706
39.2001 2.0127 0.0976705
39.3001 2.0127 0.0976334
39.4001 2.0127 0.097632
39.5001 2.0127 0.0976711
39.6001 2.0127 0.0976706
39.7001 2.0127 0.0976716
39.8001 2.0127 0.0976704
39.9001 2.0127 0.0976703
40.0001 2.0127 0.0976698
40.1001 2.0127 0.0976341
40.2001 2.0127 0.0976113
40.3001 2.0127 0.0976658
40.4001 2.0127 0.0976604
40.5001 2.0127 0.0976614
40.6001 2.0127 0.0976626
40.7001 2.0127 0.097663
40.8002 2.0127 0.0976661
40.9002 2.0127 0.0976655
41.0001 2.0127 0.0976681
41.1001 2.0127 0.0976668
41.2001 2.0127 0.0976665
41.3001 2.0127 0.0976681
41.4001 2.0127 0.0976672
41.5001 2.0127 0.0976318
41.6001 2.0127 0.0976709
41.7001 2.0127 0.0976708
41.8001 2.0127 0.0976707
41.9001 2.0127 0.0976712
42.0001 2.0127 0.0976702
42.1001 2.0127 0.0976718
42.2001 2.0127 0.0976697
42.3001 2.0127 0.0976702
42.4001 2.0127 0.0976695
42.5001 2.0127 0.0976678
42.6001 2.0127 0.0976315
42.7001 2.0127 0.0976315
42.8001 2.0127 0.0976715
42.9001 2.0127 0.0976718
43.0001 2.0127 0.0976712
43.1001 2.0127 0.0976718
43.2001 2.0127 0.0976699
43.3001 2.0127 0.0976683
43.4001 2.0127 0.0976673
43.5001 2.0127 0.097631
43.6001 2.0127 0.0976716
43.7001 2.0127 0.0976699
43.8001 2.0127 0.0976707
43.9001 2.0127 0.0976705
44.0001 2.0127 0.0966545
44.1001 2.0127 0.0976262
44.2001 2.0127 0.0976655
44.3002 2.0127 0.0976687
44.4001 2.0127 0.0976673
44.5001 2.0127 0.0976689
44.6001 2.0127 0.0976304
44.7001 2.0127 0.0976294
44.8001 2.0127 0.0976716
44.9001 2.0127 0.0976659
45.0001 2.0127 0.097658
45.1002 2.0127 0.0976634
45.2001 2.0127 0.0976575
45.3001 2.02247 0.0976216
45.4001 2.0127 0.0976226
45.5001 2.0127 0.0976638
45.6001 2.0127 0.0976649
45.7001 2.0127 0.0976635
45.8001 2.0127 0.0976277
45.9001 2.0127 0.0976642
46.0001 2.0127 0.0976644
46.1001 2.0127 0.097664
46.2001 2.0127 0.0976615
46.3001 2.0127 0.0976246
46.4001 2.0127 0.0976652
46.5001 2.0127 0.0976623
46.6001 2.0127 0.0976627
46.7001 2.0127 0.0976636
46.8001 2.0127 0.0976617
46.9001 2.0127 0.097626
47.0001 2.0127 0.0976252
47.1001 2.0127 0.0976639
47.2001 2.0127 0.0976647
47.3001 2.0127 0.0976641
47.4001 2.0127 0.0976625
47.5001 2.0127 0.0976632
47.6001 2.0127 0.0976641
47.7001 2.0127 0.0976629
47.8001 2.0127 0.0976635
47.9001 2.0127 0.0976644
48.0001 2.0127 0.0976627
48.1001 2.0127 0.0976218
48.2001 2.0127 0.0976647
48.3001 2.0127 0.097662
48.4001 2.0127 0.0976632
48.5001 2.0127 0.0976636
48.6001 2.0127 0.0976619
48.7001 2.0127 0.0976615
48.8001 2.0127 0.0976635
48.9001 2.0127 0.0976243
49.0001 2.0127 0.0976264
49.1001 2.0127 0.097665
49.2001 2.0127 0.0976642
49.3001 2.0127 0.0976646
49.4001 2.0127 0.0976635
49.5001 2.0127 0.0976634
49.6001 2.0127 0.0976646
49.7001 2.0127 0.0976649
49.8001 2.0127 0.0976634
49.9001 2.0127 0.0976629
50.0001 2.0127 0.0976646
50.1001 2.0127 0.0976252
50.2001 2.0127 0.0976651
50.3001 2.0127 0.0976638
50.4001 2.0127 0.0976648
50.5001 2.0127 0.0976623
50.6001 2.0127 0.0976622
50.7001 2.0127 0.0976612
50.8001 2.0127 0.0976627
50.9001 2.0127 0.0976239
51.0001 2.0127 0.0976638
51.1001 2.0127 0.0976639
51.2001 2.0127 0.0976644
51.3001 2.0127 0.0976635
51.4001 2.0127 0.097663
51.5001 2.0127 0.0975919
51.6001 2.0127 0.0976242
51.7001 2.0127 0.0976642
51.8001 2.0127 0.0976635
51.9001 2.0127 0.0976642
52.0001 2.0127 0.0976625
52.1001 2.0127 0.0976641
52.2001 2.0127 0.0976639
52.3001 2.0127 0.0976636
52.4001 2.0127 0.0976272
52.5001 2.0127 0.0976254
52.6001 2.0127 0.0976634
52.7001 2.0127 0.0976641
52.8001 2.0127 0.0976623
52.9001 2.0127 0.097663
53.0001 2.0127 0.0976633
53.1001 2.0127 0.0976641
53.2001 2.0127 0.0976631
53.3001 2.0127 0.0976624
53.4001 2.0127 0.0976612
53.5001 2.0127 0.097626
53.6001 2.0127 0.0976249
53.7001 2.0127 0.0976658
53.8001 2.0127 0.0976634
53.9001 2.0127 0.0976636
54.0001 2.0127 0.097664
54.1002 2.0127 0.0976644
54.2001 2.0127 0.0976635
54.3001 2.0127 0.0976629
54.4001 2.0127 0.0976256
54.5001 2.0127 0.0976248
54.6001 2.0127 0.097667
54.7001 2.0127 0.0976643
54.8001 2.0127 0.097663
54.9001 2.0127 0.0976642
55.0001 2.0127 0.0976649
55.1001 2.0127 0.0976648
55.2001 2.0127 0.097663
55.3001 2.0127 0.0976626
55.4001 2.0127 0.0976631
55.5001 2.0127 0.0976653
55.6001 2.0127 0.0976265
55.7001 2.0127 0.0976642
55.8001 2.0127 0.0976646
55.9001 2.0127 0.0976635
56.0001 2.0127 0.0976635
56.1001 2.0127 0.0976637
56.2001 2.02247 0.097626
56.3001 2.0127 0.0976264
56.4001 2.0127 0.097665
56.5001 2.0127 0.0976627
56.6001 2.0127 0.097664
56.7001 2.0127 0.0976637
56.8001 2.0127 0.0976634
56.9001 2.0127 0.0976627
57.0001 2.0127 0.0976252
57.1001 2.0127 0.0976266
57.2001 2.0127 0.0976641
57.3001 2.0127 0.0976643
57.4002 2.0127 0.0976632
57.5001 2.0127 0.0976634
57.6001 2.0127 0.0976632
57.7001 2.0127 0.0976248
57.8001 2.0127 0.0976642
57.9001 2.0127 0.0976645
58.0001 2.0127 0.0976637
58.1001 2.0127 0.0976648
58.2001 2.0127 0.0976626
58.3001 2.0127 0.0976631
58.4001 2.0127 0.0976631
58.5001 2.0127 0.097663
58.6001 2.0127 0.0976631
58.7001 2.0127 0.0976261
58.8001 2.0127 0.0976259
58.9001 2.0127 0.0976255
59.0001 2.0127 0.0976634
59.1001 2.02247 0.0976628
59.2001 2.0127 0.0976655
59.3001 2.0127 0.0976645
59.4001 2.0127 0.0976634
59.5001 2.0127 0.0976639
59.6001 2.0127 0.0976636
59.7001 2.0127 0.0976691
59.8001 2.0127 0.0976695
59.9001 2.0127 0.09767
60.0001 2.0127 0.0976326
60.1001 2.0127 0.09767
60.2001 2.0127 0.0976717
60.3001 2.0127 0.0976703
60.4001 2.0127 0.0976711
60.5001 2.0127 0.0976691
60.6001 2.02247 0.0976593
60.7001 2.0127 0.0976245
60.8001 2.0127 0.0976664
60.9001 2.0127 0.0976687
61.0001 2.02247 0.0976713
61.1001 2.0127 0.0976686
61.2001 2.0127 0.0976694
61.3001 2.0127 0.0976699
61.4001 2.0127 0.0976695
61.5002 2.0127 0.0976703
61.6001 2.0127 0.0976705
61.7001 2.0127 0.0976722
61.8001 2.0127 0.09767
61.9001 2.0127 0.0976333
62.0001 2.02247 0.0976733
62.1001 2.0127 0.0976719
62.2001 2.0127 0.0976713
62.3001 2.0127 0.0976716
62.4001 2.0127 0.0976711
62.5001 2.0127 0.0976696
62.6001 2.0127 0.0976322
62.7001 2.0127 0.0976361
62.8001 2.0127 0.097672
62.9001 2.0127 0.0976728
63.0001 2.0127 0.0976708
63.1001 2.0127 0.0976722
63.2001 2.0127 0.0976711
63.3001 2.0127 0.0976698
63.4001 2.0127 0.097669
63.5001 2.0127 0.0976712
63.6001 2.0127 0.0976705
63.7001 2.0127 0.0976709
63.8001 2.0127 0.0976707
63.9001 2.0127 0.0976707
64.0001 2.02247 0.0976704
64.1001 2.0127 0.0976348
64.2001 2.0127 0.0976334
64.3001 2.0127 0.0976716
64.4001 2.0127 0.097672
64.5001 2.0127 0.0976703
64.6001 2.0127 0.0976711
64.7001 2.0127 0.0976719
64.8001 2.0127 0.0976713
64.9001 2.0127 0.0976333
65.0001 2.0127 0.0976738
65.1001 2.0127 0.0976716
65.2001 2.0127 0.0976716
65.3001 2.0127 0.0976703
65.4001 2.0127 0.0976697
65.5001 2.0127 0.0976345
65.6001 2.0127 0.0976713
65.7001 2.0127 0.0976725
65.8001 2.0127 0.0976723
65.9001 2.0127 0.0976729
66.0001 2.0127 0.0976718
66.1001 2.0127 0.0976726
66.2001 2.0127 0.0976721
66.3001 2.0127 0.0976713
66.4001 2.0127 0.0976722
66.5001 2.0127 0.0976711
66.6001 2.0127 0.0976118
66.7001 2.0127 0.09767
66.8001 2.0127 0.0976684
66.9001 2.0127 0.0976709
67.0001 2.0127 0.0976702
67.1002 2.0127 0.0976681
67.2001 2.0127 0.0976704
67.3002 2.0127 0.097663
67.4001 2.0127 0.0976665
67.5001 2.0127 0.0976669
67.6001 2.0127 0.0976605
67.7001 2.0127 0.0976244
67.8001 2.0127 0.0976698
67.9001 2.0127 0.0976712
68.0001 2.0127 0.0976624
68.1001 2.0127 0.0976655
68.2002 2.0127 0.0976662
68.3002 2.0127 0.0976538
68.4001 2.0127 0.0976564
68.5001 2.0127 0.0976652
68.6001 2.0127 0.0976477
68.7001 2.0127 0.0976547
68.8001 2.0127 0.0976496
68.9001 2.0127 0.0976531
69.0001 2.0127 0.097594
69.1001 2.0127 0.0976553
69.2001 2.0127 0.0976591
69.3001 2.0127 0.0976641
69.4002 2.0127 0.0976602
69.5001 2.0127 0.097663
69.6002 2.0127 0.0976596
69.7001 2.0127 0.0976613
69.8001 2.0127 0.0976633
69.9001 2.0127 0.0976251
70.0001 2.0127 0.0976633
70.1001 2.0127 0.0976158
70.2001 2.0127 0.0976608
70.3002 2.0127 0.0976646
70.4002 2.0127 0.0976591
70.5002 2.0127 0.0976098
70.6002 2.0127 0.0976568
70.7001 2.0127 0.0976586
70.8001 2.0127 0.0976619
70.9001 2.0127 0.0976235
71.0001 2.0127 0.0976626
71.1001 2.0127 0.097661
71.2001 2.0127 0.0976692
71.3001 2.0127 0.0976655
71.4001 2.0127 0.0976682
71.5001 2.0127 0.0976694
71.6002 2.0127 0.0976632
71.7002 2.0127 0.0976688
71.8001 2.0127 0.0976676
71.9001 2.0127 0.0976686
72.0001 2.0127 0.0976698
72.1001 2.0127 0.0976259
72.2001 2.0127 0.0976698
72.3001 2.0127 0.0976696
72.4001 2.0127 0.097672
72.5001 2.0127 0.0976697
72.6001 2.0127 0.0976721
72.7001 2.0127 0.09767
72.8001 2.0127 0.0976694
72.9001 2.0127 0.097671
73.0001 2.02247 0.0976329
73.1001 2.0127 0.0976712
73.2001 2.0127 0.0976704
73.3001 2.0127 0.0976699
73.4001 2.0127 0.0976661
73.5001 2.0127 0.0976621
73.6001 2.0127 0.0976265
73.7001 2.0127 0.097628
73.8001 2.0127 0.0976671
73.9001 2.0127 0.0976328
74.0002 2.0127 0.0976708
74.1002 2.0127 0.0976707
74.2001 2.0127 0.0976716
74.3001 2.0127 0.0976717
74.4001 2.0127 0.0976719
74.5001 2.0127 0.097668
74.6001 2.0127 0.0976302
74.7001 2.0127 0.0976699
74.8001 2.0127 0.0976667
74.9001 2.0127 0.0976704
75.0001 2.0127 0.0976699
75.1002 2.02247 0.0976684
75.2001 2.0127 0.0976699
75.3001 2.0127 0.0976685
75.4001 2.0127 0.0976695
75.5001 2.0127 0.097669
75.6001 2.0127 0.0976698
75.7001 2.0127 0.0976705
75.8001 2.0127 0.0976675
75.9001 2.0127 0.0976304
76.0001 2.0127 0.0976324
76.1001 2.0127 0.0976264
76.2001 2.0127 0.0976709
76.3001 2.0127 0.0976702
76.4001 2.0127 0.0976718
76.5001 2.0127 0.0976705
76.6001 2.0127 0.0976711
76.7001 2.0127 0.0976699
76.8001 2.0127 0.0976696
76.9001 2.0127 0.0976325
77.0001 2.0127 0.09763
77.1001 2.0127 0.0976715
77.2001 2.0127 0.0976711
77.3001 2.0127 0.0976724
77.4001 2.0127 0.0976677
77.5002 2.0127 0.0976703
77.6001 2.0127 0.0976686
77.7001 2.0127 0.0976312
77.8001 2.0127 0.0976291
77.9001 2.0127 0.0976721
78.0001 2.0127 0.097671
78.1001 2.0127 0.0976707
78.2001 2.0127 0.0976699
78.3001 2.0127 0.0976679
78.4001 2.0127 0.0976682
78.5001 2.0127 0.0976695
78.6001 2.0127 0.0976701
78.7001 2.0127 0.0976694
78.8001 2.0127 0.0976765
78.9001 2.0127 0.0976332
79.0001 2.0127 0.0976302
79.1001 2.0127 0.097603
79.2001 2.0127 0.097668
79.3001 2.0127 0.0976721
79.4001 2.0127 0.0976697
79.5001 2.0127 0.0976707
79.6001 2.0127 0.0976711
79.7001 2.0127 0.0976723
79.8001 2.0127 0.0976692
79.9001 2.0127 0.0976311
80.0001 2.0127 0.0976338
80.1001 2.0127 0.0976716
80.2001 2.0127 0.0976714
80.3001 2.0127 0.097671
80.4001 2.0127 0.0976722
80.5002 2.0127 0.0976695
80.6001 2.0127 0.0976711
80.7001 2.0127 0.0976714
80.8001 2.0127 0.0976712
80.9001 2.0127 0.0976708
81.0001 2.0127 0.0976337
81.1001 2.0127 0.0976334
81.2001 2.0127 0.0976723
81.3001 2.0127 0.097672
81.4001 2.0127 0.0976708
81.5001 2.0127 0.097671
81.6001 2.0127 0.0976715
81.7002 2.0127 0.0976645
81.8002 2.0127 0.097661
81.9002 2.0127 0.0976588
82.0001 2.0127 0.097662
82.1001 2.0127 0.0966626
82.2001 2.0127 0.0976087
82.3001 2.0127 0.097617
82.4001 2.0127 0.0976642
82.5001 2.0127 0.0976585
82.6001 2.0127 0.0976691
82.7002 2.0127 0.0976604
82.8002 2.0127 0.0976549
82.9002 2.0127 0.0976599
83.0001 2.0127 0.0976613
83.1001 2.0127 0.0976232
83.2001 2.0127 0.0976632
83.3001 2.0127 0.0976643
83.4001 2.0127 0.0976594
83.5002 2.0127 0.0976658
83.6001 2.0127 0.0976658
83.7001 2.0127 0.0976666
83.8001 2.0127 0.0976655
83.9001 2.0127 0.0976651
84.0001 2.0127 0.0976274
84.1001 2.0127 0.0976657
84.2001 2.02247 0.0976644
84.3001 2.0127 0.0976659
84.4001 2.0127 0.0976674
84.5001 2.0127 0.097666
84.6001 2.0127 0.0976662
84.7001 2.0127 0.0976668
84.8001 2.0127 0.0976667
84.9001 2.0127 0.0976662
85.0001 2.02247 0.0976661
85.1001 2.0127 0.0976276
85.2001 2.0127 0.0976288
85.3001 2.0127 0.097629
85.4001 2.0127 0.0976662
85.5001 2.0127 0.0976666
85.6001 2.0127 0.0976672
85.7001 2.0127 0.097667
85.8001 2.0127 0.0966648
85.9001 2.0127 0.0976255
86.0001 2.0127 0.0976645
86.1001 2.0127 0.0976642
86.2001 2.0127 0.0976648
86.3001 2.0127 0.0976659
86.4001 2.0127 0.0976663
86.5001 2.0127 0.0976661
86.6001 2.0127 0.0976663
86.7001 2.0127 0.0976666
86.8001 2.0127 0.0976651
86.9001 2.0127 0.0976662
87.0001 2.0127 0.0976661
87.1001 2.0127 0.0976289
87.2001 2.0127 0.0976677
87.3001 2.0127 0.0976672
87.4001 2.0127 0.0976637
87.5001 2.0127 0.0976655
87.6001 2.0127 0.0976557
87.7002 2.0127 0.097665
87.8001 2.0127 0.0976652
87.9001 2.0127 0.0976628
88.0001 2.0127 0.0976275
88.1001 2.0127 0.0976221
88.2001 2.0127 0.0976155
88.3001 2.0127 0.0976625
88.4001 2.0127 0.097665
88.5001 2.0127 0.0976649
88.6002 2.0127 0.0976663
88.7001 2.0127 0.0976654
88.8001 2.0127 0.0976638
88.9001 2.0127 0.0976652
89.0001 2.0127 0.0976657
89.1001 2.0127 0.097666
89.2001 2.0127 0.0976251
89.3001 2.0127 0.0976294
89.4001 2.0127 0.0976652
89.5001 2.0127 0.0976661
89.6001 2.0127 0.0976661
89.7001 2.0127 0.0976656
89.8001 2.0127 0.0976668
89.9001 2.0127 0.097667
90.0001 2.0127 0.0976666
90.1001 2.0127 0.0976278
90.2001 2.0127 0.0976662
90.3001 2.0127 0.0976643
90.4001 2.0127 0.0976657
90.5001 2.0127 0.0976649
90.6001 2.0127 0.0976668
90.7001 2.0127 0.0976665
90.8001 2.02247 0.0976655
90.9001 2.0127 0.0976291
91.0001 2.0127 0.0976665
91.1001 2.0127 0.0976634
91.2001 2.0127 0.0976647
91.3002 2.02247 0.0976641
91.4001 2.0127 0.097665
91.5001 2.0127 0.0976659
91.6001 2.0127 0.097628
91.7001 2.0127 0.097667
91.8001 2.0127 0.0976655
91.9001 2.0127 0.0976673
92.0001 2.0127 0.0976674
92.1001 2.0127 0.0976675
92.2001 2.0127 0.0976664
92.3001 2.0127 0.0976643
92.4001 2.0127 0.0976641
92.5001 2.0127 0.0976652
92.6001 2.0127 0.0976649
92.7001 2.0127 0.0976286
92.8001 2.0127 0.0976292
92.9001 2.0127 0.0976283
93.0001 2.0127 0.0976257
93.1001 2.0127 0.097628
93.2001 2.0127 0.0976266
93.3001 2.0127 0.0976646
93.4001 2.0127 0.0976637
93.5001 2.0127 0.097666
93.6001 2.02247 0.0976664
93.7001 2.0127 0.0976662
93.8001 2.0127 0.097666
93.9001 2.0127 0.0976671
94.0001 2.0127 0.0976647
94.1001 2.02247 0.0976665
94.2001 2.0127 0.0976264
94.3001 2.0127 0.0976674
94.4001 2.0127 0.0976657
94.5001 2.02247 0.0976633
94.6001 2.0127 0.0976647
94.7001 2.0127 0.0976669
94.8001 2.0127 0.0976278
94.9001 2.0127 0.0976673
95.0001 2.0127 0.0976657
95.1001 2.0127 0.0976669
95.2001 2.0127 0.0976656
95.3001 2.0127 0.0976653
95.4001 2.0127 0.0976662
95.5001 2.0127 0.0976286
95.6001 2.0127 0.0976213
95.7001 2.0127 0.0976664
95.8001 2.0127 0.0976652
95.9001 2.0127 0.097668
96.0001 2.0127 0.0976657
96.1001 2.02247 0.0976675
96.2001 2.0127 0.0976684
96.3001 2.0127 0.0976652
96.4001 2.0127 0.0976643
96.5001 2.0127 0.0976257
96.6001 2.0127 0.0976278
96.7001 2.0127 0.097668
96.8001 2.0127 0.0976309
96.9001 2.0127 0.0976659
97.0001 2.0127 0.097666
97.1001 2.0127 0.0976664
97.2001 2.0127 0.0976655
97.3001 2.0127 0.097666
97.4001 2.0127 0.0976558
97.5001 2.0127 0.0976645
97.6001 2.0127 0.0976189
97.7001 2.0127 0.097629
97.8001 2.0127 0.0976649
97.9001 2.0127 0.0976652
98.0001 2.0127 0.097665
98.1001 2.0127 0.0976692
98.2001 2.0127 0.0976648
98.3001 2.0127 0.0976632
98.4001 2.0127 0.0975899
98.5001 2.0127 0.0976257
98.6001 2.0127 0.0976237
98.7001 2.0127 0.0976657
98.8001 2.0127 0.0976663
98.9001 2.0127 0.0976672
99.0001 2.0127 0.0976664
99.1001 2.0127 0.097667
99.2001 2.0127 0.0976674
99.3001 2.0127 0.097666
99.4001 2.0127 0.0976662
99.5001 2.0127 0.0976672
99.6001 2.0127 0.0976665
99.7001 2.0127 0.097628
99.8001 2.0127 0.0976648
99.9001 2.0127 0.0976663
100 2.0127 0.0976674
100.1 2.0127 0.0976664
100.2 2.0127 0.0976663
100.3 2.0127 0.0976657
100.4 2.0127 0.097665
100.5 2.0127 0.0976653
100.6 2.0127 0.0976182
100.7 2.0127 0.0976153
100.8 2.0127 0.0976622
100.9 2.0127 0.0976612
101 2.0127 0.0976651
101.1 2.0127 0.0976656
101.2 2.0127 0.0976667
101.3 2.0127 0.0976605
101.4 2.0127 0.0976577
101.5 2.0127 0.0976259
101.6 2.02247 0.097622
101.7 2.0127 0.0976646
101.8 2.0127 0.0976662
101.9 2.0127 0.0976655
102 2.0127 0.0976658
102.1 2.0127 0.0976645
102.2 2.0127 0.0976298
102.3 2.0127 0.097626
