9.37e-07 0 0.00198328
0.00222214 0 0.00177318
0.00411953 0 0.00187536
0.00611208 0 0.00188422
0.0081075 0 0.00188516
0.0101116 0 0.00188307
0.0121052 0 0.00189198
0.0141154 0 0.00188026
0.0161153 0 0.0018801
0.0181112 0 0.0018838
0.0201169 0 0.00187807
0.0221246 0 0.00187146
0.0241121 0 0.00188365
0.0261022 0 0.00189344
0.0281119 0 0.00188432
0.0301081 0 0.00188458
0.0321168 0 0.00187885
0.0341042 0 0.00189281
0.036116 0 0.00187927
0.0381136 0 0.00188104
0.0401113 0 0.00188469
0.0421154 0 0.00187974
0.0441018 0 0.00189391
0.0461002 0 0.00189552
0.0481069 0 0.00188682
0.0501097 0 0.00188479
0.0521036 0 0.00189313
0.0541143 0 0.00188141
0.0561168 0 0.00187943
0.0581188 0 0.00187776
0.0601027 0 0.00189339
0.062116 0 0.00187984
0.0641015 0 0.00189495
0.0660996 0 0.00189656
0.0681068 0 0.00188781
0.0701002 0 0.0018963
0.0721061 0 0.00188818
0.0741008 0 0.00188437
0.0761107 0 0.00188568
0.0781041 0 0.00189203
0.0801032 0 0.00189297
0.0821046 0 0.0018888
0.0841042 0 0.00189156
0.0861118 0 0.00188427
0.0881147 0 0.00188172
0.090108 0 0.00188589
0.0921059 0 0.0018887
0.0940938 0 0.00190193
0.0960989 0 0.00189703
0.0981058 0 0.00188875
0.100101 0 0.00189531
0.102105 0 0.00188932
0.104103 0 0.00189307
0.106108 0 0.00188672
0.108105 0 0.00189125
0.110091 0 0.00190412
0.112121 0 0.00187339
0.114109 0 0.00188583
0.116112 0 0.00188474
0.1181 0 0.00189646
0.120108 0 0.00188661
0.122105 0 0.00189182
0.124105 0 0.00189141
0.126102 0 0.00189443
0.128105 0 0.00188958
0.130105 0 0.00189026
0.132102 0 0.00189464
0.134104 0 0.0018924
0.136104 0 0.0018926
0.138103 0 0.00189203
0.140108 0 0.00188573
0.142118 0 0.00187875
0.144096 0 0.00190094
0.146085 0 0.00191328
0.148084 0 0.001915
0.150095 0 0.0019038
0.152084 0 0.00191479
0.154083 0 0.00191583
0.156083 0 0.00191578
0.158083 0 0.00191516
0.160086 0 0.00191224
0.162086 0 0.00191203
0.164083 0 0.00191563
0.166082 0 0.00191687
0.168082 0 0.00191656
0.170086 0 0.00191312
0.172082 0 0.00191693
0.174106 0 0.00188823
0.176086 0 0.00191255
0.178079 0 0.00191938
0.180085 0 0.00191318
0.182082 0 0.00191703
0.184079 0 0.00191875
0.186079 0 0.00191964
0.188079 0 0.00191927
0.190081 0 0.00191724
0.19208 0 0.00191865
0.194079 0 0.00191927
0.196079 0 0.00192016
0.198079 0 0.00192005
0.200081 0 0.00191719
0.202079 0 0.00191912
0.204079 0 0.00191958
0.206078 0 0.00192031
0.208079 0 0.00191984
0.210085 0 0.00191385
0.212084 0 0.0019149
0.214083 0 0.00191609
0.216082 0 0.00191682
0.218082 0 0.00191651
0.220084 0 0.00191458
0.222082 0 0.00191641
0.224082 0 0.00191682
0.226082 0 0.00191682
0.228082 0 0.00191677
0.230084 0 0.00191464
0.232082 0 0.00191646
0.234082 0 0.00191646
0.236083 0 0.00191599
0.238082 0 0.00191651
0.240086 0 0.0019126
0.242083 0 0.0019151
0.244083 0 0.00191599
0.246082 0 0.00191667
0.248082 0 0.00191635
0.250086 0 0.0019125
0.252082 0 0.00191656
0.254082 0 0.00191667
0.256082 0 0.00191693
0.258082 0 0.00191661
0.260082 0 0.00191635
0.262082 0 0.00191646
0.264082 0 0.00191677
0.266082 0 0.00191662
0.268082 0 0.00191667
0.270083 0 0.00191542
0.272082 0 0.00191667
0.274082 0 0.00191661
0.276083 0 0.00191615
0.278082 0 0.00191646
0.280086 0 0.00191266
0.282083 0 0.00191521
0.284083 0 0.00191573
0.286082 0 0.00191646
0.288082 0 0.00191661
0.290086 0 0.00191276
0.292082 0 0.00191641
0.294082 0 0.00191667
0.296082 0 0.00191677
0.298082 0 0.00191656
0.300083 0 0.00191594
0.302082 0 0.00191646
0.304082 0 0.00191641
0.306082 0 0.00191693
0.308082 0 0.00191667
0.310086 0 0.00191271
0.312082 0 0.00191609
0.314082 0 0.00191656
0.316082 0 0.00191635
0.318082 0 0.00191693
0.320086 0 0.00191297
0.322083 0 0.00191557
0.324083 0 0.00191537
0.326082 0 0.00191635
0.328082 0 0.00191661
0.330086 0 0.00191271
0.332082 0 0.0019163
0.334082 0 0.00191656
0.336082 0 0.00191656
0.338082 0 0.00191646
0.340082 0 0.00191677
0.342082 0 0.00191651
0.344082 0 0.00191667
0.346082 0 0.00191677
0.348082 0 0.00191693
0.350086 0 0.00191276
0.352082 0 0.00191625
0.354082 0 0.00191693
0.356082 0 0.00191687
0.358082 0 0.00191677
0.360086 0 0.00191276
0.362083 0 0.00191526
0.364082 0 0.00191625
0.366082 0 0.00191656
0.368082 0 0.00191682
0.370085 0 0.00191328
0.372082 0 0.00191656
0.374093 0 0.0019026
0.376083 0 0.00191557
0.378079 0 0.00191964
0.380082 0 0.00191573
0.382082 0 0.00191693
0.384079 0 0.00192
0.386078 0 0.00192042
0.388079 0 0.00191932
0.39008 0 0.00191818
0.392079 0 0.00191906
0.394079 0 0.00192016
0.396079 0 0.00191906
0.398079 0 0.00192005
0.400081 0 0.00191703
0.402082 0 0.0019163
0.40408 0 0.00191917
0.406079 0 0.00192
0.408078 0 0.00192021
0.410085 0 0.00191328
0.412084 0 0.00191401
0.414082 0 0.00191625
0.416082 0 0.0019163
0.418082 0 0.00191661
0.420083 0 0.00191573
0.422082 0 0.00191625
0.424082 0 0.00191656
0.426082 0 0.00191656
0.428084 0 0.00191438
0.430086 0 0.00191224
0.432082 0 0.00191656
0.434082 0 0.00191693
0.436058 0 0.00194057
0.438163 0 0.00183005
0.440113 0 0.00188557
0.442085 0 0.00191385
0.444084 0 0.00191438
0.446083 0 0.00191542
0.448083 0 0.00191568
0.450086 0 0.00191229
0.452083 0 0.00191589
0.454082 0 0.0019162
0.456082 0 0.00191651
0.458082 0 0.00191656
0.460083 0 0.00191552
0.462083 0 0.00191573
0.464082 0 0.0019163
0.466082 0 0.00191625
0.468082 0 0.00191646
0.470086 0 0.00191255
0.472084 0 0.00191458
0.474082 0 0.0019162
0.476082 0 0.00191641
0.478082 0 0.00191651
0.480085 0 0.00191328
0.482083 0 0.00191573
0.484082 0 0.00191646
0.486082 0 0.0019162
0.488082 0 0.00191687
0.490086 0 0.0019125
0.492083 0 0.00191594
0.494082 0 0.00191651
0.496082 0 0.00191625
0.498082 0 0.0019163
0.500082 0 0.00191646
0.502082 0 0.00191656
0.504082 0 0.00191635
0.506082 0 0.00191656
0.508082 0 0.00191677
0.510084 0 0.00191422
0.512083 0 0.00191542
0.514082 0 0.00191667
0.516082 0 0.00191651
0.518082 0 0.00191635
0.520087 0 0.00191172
0.522082 0 0.0019163
0.524082 0 0.00191641
0.526082 0 0.00191667
0.528082 0 0.00191651
0.530086 0 0.00191292
0.532083 0 0.00191594
0.534082 0 0.00191635
0.536082 0 0.00191656
0.538082 0 0.00191646
0.540082 0 0.00191625
0.542082 0 0.00191635
0.544082 0 0.00191656
0.546082 0 0.00191646
0.548082 0 0.00191635
0.550086 0 0.00191271
0.552084 0 0.00191484
0.554083 0 0.00191615
0.556082 0 0.00191635
0.558082 0 0.00191672
0.560086 0 0.0019125
0.562083 0 0.00191615
0.564082 0 0.00191635
0.566082 0 0.00191641
0.568082 0 0.00191667
0.570085 0 0.00191339
0.572088 0 0.00191042
0.574099 0 0.00189833
0.576084 0 0.00191469
0.578079 0 0.00191979
0.580085 0 0.00191323
0.582081 0 0.00191734
0.584079 0 0.00192
0.586078 0 0.00192042
0.588079 0 0.00191958
0.590081 0 0.00191708
0.592082 0 0.0019163
0.594079 0 0.00191969
0.596079 0 0.00191932
0.598081 0 0.00191766
0.600085 0 0.00191302
0.602081 0 0.00191812
0.604079 0 0.00191938
0.606078 0 0.00192021
0.608079 0 0.00191995
0.610081 0 0.00191755
0.61208 0 0.00191901
0.614089 0 0.00190901
0.616082 0 0.00191641
0.618079 0 0.00191979
0.620081 0 0.0019174
0.62208 0 0.00191828
0.624079 0 0.00191995
0.626078 0 0.00192016
0.628078 0 0.00192021
0.630087 0 0.00191109
0.632084 0 0.001915
0.634083 0 0.00191552
0.636083 0 0.00191537
0.638083 0 0.00191547
0.640084 0 0.00191432
0.642079 0 0.00191974
0.644079 0 0.00191953
0.646079 0 0.00191995
0.648078 0 0.00192031
0.650084 0 0.00191448
0.652083 0 0.00191568
0.654082 0 0.00191636
0.656082 0 0.00191641
0.658082 0 0.0019163
0.660083 0 0.00191557
0.662082 0 0.00191698
0.664082 0 0.00191656
0.666082 0 0.00191656
0.668082 0 0.00191667
0.670086 0 0.00191224
0.672083 0 0.00191604
0.674082 0 0.00191646
0.676083 0 0.00191615
0.678082 0 0.00191667
0.680087 0 0.00191208
0.682084 0 0.00191453
0.684083 0 0.00191604
0.686082 0 0.0019163
0.688082 0 0.00191636
0.690083 0 0.00191521
0.692082 0 0.00191646
0.694082 0 0.0019162
0.696083 0 0.00191625
0.698083 0 0.00191615
0.700083 0 0.00191604
0.702082 0 0.00191636
0.704082 0 0.0019163
0.706082 0 0.00191651
0.708082 0 0.00191641
0.710087 0 0.00191182
0.712083 0 0.00191609
0.714082 0 0.00191646
0.716082 0 0.00191641
0.718082 0 0.00191672
0.720087 0 0.00191203
0.722083 0 0.00191495
0.724083 0 0.00191589
0.726083 0 0.00191594
0.728082 0 0.00191651
0.730083 0 0.00191599
0.732082 0 0.00191651
0.734082 0 0.00191667
0.736082 0 0.00191656
0.738082 0 0.00191667
0.740082 0 0.00191609
0.742082 0 0.00191641
0.744082 0 0.00191646
0.746082 0 0.00191661
0.748275 0 0.00172307
0.750101 0 0.00189677
0.752101 0 0.00189708
0.754099 0 0.00189943
0.756099 0 0.00189912
0.758099 0 0.00189922
0.760105 0 0.00189297
0.762099 0 0.00189922
0.764098 0 0.00189953
0.766098 0 0.00190011
0.768098 0 0.00189969
0.770103 0 0.00189474
0.772098 0 0.00190026
0.774345 0 0.00164912
0.776106 0 0.00189109
0.778095 0 0.00190224
0.7801 0 0.00189807
0.782095 0 0.00190313
0.784093 0 0.00190511
0.786093 0 0.0019049
0.788093 0 0.00190537
0.790096 0 0.00190146
0.792094 0 0.00190396
0.794093 0 0.00190516
0.796092 0 0.00190521
0.798093 0 0.00190537
0.800097 0 0.00190083
0.802093 0 0.00190448
0.804093 0 0.00190469
0.806092 0 0.00190589
0.808093 0 0.00190547
0.810101 0 0.0018962
0.8121 0 0.00189771
0.814099 0 0.00189922
0.816098 0 0.00189984
0.818098 0 0.0019
0.8201 0 0.00189844
0.822098 0 0.00189979
0.824098 0 0.00190052
0.826098 0 0.00189995
0.828099 0 0.00189948
0.830104 0 0.00189359
0.832099 0 0.00189896
0.834098 0 0.00189948
0.836098 0 0.00189979
0.838098 0 0.00190016
0.840104 0 0.00189417
0.842099 0 0.00189938
0.844098 0 0.00189948
0.846098 0 0.00190011
0.848149 0 0.00184917
0.850108 0 0.00188875
0.852099 0 0.00189859
0.854099 0 0.00189953
0.856108 0 0.00188734
0.8581 0 0.0018974
0.860102 0 0.00189562
0.8621 0 0.00189813
0.864098 0 0.00189984
0.866098 0 0.00190016
0.868098 0 0.00190005
0.870105 0 0.0018925
0.872099 0 0.00189854
0.874097 0 0.00190036
0.876098 0 0.0019
0.878098 0 0.00190031
0.880103 0 0.00189469
0.882102 0 0.00189594
0.8841 0 0.00189839
0.886098 0 0.00189984
0.888098 0 0.0018999
0.890104 0 0.00189386
0.892099 0 0.00189953
0.894099 0 0.00189932
0.896098 0 0.00190026
0.898098 0 0.0018999
0.9001 0 0.00189766
0.902099 0 0.00189958
0.904098 0 0.00190016
0.906099 0 0.00189896
0.908098 0 0.00190005
0.9101 0 0.00189787
0.912099 0 0.00189927
0.914098 0 0.00189953
0.9161 0 0.00189818
0.918098 0 0.00189964
0.920105 0 0.00189276
0.922101 0 0.00189672
0.924099 0 0.00189932
0.926098 0 0.00190026
0.928098 0 0.0018999
0.930104 0 0.00189375
0.932099 0 0.00189891
0.934098 0 0.0018999
0.936098 0 0.00189964
0.938098 0 0.00190005
0.940099 0 0.00189922
0.942098 0 0.00189995
0.944098 0 0.00189979
0.946098 0 0.00189974
0.948147 0 0.0018512
0.950108 0 0.00188953
0.9521 0 0.00189828
0.954099 0 0.00189938
0.956098 0 0.00189964
0.958098 0 0.00189964
0.960104 0 0.0018938
0.962099 0 0.00189906
0.964098 0 0.00189969
0.966098 0 0.00189995
0.968098 0 0.00189958
0.970103 0 0.00189526
0.972098 0 0.0018999
0.974097 0 0.00190047
0.976109 0 0.00188667
0.9781 0 0.00189802
0.980098 0 0.00189979
0.982095 0 0.00190266
0.984093 0 0.00190511
0.986093 0 0.00190505
0.988093 0 0.00190464
0.990098 0 0.00189917
0.992096 0 0.00190224
0.994093 0 0.00190511
0.996093 0 0.0019049
0.998093 0 0.00190516
1.0001 0 0.00190146
1.00209 0 0.00190307
1.00409 0 0.00190417
1.00609 0 0.00190531
1.00809 0 0.00190521
1.0101 0 0.00189604
1.0121 0 0.00189807
1.0141 0 0.00189938
1.0161 0 0.00189943
1.0181 0 0.0019
1.0201 0 0.00189807
1.0221 0 0.00189984
1.0241 0 0.00190021
1.0261 0 0.00189969
1.0281 0 0.00190016
1.0301 0 0.00189443
1.0321 0 0.00189828
1.0341 0 0.00189901
1.0361 0 0.00189948
1.0381 0 0.00189979
1.0401 0 0.00189359
1.0421 0 0.00189958
1.0441 0 0.00189948
1.0461 0 0.00189927
1.04815 0 0.00184865
1.05011 0 0.00188813
1.0521 0 0.0018976
1.0541 0 0.00189891
1.0561 0 0.00189943
1.0581 0 0.00189912
1.0601 0 0.00189886
1.0621 0 0.00189948
1.0641 0 0.0019
1.0661 0 0.00189912
1.0681 0 0.00189938
1.0701 0 0.00189386
1.0721 0 0.00189875
1.0741 0 0.00189964
1.0761 0 0.00189984
1.0781 0 0.00189922
1.0801 0 0.00189391
1.0821 0 0.00189906
1.0841 0 0.00189896
1.0861 0 0.00189969
1.0881 0 0.00189938
1.0901 0 0.00189359
1.0921 0 0.00189886
1.0941 0 0.00189964
1.0961 0 0.00189984
1.0981 0 0.00189953
1.1001 0 0.00189891
1.1021 0 0.0018999
1.1041 0 0.00189964
1.1061 0 0.00189828
1.1081 0 0.00189995
1.1101 0 0.00189865
1.1121 0 0.00189927
1.1141 0 0.00189969
1.1161 0 0.00189979
1.1181 0 0.00189938
1.1201 0 0.00189365
1.1221 0 0.00189813
1.1241 0 0.00189917
1.1261 0 0.00189995
1.1281 0 0.00189912
1.1301 0 0.0018938
1.1321 0 0.00189912
1.1341 0 0.00189958
1.1361 0 0.00189995
1.1381 0 0.00189974
1.1401 0 0.00189875
1.1421 0 0.00189979
1.1441 0 0.00189948
1.1461 0 0.00189948
1.1481 0 0.00189953
1.15015 0 0.00185229
1.1521 0 0.00189573
1.1541 0 0.00189823
1.1561 0 0.00189938
1.1581 0 0.00189958
1.1601 0 0.00189318
1.1621 0 0.00189912
1.1641 0 0.00189948
1.1661 0 0.00189943
1.1681 0 0.00189995
1.1701 0 0.00189406
1.1721 0 0.00189984
1.1741 0 0.00190031
1.17611 0 0.00188854
1.1781 0 0.00189828
1.1801 0 0.00189953
1.1821 0 0.00190156
1.18409 0 0.00190458
1.18609 0 0.00190547
1.18809 0 0.001905
1.1901 0 0.00190156
1.1921 0 0.00190224
1.19409 0 0.00190443
1.19609 0 0.0019049
1.19809 0 0.00190531
1.2001 0 0.00190146
1.20209 0 0.00190406
1.20409 0 0.00190505
1.20609 0 0.00190557
1.20809 0 0.00190531
1.2101 0 0.00189677
1.2121 0 0.00189839
1.2141 0 0.00189948
1.2161 0 0.00189964
1.2181 0 0.00189995
1.2201 0 0.00189849
1.2221 0 0.00189948
1.2241 0 0.00190011
1.2261 0 0.00189912
1.2281 0 0.00189995
1.2301 0 0.00189797
1.2321 0 0.0018987
1.2341 0 0.00189912
1.2361 0 0.00189974
1.2381 0 0.00189995
1.2401 0 0.00189292
1.2421 0 0.00189912
1.2441 0 0.00189964
1.2461 0 0.00189964
1.2481 0 0.00189927
1.25015 0 0.0018487
1.2521 0 0.00189583
1.2541 0 0.0018975
1.2561 0 0.00189922
1.2581 0 0.00189948
1.2601 0 0.00189943
1.2621 0 0.00189953
1.2641 0 0.00189943
1.2661 0 0.00189958
1.2681 0 0.00189969
1.2701 0 0.00189333
1.2721 0 0.00189927
1.2741 0 0.00189974
1.2761 0 0.00189927
1.2781 0 0.00189969
1.2801 0 0.00189427
1.2821 0 0.00189906
1.2841 0 0.00189927
1.2861 0 0.00189953
1.2881 0 0.00189974
1.2901 0 0.00189406
1.2921 0 0.00189807
1.2941 0 0.00189958
1.2961 0 0.00189932
1.2981 0 0.00190016
1.3001 0 0.00189875
1.3021 0 0.00189932
1.3041 0 0.00189932
1.3061 0 0.00190052
1.3081 0 0.0018999
1.3101 0 0.00189396
1.3121 0 0.00189912
1.3141 0 0.00189969
1.3161 0 0.00189984
1.3181 0 0.00189917
1.3201 0 0.00189745
1.3221 0 0.0018999
1.3241 0 0.00189953
1.3261 0 0.00189953
1.3281 0 0.00190005
1.3301 0 0.00189474
1.3321 0 0.00189901
1.3341 0 0.00189932
1.3361 0 0.00190005
1.3381 0 0.00189964
1.3401 0 0.00189917
1.3421 0 0.00189943
1.3441 0 0.0019
1.3461 0 0.00190005
1.3481 0 0.00189896
1.35014 0 0.0018538
1.3521 0 0.00189609
1.3541 0 0.00189875
1.3561 0 0.00189922
1.3581 0 0.00189953
1.3601 0 0.00189406
1.3621 0 0.00189927
1.3641 0 0.00189958
1.3661 0 0.00189943
1.3681 0 0.00190021
1.3701 0 0.00189469
1.3721 0 0.00189984
1.3741 0 0.00190068
1.3761 0 0.00189234
1.3781 0 0.00189823
1.3801 0 0.00190073
1.38209 0 0.00190318
1.38409 0 0.00190495
1.38609 0 0.00190484
1.38809 0 0.00190479
1.3901 0 0.00190089
1.3921 0 0.00190261
1.39409 0 0.00190531
1.39609 0 0.00190557
1.39809 0 0.00190537
1.40009 0 0.00190318
1.40209 0 0.00190386
1.40409 0 0.00190516
1.40609 0 0.00190203
1.40828 0 0.00171068
1.41012 0 0.00187219
1.4121 0 0.00189323
1.4141 0 0.00189651
1.4161 0 0.00189734
1.4181 0 0.0018987
1.4201 0 0.00189755
1.4221 0 0.00189896
1.4241 0 0.00189917
1.4261 0 0.00189948
1.4281 0 0.00189927
1.43011 0 0.0018901
1.4321 0 0.0018974
1.4341 0 0.00189922
1.4361 0 0.00190026
1.4381 0 0.00189979
1.4401 0 0.00189354
1.44211 0 0.00189287
1.4441 0 0.00189859
1.4461 0 0.0018999
1.4481 0 0.00189953
1.4501 0 0.00189386
1.45217 0 0.00182464
1.4541 0 0.00189281
1.4561 0 0.00189745
1.4581 0 0.00189917
1.4601 0 0.00189823
1.4621 0 0.00189979
1.4641 0 0.00189969
1.4661 0 0.00189974
1.4681 0 0.00189984
1.4701 0 0.00189365
1.4721 0 0.00189943
1.4741 0 0.00189953
1.4761 0 0.00189979
1.4781 0 0.00189943
1.4801 0 0.00189771
1.4821 0 0.00189932
1.4841 0 0.00189938
1.4861 0 0.00189964
1.4881 0 0.00189953
1.49011 0 0.00189281
1.4921 0 0.0018975
1.4941 0 0.00189886
1.4961 0 0.00189995
1.4981 0 0.00189823
1.5001 0 0.00189912
1.5021 0 0.00189953
1.5041 0 0.00189979
1.5061 0 0.00189979
1.5081 0 0.00189953
1.5101 0 0.0018938
1.5121 0 0.00189901
1.5141 0 0.00189948
1.5161 0 0.00189964
1.5181 0 0.00189969
1.5201 0 0.00189365
1.5221 0 0.00189917
1.5241 0 0.00189984
1.5261 0 0.00189953
1.5281 0 0.00189927
1.5301 0 0.00189776
1.5321 0 0.00189912
1.5341 0 0.00189917
1.5361 0 0.00189708
1.5381 0 0.00189844
1.5401 0 0.00189844
1.5421 0 0.00189938
1.5441 0 0.00190005
1.5461 0 0.00189917
1.5481 0 0.00189995
1.5501 0 0.00189391
1.55215 0 0.00185203
1.5541 0 0.00189521
1.5561 0 0.0018987
1.5581 0 0.00189984
1.5601 0 0.00189307
1.5621 0 0.00189854
1.5641 0 0.00189984
1.5661 0 0.00189943
1.5681 0 0.00189948
1.5701 0 0.00189401
1.5721 0 0.00189927
1.5741 0 0.00189792
1.5761 0 0.00189943
1.57811 0 0.00188167
1.5801 0 0.00189281
1.5821 0 0.0018974
1.5841 0 0.00189865
1.5861 0 0.00189969
1.5881 0 0.00189943
1.5901 0 0.00189844
1.5921 0 0.00189729
1.5941 0 0.0018999
1.5961 0 0.00189922
1.5981 0 0.00189677
1.6001 0 0.00189651
1.6021 0 0.00189677
1.6041 0 0.00189615
1.6061 0 0.00189828
1.6081 0 0.00189953
1.6101 0 0.00189833
1.61209 0 0.00190365
1.6141 0 0.00189693
1.61609 0 0.00190318
1.61809 0 0.00190531
1.6201 0 0.00189396
1.6221 0 0.00189818
1.6241 0 0.00189979
1.6261 0 0.00190031
1.6281 0 0.00189995
1.63011 0 0.00189151
1.6321 0 0.00189922
1.6341 0 0.00189964
1.6361 0 0.00190016
1.6381 0 0.00190026
1.6401 0 0.00189734
1.6421 0 0.00189958
1.6441 0 0.00190021
1.6461 0 0.00190016
1.6481 0 0.00189979
1.6501 0 0.001895
1.6521 0 0.00189932
1.65415 0 0.00185042
1.6561 0 0.00189552
1.6581 0 0.0018987
1.6601 0 0.00189974
1.6621 0 0.00189917
1.6641 0 0.00190042
1.6661 0 0.0018999
1.6681 0 0.00189802
1.6701 0 0.00189307
1.6721 0 0.00189912
1.6741 0 0.0019
1.6761 0 0.00190005
1.6781 0 0.00190036
1.6801 0 0.00189495
1.6821 0 0.00189922
1.6841 0 0.00189984
1.6861 0 0.00190011
1.6881 0 0.00190016
1.6901 0 0.00189432
1.6921 0 0.00189854
1.6941 0 0.00189922
1.6961 0 0.00190011
1.6981 0 0.00190005
1.7001 0 0.00189771
1.7021 0 0.0018999
1.7041 0 0.00189948
1.7061 0 0.00190026
1.7081 0 0.00190005
1.7101 0 0.00189349
1.7121 0 0.00189938
1.7141 0 0.00189979
1.7161 0 0.00190031
1.7181 0 0.00190026
1.7201 0 0.00189328
1.7221 0 0.00189912
1.7241 0 0.00190005
1.7261 0 0.00190016
1.7281 0 0.00190011
1.7301 0 0.00189833
1.7321 0 0.00189828
1.7341 0 0.00189943
1.7361 0 0.00189938
1.7381 0 0.00190011
1.7401 0 0.00189896
1.7421 0 0.00189979
1.7441 0 0.00190057
1.7461 0 0.00189917
1.7481 0 0.00189969
1.75011 0 0.00189224
1.7521 0 0.00189953
1.75414 0 0.0018575
1.7561 0 0.0018963
1.7581 0 0.0018988
1.7601 0 0.00189875
1.7621 0 0.00189865
1.7641 0 0.00190031
1.7661 0 0.00190057
1.7681 0 0.0019
1.7701 0 0.00189438
1.7721 0 0.00189948
1.7741 0 0.00190011
1.7761 0 0.00190011
1.77811 0 0.00189141
1.7801 0 0.00189552
1.7821 0 0.00189797
1.7841 0 0.00190031
1.7861 0 0.00189964
1.7881 0 0.00189969
1.7901 0 0.0018987
1.7921 0 0.00189776
1.7941 0 0.00189875
1.7961 0 0.00189985
1.7981 0 0.0018999
1.8001 0 0.00189896
1.8021 0 0.00189985
1.8041 0 0.00189854
1.8061 0 0.00189995
1.8081 0 0.00189995
1.8101 0 0.00189901
1.8121 0 0.00190011
1.8141 0 0.00190016
1.8161 0 0.00189969
1.8181 0 0.00190011
1.8201 0 0.0018986
1.8221 0 0.0018986
1.8241 0 0.0018999
1.8261 0 0.0019
1.8281 0 0.00190011
1.8301 0 0.00189406
1.8321 0 0.00189766
1.8341 0 0.00189953
1.8361 0 0.00189901
1.8381 0 0.00189958
1.8401 0 0.00189698
1.8421 0 0.00189943
1.8441 0 0.00189917
1.8461 0 0.00190052
1.8481 0 0.00189979
1.8501 0 0.00189354
1.8521 0 0.00190011
1.8541 0 0.00190021
1.85612 0 0.00187896
1.85811 0 0.0018926
1.8601 0 0.00189755
1.8621 0 0.0018999
1.8641 0 0.00189985
1.8661 0 0.0019
1.8681 0 0.00190026
1.87011 0 0.00189266
1.8721 0 0.00189901
1.8741 0 0.00190057
1.8761 0 0.00189953
1.8781 0 0.00190005
1.8801 0 0.00189412
1.8821 0 0.0018987
1.8841 0 0.00190005
1.8861 0 0.00190042
1.8881 0 0.00190026
1.8901 0 0.00189417
1.8921 0 0.0018975
1.8941 0 0.00189969
1.8961 0 0.00190016
1.8981 0 0.00189995
1.9001 0 0.00189979
1.9021 0 0.00190026
1.9041 0 0.0018999
1.9061 0 0.00189964
1.9081 0 0.00190026
1.91011 0 0.0018925
1.9121 0 0.0018986
1.9141 0 0.00189979
1.9161 0 0.00190016
1.9181 0 0.00190011
1.9201 0 0.00189391
1.9221 0 0.00189901
1.9241 0 0.00189969
1.9261 0 0.00189985
1.9281 0 0.00190005
1.9301 0 0.00189443
1.9321 0 0.00189807
1.9341 0 0.00189901
1.9361 0 0.00190011
1.9381 0 0.00189953
1.9401 0 0.00189948
1.9421 0 0.00190031
1.9441 0 0.00190021
1.9461 0 0.00190016
1.9481 0 0.0019
1.9501 0 0.0018987
1.9521 0 0.00189969
1.9541 0 0.0019
1.95615 0 0.00185115
1.9581 0 0.00189557
1.96011 0 0.00189208
1.9621 0 0.00189875
1.9641 0 0.0019
1.9661 0 0.00189985
1.9681 0 0.00189995
1.9701 0 0.00189417
1.9721 0 0.00189922
1.9741 0 0.00189964
1.9761 0 0.00189995
1.97811 0 0.00188985
1.9801 0 0.00189531
1.9821 0 0.00189818
1.9841 0 0.00189985
1.9861 0 0.0019
1.9881 0 0.00189917
1.9901 0 0.00189948
1.9921 0 0.00189719
1.9941 0 0.00189932
1.9961 0 0.00189953
1.9981 0 0.00189922
2.0001 0 0.00189896
2.0021 0 0.00189953
2.0041 0 0.00190016
2.0061 0 0.00189948
2.0081 0 0.00190031
2.0101 0 0.0018986
2.0121 0 0.00190016
2.0141 0 0.00190057
2.0161 0 0.00189974
2.0181 0 0.00190021
2.0201 0 0.00189912
2.0221 0 0.00189974
2.0241 0 0.00189953
2.0261 0 0.00189964
2.0281 0 0.00189969
2.0301 0 0.00189625
2.0321 0 0.00189927
2.0341 0 0.0019
2.0361 0 0.00189818
2.0381 0 0.00189969
2.04011 0 0.00189208
2.0421 0 0.00189833
2.0441 0 0.00189964
2.0461 0 0.0018999
