9.9e-07 0 0.0199579
0.0202316 0 0.0197634
0.0401128 0 0.0198852
0.0601163 0 0.0198809
0.0801087 0 0.0198846
0.100112 0 0.0198853
0.120163 0 0.0198349
0.140111 0 0.0198856
0.160105 0 0.0198927
0.18011 0 0.0198878
0.200117 0 0.0198793
0.220159 0 0.0198384
0.240107 0 0.0198905
0.260112 0 0.019886
0.280105 0 0.0198908
0.300107 0 0.0198903
0.320108 0 0.0198901
0.340112 0 0.019886
0.360106 0 0.019892
0.380109 0 0.0198893
0.400105 0 0.0198924
0.420109 0 0.0198893
0.440105 0 0.0198928
0.460107 0 0.0198911
0.480104 0 0.019892
0.500107 0 0.0198903
0.520107 0 0.0198903
0.540102 0 0.0198964
0.560102 0 0.0198956
0.580149 0 0.0198442
0.600119 0 0.0198781
0.620109 0 0.0198891
0.640176 0 0.0198215
0.660115 0 0.0198829
0.680107 0 0.0198874
0.700116 0 0.0198808
0.720117 0 0.0198804
0.740175 0 0.0198224
0.760109 0 0.0198888
0.780103 0 0.0198944
0.800106 0 0.0198922
0.82011 0 0.0198877
0.840104 0 0.0198933
0.860102 0 0.0198956
0.880104 0 0.0198918
0.900111 0 0.0198871
0.920105 0 0.0198927
0.940108 0 0.01989
0.96015 0 0.0198474
0.98011 0 0.0198873
1.00011 0 0.0198826
1.02012 0 0.0198751
1.04011 0 0.0198884
1.06016 0 0.0198409
1.08011 0 0.0198908
1.10011 0 0.0198889
1.12011 0 0.019892
1.14011 0 0.0198904
1.1601 0 0.0198943
1.18011 0 0.0198893
1.2001 0 0.019894
1.22011 0 0.0198897
1.2401 0 0.0198943
1.26011 0 0.0198905
1.2801 0 0.0198922
1.30011 0 0.0198902
1.32011 0 0.0198919
1.34011 0 0.0198897
1.3601 0 0.019894
1.38011 0 0.0198855
1.4001 0 0.019894
1.42011 0 0.0198911
1.4401 0 0.0198931
1.46011 0 0.0198915
1.48011 0 0.0198896
1.50011 0 0.0198891
1.52011 0 0.0198921
1.5401 0 0.019893
1.5601 0 0.0198932
1.58015 0 0.0198462
1.60011 0 0.0198923
1.62011 0 0.0198895
1.6401 0 0.0198939
1.66011 0 0.0198913
1.6801 0 0.019895
1.70011 0 0.0198909
1.72011 0 0.0198881
1.74011 0 0.0198883
1.76011 0 0.0198926
1.78011 0 0.0198886
1.8001 0 0.0198927
1.82014 0 0.0198554
1.84012 0 0.0198794
1.86011 0 0.0198885
1.88011 0 0.0198873
1.90011 0 0.0198881
1.92011 0 0.0198891
1.94011 0 0.019884
1.96011 0 0.0198915
1.98011 0 0.0198882
2.00017 0 0.0198276
2.02012 0 0.0198722
2.04011 0 0.0198856
2.06011 0 0.0198881
2.08011 0 0.0198906
2.10011 0 0.0198903
2.12011 0 0.0198921
2.14011 0 0.0198902
2.1601 0 0.0198945
2.18011 0 0.0198903
2.2001 0 0.0198939
2.22015 0 0.0198483
2.24011 0 0.0198921
2.26011 0 0.0198902
2.28011 0 0.0198907
2.30011 0 0.0198854
2.32011 0 0.0198917
2.34011 0 0.019884
2.36011 0 0.019892
2.38011 0 0.0198907
2.4001 0 0.0198941
2.42011 0 0.0198879
2.44015 0 0.0198517
2.46011 0 0.0198896
2.4801 0 0.0198919
2.50011 0 0.019889
2.52011 0 0.019892
2.54015 0 0.0198494
2.56011 0 0.019891
2.58011 0 0.0198894
2.6001 0 0.0198935
2.62011 0 0.0198908
2.6401 0 0.0198936
2.66015 0 0.0198517
2.68011 0 0.019881
2.70013 0 0.0198655
2.72012 0 0.0198733
2.74011 0 0.0198848
2.76011 0 0.0198902
2.78013 0 0.0198689
2.80011 0 0.0198849
2.82011 0 0.0198889
2.84011 0 0.0198912
2.86011 0 0.0198918
2.88011 0 0.0198835
2.90011 0 0.0198835
2.92011 0 0.0198925
2.94011 0 0.0198902
2.96011 0 0.0198917
2.98015 0 0.0198458
3.00011 0 0.0198823
3.02013 0 0.0198714
3.04011 0 0.0198839
3.06011 0 0.0198897
3.08011 0 0.0198869
3.10012 0 0.0198796
3.12011 0 0.0198886
3.14011 0 0.0198894
3.16011 0 0.019892
3.18011 0 0.0198881
3.20015 0 0.0198486
3.22011 0 0.0198872
3.2401 0 0.0198933
3.26011 0 0.0198901
3.2801 0 0.0198933
3.3001 0 0.0198957
3.3201 0 0.0198931
3.34011 0 0.0198895
3.3601 0 0.0198948
3.3801 0 0.0198936
3.4001 0 0.0198942
3.42015 0 0.0198511
3.44011 0 0.019892
3.46011 0 0.0198878
3.48011 0 0.0198902
3.5001 0 0.0198935
3.52011 0 0.0198897
3.5401 0 0.0198948
3.56011 0 0.0198919
3.58011 0 0.0198895
3.60011 0 0.0198917
3.62011 0 0.0198857
3.64015 0 0.0198519
3.66011 0 0.019888
3.68011 0 0.0198911
3.70011 0 0.0198828
3.72014 0 0.0198522
3.74015 0 0.0198345
3.76013 0 0.0198589
3.78014 0 0.0198515
3.8002 0 0.0197929
3.82012 0 0.0198765
3.84012 0 0.019877
3.86011 0 0.0198819
3.88011 0 0.0198836
3.90011 0 0.0198849
3.9201 0 0.0198944
3.94011 0 0.0198889
3.96012 0 0.0198714
3.98013 0 0.0198628
4.0001 0 0.0199001
4.0201 0 0.0198918
4.04009 0 0.0199057
4.06009 0 0.0199086
4.08009 0 0.0199057
4.10009 0 0.0199061
4.12009 0 0.0199128
4.14008 0 0.0199144
4.16009 0 0.0199126
4.18009 0 0.0199104
4.20008 0 0.0199138
4.22009 0 0.0199121
4.24009 0 0.0199132
4.26009 0 0.0199107
4.28008 0 0.019914
4.30009 0 0.0199107
4.32008 0 0.0199139
4.34008 0 0.0199147
4.36009 0 0.0199122
4.38009 0 0.0199106
4.40009 0 0.0199127
4.42009 0 0.0199086
4.44009 0 0.0199119
4.46009 0 0.0199104
4.48009 0 0.0199085
4.50009 0 0.0199036
4.52009 0 0.0199128
4.54009 0 0.0199124
4.56018 0 0.0198144
4.58012 0 0.0198798
4.60012 0 0.0198789
4.62013 0 0.0198666
4.64011 0 0.0198827
4.66017 0 0.0198255
4.68015 0 0.0198453
4.70011 0 0.0198873
4.7201 0 0.0198933
4.74012 0 0.019878
4.7601 0 0.0198943
4.78011 0 0.0198864
4.8001 0 0.0198932
4.8201 0 0.0198935
4.8401 0 0.0198934
4.86011 0 0.0198832
4.88011 0 0.0198856
4.9001 0 0.0198933
4.9201 0 0.0198932
4.9401 0 0.0198945
4.9601 0 0.019896
4.98016 0 0.0198404
5.00011 0 0.0198883
5.02011 0 0.0198823
5.04011 0 0.0198862
5.06011 0 0.019891
5.08011 0 0.019886
5.1001 0 0.019893
5.1201 0 0.0198943
5.14011 0 0.0198891
5.1601 0 0.0198959
5.18011 0 0.0198912
5.20015 0 0.0198511
5.22011 0 0.019888
5.2401 0 0.0198962
5.26011 0 0.0198914
5.2801 0 0.0198968
5.30015 0 0.0198484
5.3201 0 0.0198928
5.3401 0 0.0198971
5.3601 0 0.0198937
5.38011 0 0.0198903
5.4001 0 0.0198957
5.42015 0 0.0198502
5.4401 0 0.0198948
5.46011 0 0.0198904
5.4801 0 0.0198922
5.5001 0 0.0198935
5.5201 0 0.0198996
5.54011 0 0.0198925
5.5601 0 0.0198933
5.58014 0 0.0198523
5.60011 0 0.0198886
5.62011 0 0.0198898
5.64017 0 0.0198247
5.66011 0 0.0198831
5.68011 0 0.0198824
5.70011 0 0.0198815
5.7201 0 0.0198922
5.74017 0 0.0198295
5.76011 0 0.0198911
5.78011 0 0.0198896
5.8001 0 0.0198935
5.82011 0 0.0198892
5.8401 0 0.0198947
5.86012 0 0.0198817
5.88011 0 0.0198888
5.90011 0 0.019888
5.9201 0 0.0198943
5.94011 0 0.0198884
5.96015 0 0.0198503
5.98011 0 0.0198872
6.00011 0 0.0198909
6.02011 0 0.0198836
6.0401 0 0.0198925
6.06016 0 0.0198361
6.0801 0 0.019893
6.10011 0 0.0198897
6.12011 0 0.0198833
6.14011 0 0.019889
6.1601 0 0.0198952
6.18015 0 0.0198446
6.20011 0 0.019892
6.22011 0 0.0198903
6.2401 0 0.0198957
6.26011 0 0.0198909
6.2801 0 0.0198977
6.3001 0 0.0198938
6.3201 0 0.0198958
6.34011 0 0.0198909
6.3601 0 0.0198968
6.38011 0 0.019891
6.40014 0 0.0198557
6.42011 0 0.0198896
6.4401 0 0.0198966
6.46011 0 0.0198913
6.48012 0 0.0198792
6.50015 0 0.0198413
6.52011 0 0.0198904
6.5401 0 0.0198933
6.5601 0 0.0198942
6.58011 0 0.019886
6.6001 0 0.0198948
6.62015 0 0.019849
6.6401 0 0.019893
6.66011 0 0.0198901
6.6801 0 0.0198964
6.7001 0 0.0198931
6.72011 0 0.019889
6.7401 0 0.0198928
6.7601 0 0.0198943
6.78011 0 0.0198911
6.8001 0 0.0198942
6.82013 0 0.0198652
6.84018 0 0.0198144
6.86011 0 0.0198831
6.8801 0 0.0198948
6.90011 0 0.0198884
6.92011 0 0.0198893
6.94011 0 0.0198871
6.96011 0 0.0198896
6.98011 0 0.0198875
7.00011 0 0.0198876
7.02012 0 0.0198791
7.04011 0 0.0198895
7.06016 0 0.0198357
7.08011 0 0.0198914
7.10011 0 0.0198913
7.12011 0 0.0198893
7.14011 0 0.019888
7.1601 0 0.0198944
7.18016 0 0.0198422
7.2001 0 0.0198938
7.22011 0 0.0198902
7.2401 0 0.0198963
7.26011 0 0.0198898
7.2801 0 0.0198952
7.3001 0 0.0198921
7.32011 0 0.0198916
7.34011 0 0.0198885
7.3601 0 0.0198935
7.38011 0 0.0198892
7.40014 0 0.0198536
7.42011 0 0.0198883
7.4401 0 0.0198964
7.46011 0 0.0198919
7.4801 0 0.0198971
7.50011 0 0.0198919
7.52011 0 0.0198893
7.5401 0 0.0198963
7.5601 0 0.0198952
7.5801 0 0.0198963
7.6001 0 0.0198953
7.62011 0 0.0198871
7.6401 0 0.0198943
7.66011 0 0.0198906
7.6801 0 0.019897
7.70011 0 0.0198902
7.72012 0 0.0198786
7.74012 0 0.0198792
7.7601 0 0.0198941
7.78011 0 0.0198892
7.80011 0 0.0198922
7.82015 0 0.0198441
7.8401 0 0.0198932
7.86011 0 0.0198881
7.8801 0 0.0198946
7.90011 0 0.0198864
7.92011 0 0.0198886
7.94011 0 0.0198867
7.9601 0 0.0198939
7.98011 0 0.0198909
8.0001 0 0.0198941
8.02012 0 0.0198805
8.04011 0 0.0198915
8.06011 0 0.0198895
8.0801 0 0.0198952
8.10011 0 0.0198911
8.12011 0 0.0198884
8.14016 0 0.0198394
8.16011 0 0.0198924
8.18011 0 0.0198854
8.2001 0 0.0198934
8.22011 0 0.0198879
8.2401 0 0.019895
8.26015 0 0.0198492
8.2801 0 0.0198935
8.3001 0 0.0198915
8.32011 0 0.0198913
8.34011 0 0.0198885
8.3601 0 0.0198943
8.38015 0 0.0198448
8.4001 0 0.0198938
8.4201 0 0.0198976
8.4401 0 0.0198971
8.46011 0 0.0198919
8.48011 0 0.0198906
8.5001 0 0.0198928
8.52011 0 0.0198919
8.5401 0 0.0198954
8.5601 0 0.0198944
8.58011 0 0.0198878
8.60015 0 0.0198454
8.62011 0 0.0198881
8.6401 0 0.0198938
8.66011 0 0.0198855
8.68011 0 0.0198911
8.70015 0 0.019844
8.72011 0 0.0198892
8.74011 0 0.0198869
8.7601 0 0.0198956
8.78011 0 0.0198916
8.80015 0 0.0198516
8.82011 0 0.0198875
8.8401 0 0.0198933
8.86011 0 0.0198904
8.8801 0 0.0198964
8.9001 0 0.0198942
8.92011 0 0.019889
8.94011 0 0.019888
8.9601 0 0.0198935
8.98011 0 0.0198907
9.00011 0 0.0198892
9.02011 0 0.0198833
9.04011 0 0.0198916
9.06011 0 0.0198866
9.0801 0 0.0198955
9.1001 0 0.0198924
9.12011 0 0.0198903
9.14011 0 0.019888
9.1601 0 0.0198943
9.18011 0 0.0198905
9.2001 0 0.019896
9.22015 0 0.0198478
9.2401 0 0.019894
9.26011 0 0.01989
9.2801 0 0.0198949
9.30011 0 0.0198896
9.32011 0 0.0198901
9.34011 0 0.0198913
9.3601 0 0.0198936
9.38011 0 0.0198895
9.4001 0 0.0198951
9.42011 0 0.0198911
9.44014 0 0.019854
9.46011 0 0.0198885
9.48011 0 0.0198917
9.50011 0 0.0198908
9.52011 0 0.0198888
9.5401 0 0.0198953
9.56015 0 0.0198458
9.58011 0 0.019887
9.6001 0 0.0198957
9.62012 0 0.0198711
9.64011 0 0.0198854
9.66017 0 0.019824
9.68015 0 0.0198396
9.70019 0 0.0197965
9.72016 0 0.0198321
9.74013 0 0.0198578
9.76017 0 0.0198232
9.78012 0 0.0198686
9.80013 0 0.0198646
9.82011 0 0.0198806
9.84012 0 0.0198786
9.86014 0 0.0198511
9.88013 0 0.0198616
9.90012 0 0.0198697
9.92011 0 0.019883
9.9401 0 0.0198914
9.96012 0 0.019874
9.98011 0 0.01989
10.0001 0 0.0199091
10.0201 0 0.0198989
10.0401 0 0.0199073
10.0601 0 0.0199057
10.0801 0 0.019914
10.1001 0 0.0198984
10.1201 0 0.0199045
10.1401 0 0.0199122
10.1601 0 0.0199128
10.1801 0 0.0199102
10.2001 0 0.0199135
10.2201 0 0.0199107
10.2401 0 0.0199136
10.2601 0 0.0199077
10.2801 0 0.0199101
10.3001 0 0.0199113
10.3201 0 0.019911
10.3401 0 0.0199129
10.3601 0 0.019914
10.3801 0 0.0199115
10.4001 0 0.0199143
10.4201 0 0.0199114
10.4401 0 0.0199143
10.4601 0 0.0199119
10.4801 0 0.0199081
10.5001 0 0.0199093
10.5201 0 0.0199106
10.5401 0 0.0199125
10.5601 0 0.0199132
10.5801 0 0.0198782
10.6001 0 0.0198511
10.6201 0 0.0198826
10.6401 0 0.0198925
10.6601 0 0.0198875
10.6802 0 0.0198331
10.7001 0 0.0198846
10.7201 0 0.0198936
10.7401 0 0.0198846
10.7601 0 0.0198914
10.7802 0 0.0198375
10.8001 0 0.0198901
10.8201 0 0.0198881
10.8401 0 0.0198953
10.8601 0 0.0198899
10.8801 0 0.0198961
10.9001 0 0.0198932
10.9201 0 0.0198938
10.9401 0 0.0198939
10.9601 0 0.0198948
10.9801 0 0.019891
11.0001 0 0.0198948
11.0201 0 0.0198753
11.0401 0 0.0198884
11.0601 0 0.0198885
11.0801 0 0.0198957
11.1001 0 0.0198872
11.1201 0 0.0198935
11.1401 0 0.0199023
11.1601 0 0.0198929
11.1801 0 0.0198894
11.2001 0 0.0198535
11.2201 0 0.0198893
11.2401 0 0.0198962
11.2601 0 0.0198906
11.2801 0 0.0198967
11.3001 0 0.0198911
11.3201 0 0.019892
11.3401 0 0.0198964
11.3601 0 0.0198956
11.3801 0 0.0198898
11.4001 0 0.0198968
11.4201 0 0.0198496
11.4401 0 0.0198941
11.4601 0 0.0198913
11.4801 0 0.0198966
11.5001 0 0.0198928
11.5201 0 0.0198943
11.5401 0 0.0198942
11.5601 0 0.0198957
11.5801 0 0.0198871
11.6001 0 0.0198953
11.6201 0 0.0198915
11.6401 0 0.0198547
11.6601 0 0.0198898
11.6801 0 0.0198955
11.7001 0 0.0198951
11.7201 0 0.0198942
11.7401 0 0.0198953
11.7601 0 0.0198944
11.7801 0 0.0199011
11.8001 0 0.0198928
11.8201 0 0.0198839
11.8401 0 0.0198957
11.8601 0 0.0198759
11.8801 0 0.0198621
11.9001 0 0.01988
11.9201 0 0.0198878
11.9401 0 0.0198942
11.9602 0 0.019827
11.9801 0 0.0198853
12.0001 0 0.0198934
12.0201 0 0.0198635
12.0401 0 0.019885
12.0602 0 0.0198247
12.0801 0 0.019893
12.1001 0 0.0198844
12.1201 0 0.0198898
12.1401 0 0.0198955
12.1601 0 0.019896
12.1802 0 0.0198407
12.2001 0 0.019892
12.2201 0 0.0198858
12.2401 0 0.019895
12.2601 0 0.0198909
12.2801 0 0.0198968
12.3001 0 0.0198848
12.3201 0 0.0198992
12.3401 0 0.0198856
12.3601 0 0.0198931
12.3801 0 0.0198901
12.4002 0 0.0198457
12.4201 0 0.0198887
12.4401 0 0.0198969
12.4601 0 0.0198923
12.4801 0 0.0198902
12.5001 0 0.0198919
12.5201 0 0.0198914
12.5401 0 0.0198963
12.5601 0 0.0198955
12.5801 0 0.0198906
12.6001 0 0.0198968
12.6201 0 0.0198976
12.6401 0 0.0198956
12.6601 0 0.0198904
12.6801 0 0.0198962
12.7001 0 0.0198935
12.7201 0 0.0198777
12.7401 0 0.0198827
12.7601 0 0.0198927
12.7801 0 0.0198876
12.8001 0 0.0198932
12.8202 0 0.0198371
12.8401 0 0.019892
12.8601 0 0.0198893
12.8801 0 0.0198966
12.9001 0 0.0198915
12.9201 0 0.0198897
12.9401 0 0.0198939
12.9601 0 0.0198938
12.9801 0 0.0198921
13.0001 0 0.0198965
13.0201 0 0.0198777
13.0401 0 0.0198921
13.0601 0 0.0198885
13.0801 0 0.0198945
13.1001 0 0.0198939
13.1201 0 0.0198928
13.1401 0 0.0198935
13.1601 0 0.0198922
13.1801 0 0.0198898
13.2001 0 0.0198958
13.2201 0 0.0198914
13.2401 0 0.0198553
13.2601 0 0.0198892
13.2801 0 0.0198953
13.3001 0 0.0198916
13.3201 0 0.0198936
13.3401 0 0.0198974
13.3601 0 0.0198506
13.3801 0 0.019888
13.4001 0 0.0198964
13.4201 0 0.0198908
13.4401 0 0.0198969
13.4601 0 0.0198955
13.4801 0 0.019856
13.5001 0 0.0198935
13.5201 0 0.0198939
13.5401 0 0.0198968
13.5601 0 0.0198965
13.5802 0 0.0198444
13.6001 0 0.019894
13.6201 0 0.0198895
13.6401 0 0.019895
13.6601 0 0.0198916
13.6801 0 0.0198926
13.7001 0 0.0198957
13.7201 0 0.0198933
13.7401 0 0.0198939
13.7601 0 0.0198954
13.7801 0 0.0198921
13.8001 0 0.0198478
13.8201 0 0.019888
13.8401 0 0.0198963
13.8601 0 0.0198875
13.8801 0 0.0198965
13.9001 0 0.0198952
13.9201 0 0.0198951
13.9401 0 0.0198975
13.9601 0 0.0198966
13.9801 0 0.0198913
14.0001 0 0.0198978
14.0202 0 0.0198362
14.0401 0 0.019882
14.0601 0 0.0198879
14.0801 0 0.0198956
14.1001 0 0.0198898
14.1201 0 0.0198943
14.1401 0 0.0198927
14.1601 0 0.0198942
14.1801 0 0.0198872
14.2001 0 0.0198962
14.2201 0 0.019891
14.2401 0 0.0198522
14.2601 0 0.0198889
14.2801 0 0.0198963
14.3001 0 0.0198947
14.3201 0 0.0198937
14.3401 0 0.019849
14.3601 0 0.0198942
14.3801 0 0.0198893
14.4001 0 0.0198952
14.4201 0 0.0198867
14.4401 0 0.019896
14.4601 0 0.0198517
14.4801 0 0.0198894
14.5001 0 0.0198889
14.5201 0 0.0198887
14.5401 0 0.0198988
14.5601 0 0.0198941
14.5802 0 0.019844
14.6001 0 0.0198938
14.6201 0 0.0198599
14.6401 0 0.019882
14.6601 0 0.0198896
14.6801 0 0.0198947
14.7002 0 0.0198238
14.7201 0 0.0198945
14.7401 0 0.0198846
14.7601 0 0.0198923
14.7801 0 0.0198869
14.8001 0 0.0198942
14.8201 0 0.0198883
14.8401 0 0.0198952
14.8601 0 0.019891
14.8801 0 0.0198958
14.9001 0 0.0198855
14.9201 0 0.0198922
14.9401 0 0.0198883
14.9601 0 0.0198926
14.9801 0 0.0198879
15.0001 0 0.0198961
15.0201 0 0.0198503
15.0401 0 0.0198801
15.0601 0 0.0198859
15.0801 0 0.0198958
15.1001 0 0.0198912
15.1201 0 0.0198935
15.1401 0 0.0198818
15.1601 0 0.0198872
15.1801 0 0.0198884
15.2001 0 0.0198943
15.2201 0 0.0198903
15.2402 0 0.019846
15.2601 0 0.0198887
15.2801 0 0.0198959
15.3001 0 0.01989
15.3201 0 0.0198931
15.3402 0 0.0198344
15.3601 0 0.0198859
15.3801 0 0.0198891
15.4001 0 0.0198962
15.4201 0 0.0198904
15.4401 0 0.0198964
15.4601 0 0.0198901
15.4801 0 0.0198964
15.5001 0 0.0198858
15.5201 0 0.0198942
15.5401 0 0.0198998
15.5601 0 0.0198954
15.5801 0 0.0198919
15.6001 0 0.0198507
15.6201 0 0.0198735
15.6401 0 0.019895
15.661 0 0.0190209
15.6802 0 0.0197955
15.7002 0 0.0198031
15.7202 0 0.0198381
15.7402 0 0.0198404
15.7601 0 0.0198512
15.7801 0 0.0198509
15.8001 0 0.0198573
15.8201 0 0.0198699
15.8401 0 0.0198649
15.8601 0 0.0198463
15.8801 0 0.0198763
15.9001 0 0.0198776
15.9201 0 0.019869
15.9401 0 0.0198857
15.9601 0 0.0198757
15.9801 0 0.019898
16.0001 0 0.0199104
16.0201 0 0.0199109
16.0401 0 0.019899
16.0601 0 0.0199043
16.0801 0 0.0199133
16.1001 0 0.0199102
16.1201 0 0.0199062
16.1401 0 0.0199113
16.1601 0 0.0199138
16.1801 0 0.01991
16.2001 0 0.0199105
16.2201 0 0.0199086
16.2401 0 0.0199137
16.2601 0 0.0199107
16.2801 0 0.0199142
16.3001 0 0.0199098
16.3201 0 0.0199105
16.3401 0 0.0199109
16.3601 0 0.0199129
16.3801 0 0.0199106
16.4001 0 0.0199119
16.4201 0 0.0199093
16.4401 0 0.0199137
16.4601 0 0.0199112
16.4801 0 0.0199081
16.5001 0 0.0198994
16.5201 0 0.0199065
16.5401 0 0.0199096
16.5601 0 0.0199129
16.5802 0 0.0197918
16.6001 0 0.0198934
16.6201 0 0.0198871
16.6401 0 0.019893
16.6601 0 0.0198915
16.6801 0 0.0198527
16.7001 0 0.0198877
16.7201 0 0.0198916
16.7401 0 0.0198925
16.7601 0 0.0198952
16.7802 0 0.0198407
16.8001 0 0.0198921
16.8201 0 0.0198959
16.8401 0 0.0198954
16.8601 0 0.0198619
16.8802 0 0.0198163
16.9001 0 0.0198787
16.9201 0 0.0198886
16.9401 0 0.0198921
16.9601 0 0.0198957
16.9801 0 0.0198837
17.0001 0 0.0198953
17.0201 0 0.019893
17.0401 0 0.0198793
17.0601 0 0.0198838
17.0801 0 0.019896
17.1002 0 0.0198424
17.1201 0 0.0198891
17.1401 0 0.0198929
17.1601 0 0.0198955
17.1801 0 0.0198906
17.2001 0 0.0198967
17.2202 0 0.0198458
17.2401 0 0.0198943
17.2601 0 0.0198893
17.2801 0 0.019896
17.3001 0 0.01989
17.3201 0 0.019893
17.3401 0 0.0198927
17.3601 0 0.0198931
17.3801 0 0.0198897
17.4001 0 0.0198938
17.4201 0 0.0198912
17.4401 0 0.0198536
17.4601 0 0.0198862
17.4801 0 0.0198957
17.5001 0 0.0198814
17.5201 0 0.0198927
17.5402 0 0.019844
17.5601 0 0.0198922
17.5801 0 0.0198901
17.6001 0 0.0198957
17.6201 0 0.0198914
17.6401 0 0.0198916
17.6601 0 0.0198947
17.6801 0 0.0198952
17.7001 0 0.019863
17.7201 0 0.0198659
17.7401 0 0.0198819
17.7602 0 0.0198186
17.7801 0 0.0198821
17.8001 0 0.0198914
17.8201 0 0.0198887
17.8401 0 0.0198959
17.8602 0 0.019847
17.8801 0 0.0198918
17.9001 0 0.0198874
17.9201 0 0.0198906
17.9401 0 0.0198952
17.9601 0 0.0198954
17.9802 0 0.0198434
18.0001 0 0.0198904
18.0201 0 0.0198872
18.0401 0 0.0198803
18.0601 0 0.0198855
18.0801 0 0.0198912
18.1002 0 0.0198445
18.1201 0 0.0198887
18.1401 0 0.0198955
18.1601 0 0.0198961
18.1801 0 0.0198911
18.2001 0 0.0198946
18.2202 0 0.019847
18.2401 0 0.0198935
18.2601 0 0.0198902
18.2801 0 0.0198966
18.3001 0 0.0198897
18.3201 0 0.0198926
18.3401 0 0.019899
18.3601 0 0.0198972
18.3801 0 0.0198988
18.4001 0 0.0198989
18.4201 0 0.0198934
18.4401 0 0.0198547
18.4601 0 0.0198895
18.4801 0 0.0198937
18.5001 0 0.0198939
18.5201 0 0.0198957
18.5401 0 0.0198945
18.5601 0 0.0198977
18.5801 0 0.0198839
18.6001 0 0.0198934
18.6201 0 0.0198914
18.6401 0 0.0198954
18.6602 0 0.0198467
18.6801 0 0.0198931
18.7001 0 0.0198908
18.7201 0 0.0198902
18.7401 0 0.0198945
18.7601 0 0.0198953
18.7801 0 0.0198482
18.8001 0 0.0198847
18.8201 0 0.01989
18.8401 0 0.019895
18.8601 0 0.0198915
18.8801 0 0.0198966
18.9001 0 0.0198913
18.9201 0 0.019894
18.9401 0 0.0198977
18.9601 0 0.0198978
18.9801 0 0.0198905
19.0001 0 0.0198516
19.0201 0 0.0198903
19.0401 0 0.0198826
19.0601 0 0.0198818
19.0801 0 0.019895
19.1002 0 0.0198467
19.1201 0 0.0198901
19.1401 0 0.0198942
19.1601 0 0.0198947
19.1801 0 0.0198914
19.2001 0 0.0198953
19.2202 0 0.0198463
19.2401 0 0.0198936
19.2601 0 0.0198906
19.2801 0 0.0198966
19.3001 0 0.0198894
19.3201 0 0.0198894
19.3401 0 0.0198941
19.3601 0 0.0198956
19.3801 0 0.0198982
19.4001 0 0.0198976
19.4201 0 0.0198917
19.4401 0 0.0198531
19.4601 0 0.0198885
19.4801 0 0.0198969
19.5001 0 0.0198896
19.5201 0 0.0198965
19.5401 0 0.0198932
19.5601 0 0.0198922
19.5801 0 0.0198887
19.6001 0 0.0198965
19.6201 0 0.0198541
19.6401 0 0.0198816
19.6602 0 0.0198157
19.6801 0 0.0198892
19.7001 0 0.019889
19.7201 0 0.019885
19.7401 0 0.0198911
19.7601 0 0.019892
19.7801 0 0.0198933
19.8001 0 0.0198912
19.8201 0 0.0198902
19.8401 0 0.0198939
19.8601 0 0.019891
19.8801 0 0.019853
19.9001 0 0.0198871
19.9201 0 0.0198938
19.9401 0 0.0198949
19.9601 0 0.0198984
19.9802 0 0.0198401
20.0001 0 0.0198926
20.0201 0 0.0198917
20.0401 0 0.0198833
20.0601 0 0.0198866
20.0801 0 0.0198945
20.1001 0 0.019883
20.1201 0 0.0198917
20.1401 0 0.0198977
20.1601 0 0.0198968
20.1801 0 0.0198936
20.2001 0 0.0198509
20.2201 0 0.0198876
20.2401 0 0.0198968
20.2601 0 0.0198908
20.2801 0 0.0198966
20.3001 0 0.0198493
20.3201 0 0.0198899
20.3401 0 0.0198971
20.3601 0 0.0198977
20.3801 0 0.0198911
20.4001 0 0.0198919
20.4201 0 0.0198484
20.4401 0 0.0198938
20.4601 0 0.0198921
