1.355e-06 0.00311828 0.00024 0.0468598
0.0503218 0.00258568 0.00024 0.0470852
0.100128 0.00276495 0.00024 0.0471029
0.150114 0.00277516 0.00024 0.0471072
0.200115 0.00279787 0.00024 0.0470827
0.250116 0.00283714 0.00024 0.0470426
0.300118 0.00277516 0.00024 0.0471033
0.350121 0.00282656 0.00024 0.0470481
0.400115 0.00277917 0.00024 0.0471005
0.450115 0.002775 0.00024 0.0471058
0.500128 0.00276458 0.00024 0.0471027
0.550119 0.00277057 0.00024 0.0471058
0.600117 0.00278011 0.00024 0.0470981
0.650117 0.00277188 0.00024 0.0471071
0.700117 0.00279276 0.00024 0.0470859
0.750117 0.00277661 0.00024 0.0471021
0.800115 0.0027801 0.00024 0.047101
0.850117 0.00277391 0.00024 0.0471051
0.900118 0.00277198 0.00024 0.047107
0.950133 0.0027574 0.00024 0.047104
1.00011 0.00278229 0.00024 0.0470993
1.05012 0.00276995 0.00024 0.0471022
1.10016 0.00272385 0.00024 0.0471076
1.15011 0.00277292 0.00024 0.0471095
1.20011 0.00281958 0.00024 0.0470659
1.25012 0.00277266 0.00024 0.047109
1.30011 0.00282406 0.00024 0.0470633
1.35011 0.00277198 0.00024 0.0471103
1.40011 0.00282307 0.00024 0.0470595
1.45013 0.00276495 0.00024 0.0470999
1.50012 0.00276771 0.00024 0.047109
1.55011 0.00277417 0.00024 0.0471089
1.60011 0.00278172 0.00024 0.0471027
1.65012 0.00277245 0.00024 0.0471059
1.70011 0.00277411 0.00024 0.0471079
1.75012 0.0027926 0.00024 0.0470867
1.80011 0.00277641 0.00024 0.0471043
1.85011 0.002775 0.00024 0.0471065
1.90012 0.00277432 0.00024 0.0471075
1.95015 0.00275412 0.00024 0.0470857
2.00013 0.00277406 0.00024 0.0470952
2.05014 0.00276234 0.00024 0.0470902
2.10013 0.0027612 0.00024 0.0471059
2.15012 0.00277698 0.00024 0.0471014
2.20011 0.00278401 0.00024 0.0470964
2.25012 0.0027737 0.00024 0.0471027
2.30011 0.00277484 0.00024 0.0471079
2.35011 0.00277792 0.00024 0.0471095
2.40011 0.00277536 0.00024 0.0471061
2.45017 0.0027237 0.00024 0.0471052
2.50012 0.00277458 0.00024 0.0471061
2.55012 0.00277448 0.00024 0.047107
2.60011 0.00278297 0.00024 0.0471031
2.65012 0.00282333 0.00024 0.0470578
2.70011 0.00277339 0.00024 0.0471095
2.75015 0.00299531 0.00024 0.0468407
2.80016 0.00278656 0.00024 0.0470495
2.85013 0.00281338 0.00024 0.0470492
2.90012 0.00279359 0.00024 0.0470818
2.95013 0.00273349 0.00024 0.0471254
3.00012 0.00273766 0.00024 0.0471397
3.0501 0.00275755 0.00024 0.0471436
3.1001 0.00275359 0.00024 0.0471479
3.15009 0.00275604 0.00024 0.0471473
3.20009 0.0027737 0.00024 0.0471314
3.25009 0.00275578 0.00024 0.047148
3.30009 0.00275745 0.00024 0.0471477
3.35009 0.0027551 0.00024 0.0471501
3.40011 0.00280693 0.00024 0.0470734
3.4501 0.00275562 0.00024 0.0471377
3.5001 0.00275516 0.00024 0.047142
3.55009 0.00275552 0.00024 0.0471474
3.60009 0.00283896 0.00024 0.047065
3.65011 0.00277641 0.00024 0.0471037
3.70017 0.00372036 0.00024 0.0461067
3.75011 0.00277448 0.00024 0.0471083
3.80016 0.00276354 0.00024 0.0470744
3.85011 0.0027837 0.00024 0.0471027
3.90016 0.00272771 0.00024 0.0471082
3.95013 0.00277859 0.00024 0.0470893
4.00011 0.00280995 0.00024 0.0470726
4.05012 0.00283036 0.00024 0.047044
4.10013 0.00277599 0.00024 0.0470936
4.15012 0.00277026 0.00024 0.0471076
4.20011 0.00281146 -0.00954 0.0470695
4.25013 0.00276906 0.00024 0.0470933
4.30012 0.00282849 0.00024 0.0470436
4.35012 0.00277135 0.00024 0.0471079
4.40011 0.00277536 0.00024 0.0471076
4.45011 0.00280193 0.00024 0.0470833
4.50012 0.00277594 0.00024 0.0471045
4.55016 0.00272406 0.00024 0.0471086
4.60012 0.00277203 0.00024 0.0471094
4.65011 0.00278557 0.00024 0.0471023
4.70012 0.00277385 -0.00954 0.0471045
4.75011 0.00281411 0.00024 0.0470679
4.80013 0.00278026 0.00024 0.0470804
4.85011 0.00284453 0.00024 0.0470374
4.90012 0.00277161 0.00024 0.0471072
4.95013 0.00275958 0.00024 0.0471072
5.00012 0.00277141 0.00024 0.0471089
5.05011 0.00278276 0.00024 0.0470976
5.10012 0.00276469 0.00024 0.047108
5.15011 0.00277323 0.00024 0.0471091
5.20016 0.00272776 0.00024 0.0471048
5.25011 0.0027875 0.00024 0.0471014
5.30016 0.00273245 0.00024 0.0471026
5.35011 0.00277385 0.00024 0.0471081
5.40017 0.00271922 0.00024 0.0471026
5.45011 0.00278088 0.00024 0.0471041
5.50011 0.00278339 0.00024 0.0471062
5.55011 0.00277437 0.00024 0.0471077
5.60014 0.0027699 0.00024 0.0470802
5.65012 0.00277797 0.00024 0.0470975
5.70012 0.00282464 0.00024 0.0470492
5.75012 0.00277339 0.00024 0.047107
5.80011 0.0027712 0.00024 0.0471129
5.85011 0.00278687 0.00024 0.0470999
5.90012 0.00277073 0.00024 0.047108
5.95013 0.00276458 0.00024 0.0471013
6.00012 0.00277052 0.00024 0.0471085
6.05011 0.00278 0.00024 0.0471043
6.10011 0.00277479 0.00024 0.0471078
6.15011 0.00277427 0.00024 0.0471082
6.20011 0.0027813 0.00024 0.0471034
6.25011 0.00277927 0.00024 0.0471041
6.30011 0.00277552 0.00024 0.0471048
6.35011 0.00277245 0.00024 0.04711
6.40011 0.00277661 0.00024 0.0471092
6.45011 0.00278609 0.00024 0.0471018
6.50011 0.00277417 0.00024 0.0471089
6.5501 0.00278266 0.00024 0.0471096
6.60011 0.00277807 0.00024 0.0471085
6.65016 0.00273354 0.00024 0.0471029
6.70011 0.0027724 0.00024 0.0471106
6.75017 0.00272135 0.00024 0.0471045
6.80011 0.00277458 0.00024 0.0471089
6.85011 0.00278432 0.00024 0.0471015
6.90012 0.00277141 0.00024 0.0471082
6.95013 0.00286833 0.00024 0.0469954
7.00013 0.00276422 0.00024 0.047103
7.05011 0.00278135 0.00024 0.0470989
7.10013 0.00276823 0.00024 0.0471
7.15012 0.00277339 0.00024 0.0471073
7.20011 0.00277474 0.00024 0.0471079
7.25014 0.00282552 0.00024 0.0470187
7.30014 0.00285156 0.00024 0.0469975
7.35013 0.00281135 0.00024 0.0470434
7.40012 0.00280859 0.00024 0.0470618
7.45011 0.00274432 0.00024 0.0471371
7.50011 0.00274838 0.00024 0.0471432
7.55009 0.00275474 0.00024 0.0471483
7.60009 0.00276146 0.00024 0.0471467
7.65009 0.0027637 0.00024 0.0471413
7.7001 0.00275135 0.00024 0.0471465
7.75009 0.00277396 0.00024 0.0471289
7.80009 0.00275745 0.00024 0.0471456
7.85009 0.00275948 0.00024 0.0471444
7.90009 0.00275578 0.00024 0.0471474
7.95011 0.00275292 0.00024 0.0471283
8.00011 0.00274469 0.00024 0.0471437
8.0501 0.00275896 0.00024 0.0471407
8.10029 0.00260328 0.00024 0.0471023
8.15012 0.00277219 0.00024 0.0471078
8.20016 0.00272672 0.00024 0.0471097
8.25011 0.00278313 0.00024 0.0470987
8.30017 0.00272167 0.00024 0.0471046
8.35013 0.00276562 0.00024 0.0471043
8.40012 0.00277589 0.00024 0.0471044
8.45012 0.0027875 0.00024 0.0470879
8.50012 0.00282078 0.00024 0.0470517
8.55012 0.00276943 0.00024 0.047107
8.60011 0.00277464 0.00024 0.0471085
8.65011 0.00278042 0.00024 0.0471015
8.70012 0.00277026 0.00024 0.0471093
8.75012 0.00277443 0.00024 0.0471057
8.80011 0.00277339 0.00024 0.04711
8.85011 0.00277927 0.00024 0.0471045
8.90012 0.0027713 0.00024 0.047107
8.95016 0.00274885 0.00024 0.0470836
9.00012 0.00277255 0.00024 0.0471048
9.05012 0.00279516 0.00024 0.0470789
9.10013 0.00276807 0.00024 0.047102
9.15012 0.00281922 0.00024 0.04706
9.20012 0.00277109 0.00024 0.047109
9.25011 0.00284474 0.00024 0.0470356
9.30012 0.0027674 0.00024 0.0471051
9.35012 0.00277412 0.00024 0.0471058
9.40016 0.0027299 0.00024 0.047109
9.45011 0.00277865 0.00024 0.0471042
9.50016 0.00272552 0.00024 0.0471076
9.55012 0.00277167 0.00024 0.0470992
9.60018 0.00271396 0.00024 0.0471045
9.65012 0.00278021 0.00024 0.0470977
9.70011 0.00278104 0.00024 0.0471051
9.75012 0.00277437 0.00024 0.0471035
9.80013 0.00277708 0.00024 0.047087
9.85011 0.00278125 0.00024 0.0470994
9.90012 0.00283198 0.00024 0.0470456
9.95013 0.002785 0.00024 0.047086
10.0001 0.00282964 0.00024 0.0470372
10.0501 0.00278073 0.00024 0.0470962
10.1001 0.00277286 0.00024 0.0471043
10.1501 0.00277411 0.00024 0.0471085
10.2001 0.00277323 0.00024 0.0471091
10.2501 0.0027849 0.00024 0.0470857
10.3001 0.00277427 0.00024 0.0471031
10.3501 0.00277365 0.00024 0.047107
10.4001 0.00277161 0.00024 0.0471083
10.4501 0.00278359 0.00024 0.0471019
10.5001 0.00277146 0.00024 0.0471073
10.5501 0.00277146 0.00024 0.0471078
10.6001 0.00277141 0.00024 0.0471102
10.6501 0.00278167 0.00024 0.0471045
10.7001 0.00277719 0.00024 0.047105
10.7501 0.00278151 0.00024 0.0471083
10.8001 0.00277177 0.00024 0.0471093
10.8501 0.00278156 0.00024 0.0471025
10.9001 0.00277417 0.00024 0.0471079
10.9502 0.00274537 0.00024 0.0470865
11.0001 0.00277901 0.00024 0.0471021
11.0501 0.00279161 0.00024 0.0470943
11.1001 0.00276963 0.00024 0.0471063
11.1501 0.00281833 0.00024 0.0470614
11.2001 0.00278359 0.00024 0.047104
11.2501 0.00283323 0.00024 0.0470576
11.3001 0.00277474 0.00024 0.0471077
11.3501 0.00277083 0.00024 0.0471105
11.4001 0.00277594 0.00024 0.0471082
11.4501 0.00278328 0.00024 0.0471047
11.5001 0.00277724 0.00024 0.0471042
11.5501 0.00277328 0.00024 0.0471098
11.6001 0.00277562 0.00024 0.0471096
11.6501 0.00278557 0.00024 0.0471016
11.7002 0.00272776 0.00024 0.0471054
11.7501 0.00284146 0.00024 0.0470207
11.8002 0.00276135 0.00024 0.0470482
11.8501 0.00280937 0.00024 0.0470515
11.9001 0.00279839 0.00024 0.0470706
11.9501 0.00275708 0.00024 0.0471105
12.0001 0.00274323 0.00024 0.0471303
12.0501 0.00275833 0.00024 0.0471396
12.1001 0.00274932 0.00024 0.0471448
12.1501 0.00275448 0.00024 0.0471466
12.2001 0.00275531 0.00024 0.0471501
12.2501 0.00276104 0.00024 0.0471411
12.3001 0.00275214 0.00024 0.0471489
12.3501 0.0027574 0.00024 0.0471484
12.4001 0.00276 0.00024 0.0471477
12.4501 0.00276016 0.00024 0.0471439
12.5001 0.00275781 0.00024 0.0471476
12.5501 0.00275646 0.00024 0.0471492
12.6001 0.00275604 0.00024 0.0471482
12.6501 0.00278521 0.00024 0.0471018
12.7001 0.0027737 0.00024 0.047109
12.7501 0.00277646 0.00024 0.0471081
12.8001 0.0027713 0.00024 0.0471107
12.8501 0.00278594 0.00024 0.0471041
12.9001 0.00277364 0.00024 0.0471087
12.9501 0.00278141 0.00024 0.047071
13.0001 0.00276854 0.00024 0.0471028
13.0501 0.00278255 0.00024 0.0470984
13.1001 0.00277224 0.00024 0.0471009
13.1501 0.00277734 0.00024 0.0471098
13.2001 0.00277312 0.00024 0.047107
13.2502 0.00272437 0.00024 0.0471034
13.3001 0.00277224 0.00024 0.047108
13.3502 0.00271203 0.00024 0.0471009
13.4001 0.00276776 0.00024 0.0471095
13.4501 0.00278635 0.00024 0.047094
13.5001 0.00276615 0.00024 0.0471044
13.5501 0.00281859 0.00024 0.0470629
13.6001 0.00277625 0.00024 0.0471069
13.6501 0.00283552 0.00024 0.0470457
13.7001 0.00277099 0.00024 0.0471042
13.7501 0.00282844 0.00024 0.047055
13.8001 0.00277323 0.00024 0.047109
13.8501 0.00278094 0.00024 0.0471035
13.9001 0.00278318 0.00024 0.0471026
13.9501 0.00277417 0.00024 0.047108
14.0001 0.00277266 0.00024 0.0471048
14.0501 0.00277948 0.00024 0.0471032
14.1002 0.00273792 0.00024 0.0470659
14.1501 0.00276833 0.00024 0.0471071
14.2001 0.00277865 0.00024 0.0471038
14.2501 0.00278026 0.00024 0.0470982
14.3001 0.00277661 0.00024 0.0471018
14.3501 0.00277458 0.00024 0.0471073
14.4001 0.0027738 0.00024 0.0471091
14.4501 0.00278255 0.00024 0.0471019
14.5001 0.00282646 0.00024 0.0470565
14.5501 0.0027738 0.00024 0.0471066
14.6001 0.00277302 0.00024 0.0471103
14.6501 0.00278453 0.00024 0.0471029
14.7001 0.00277474 0.00024 0.0471098
14.7501 0.00277526 0.00024 0.0471095
14.8001 0.00277453 0.00024 0.0471097
14.8501 0.00278188 0.00024 0.047104
14.9001 0.00277484 0.00024 0.0471077
14.9501 0.0027801 0.00024 0.0471097
15.0001 0.00277755 0.00024 0.0470962
15.0501 0.00277719 0.00024 0.0471042
15.1001 0.00277161 0.00024 0.0471085
15.1502 0.00271552 0.00024 0.047102
15.2001 0.00277219 0.00024 0.0471071
15.2501 0.00279198 0.00024 0.0470833
15.3001 0.00276807 0.00024 0.0471032
15.3501 0.00278859 0.00024 0.047093
15.4001 0.00277271 0.00024 0.0471073
15.4501 0.0028451 0.00024 0.0470411
15.5001 0.00277271 0.00024 0.0471065
15.5501 0.00277552 0.00024 0.047109
15.6001 0.00277344 0.00024 0.0471078
15.6501 0.00278276 -0.00954 0.0471017
15.7001 0.00277521 0.00024 0.0471059
15.7501 0.00278073 0.00024 0.0471023
15.8001 0.00276615 0.00024 0.0471076
15.8501 0.00278224 0.00024 0.0470891
15.9001 0.00276229 0.00024 0.0470987
15.9501 0.0027687 0.00024 0.0471076
16.0001 0.00278422 0.00024 0.047101
16.0501 0.00278271 0.00024 0.0470977
16.1002 0.00271917 0.00024 0.0471043
16.1501 0.00278193 0.00024 0.0470991
16.2002 0.00371807 0.00024 0.0461081
16.2502 0.00288396 0.00024 0.0469224
16.3002 0.00273844 0.00024 0.0470934
16.3501 0.0027937 0.00024 0.047045
16.4001 0.00277448 0.00024 0.0470811
16.4501 0.00273516 0.00024 0.0471263
16.5001 0.00274724 -0.00954 0.0471383
16.5501 0.00275182 0.00024 0.0471395
16.6001 0.0027474 0.00024 0.0471479
16.6501 0.00275036 0.00024 0.047138
16.7001 0.00275609 0.00024 0.0471416
16.7502 0.00266708 0.00024 0.0471327
16.8001 0.00274813 0.00024 0.0471474
16.8501 0.00276448 0.00024 0.0471338
16.9001 0.00275057 0.00024 0.0471469
16.9501 0.00274792 0.00024 0.0471398
17.0001 0.00274474 0.00024 0.0471322
17.0501 0.0027538 0.00024 0.0471384
17.1001 0.00273896 0.00024 0.0471417
17.1501 0.00275833 0.00024 0.0470978
17.2001 0.00276531 0.00024 0.0471016
17.2501 0.0027776 0.00024 0.0470983
17.3001 0.00277562 0.00024 0.0470896
17.3502 0.00270688 0.00024 0.0471022
17.4001 0.00277 0.00024 0.0471072
17.4501 0.00280599 0.00024 0.0470741
17.5001 0.00277594 0.00024 0.0471048
17.5501 0.0028213 0.00024 0.0470588
17.6001 0.0027726 0.00024 0.0471099
17.6501 0.00283641 0.00024 0.0470425
17.7001 0.00277161 0.00024 0.0471056
17.7501 0.00277 0.00024 0.0471079
17.8001 0.00277239 0.00024 0.0471089
17.8501 0.00278297 0.00024 0.0471012
17.9002 0.00372162 0.00024 0.0461065
17.9501 0.00276615 0.00024 0.047086
18.0002 0.00269484 0.00024 0.0470981
18.0501 0.00278484 0.00024 0.047095
18.1001 0.00284229 0.00024 0.0470395
18.1501 0.00277333 0.00024 0.0471044
18.2001 0.00281849 0.00024 0.0470377
18.2501 0.00277286 0.00024 0.0471005
18.3001 0.00283313 0.00024 0.0470347
18.3501 0.00276755 0.00024 0.0471078
18.4001 0.00276984 0.00024 0.0471089
18.4501 0.00277609 0.00024 0.0471047
18.5001 0.0027763 0.00024 0.0471051
18.5502 0.00273312 0.00024 0.0471049
18.6001 0.00277177 0.00024 0.0471131
18.6501 0.00278531 0.00024 0.0471
18.7001 0.00276682 0.00024 0.0471073
18.7501 0.00277828 0.00024 0.0471001
18.8001 0.0027651 0.00024 0.0471096
18.8501 0.00284786 0.00024 0.0470386
18.9001 0.00277057 0.00024 0.0471078
18.9501 0.00277073 0.00024 0.0471101
19.0001 0.00277052 -0.00954 0.0471032
19.0501 0.00278427 0.00024 0.0471008
19.1001 0.00278099 0.00024 0.0470892
19.1501 0.00277625 0.00024 0.0471031
19.2001 0.00277156 0.00024 0.0471079
19.2501 0.002785 0.00024 0.0470985
19.3002 0.00271667 0.00024 0.047107
19.3501 0.00277224 0.00024 0.0471093
19.4001 0.00277234 0.00024 0.0471085
19.4501 0.00278687 0.00024 0.0470983
19.5001 0.00277891 0.00024 0.0471022
19.5501 0.00278094 0.00024 0.0471018
19.6001 0.00281615 0.00024 0.0470675
19.6501 0.00278068 0.00024 0.0471025
19.7001 0.00281937 -0.00954 0.0470613
19.7501 0.00277464 0.00024 0.0471085
19.8001 0.00277453 0.00024 0.0471087
19.8501 0.00278359 0.00024 0.0471023
19.9001 0.0027749 0.00024 0.0471064
19.9502 0.0027274 0.00024 0.0471078
20.0001 0.00277495 0.00024 0.0471041
20.0501 0.00279911 0.00024 0.0470805
20.1001 0.00276854 0.00024 0.0471104
20.1501 0.0028199 0.00024 0.047062
20.2001 0.00278151 0.00024 0.047095
20.2501 0.00284625 0.00024 0.0470188
20.3001 0.00276302 0.00024 0.0471071
20.3501 0.00277276 0.00024 0.0471079
20.4002 0.00272755 0.00024 0.0471079
20.4501 0.00278339 0.00024 0.0471017
20.5002 0.00272323 0.00024 0.0471072
20.5501 0.00276979 0.00024 0.0471096
20.6001 0.00277667 0.00024 0.0471088
20.6501 0.0027701 0.00024 0.0471074
20.7001 0.00277854 0.00024 0.047103
20.7501 0.00280094 0.00024 0.0470797
20.8001 0.00280896 0.00024 0.047036
20.8502 0.00280188 0.00024 0.0470348
20.9001 0.00277464 0.00024 0.0470816
20.9501 0.00277364 0.00024 0.0470927
21.0001 0.00275063 0.00024 0.0471321
21.0501 0.00278406 0.00024 0.0471106
21.1001 0.00275823 0.00024 0.0471437
21.1501 0.00274828 0.00024 0.0471462
21.2001 0.00275333 0.00024 0.0471449
21.2501 0.00277813 0.00024 0.0471288
21.3001 0.00276135 0.00024 0.0471428
21.3501 0.00275531 0.00024 0.0471478
21.4001 0.0027576 0.00024 0.0471487
21.4501 0.00277484 0.00024 0.0471287
21.5001 0.00275786 0.00024 0.0471437
21.5501 0.0027549 0.00024 0.0471491
21.6001 0.00275594 0.00024 0.0471477
21.6501 0.00280516 0.00024 0.0470742
21.7001 0.00277901 0.00024 0.0471052
21.7501 0.0027763 0.00024 0.0471064
21.8001 0.00277484 0.00024 0.047109
21.8502 0.0037451 0.00024 0.046088
21.9001 0.00278167 0.00024 0.0471035
21.9502 0.00273083 0.00024 0.0471057
22.0001 0.00278479 0.00024 0.047086
22.0502 0.00273776 0.00024 0.0470714
22.1001 0.00278609 0.00024 0.0470945
22.1501 0.00277875 0.00024 0.0470888
22.2001 0.00276734 0.00024 0.0471058
22.2501 0.00281292 0.00024 0.0470614
22.3001 0.00278469 0.00024 0.0470993
22.3501 0.0027751 0.00024 0.0471074
22.4002 0.00272651 0.00024 0.0471074
22.4501 0.00277417 0.00024 0.0471085
22.5001 0.00278307 0.00024 0.0471018
22.5501 0.00277151 0.00024 0.0471084
22.6001 0.00281823 0.00024 0.0470641
22.6501 0.00277641 0.00024 0.0471078
22.7001 0.00283307 0.00024 0.0470545
22.7501 0.00277255 0.00024 0.0471038
22.8001 0.00277724 0.00024 0.0471087
22.8501 0.00277156 0.00024 0.0471081
22.9001 0.00277818 0.00024 0.0471048
22.9502 0.00275359 0.00024 0.0470872
23.0001 0.00277141 0.00024 0.0470988
23.0501 0.0027763 0.00024 0.0471003
23.1001 0.00278656 0.00024 0.0470939
23.1502 0.00272266 0.00024 0.0470969
23.2001 0.00277229 0.00024 0.0471075
23.2501 0.00277375 0.00024 0.0471084
23.3001 0.00279005 0.00024 0.0471007
23.3501 0.00282839 0.00024 0.047058
23.4001 0.00277245 0.00024 0.0471097
23.4501 0.00277432 0.00024 0.0471092
23.5001 0.00279167 0.00024 0.0470993
23.5501 0.00277115 0.00024 0.0471079
23.6001 0.00277344 0.00024 0.0471075
23.6501 0.00277417 0.00024 0.0471081
23.7001 0.00278568 0.00024 0.0471037
23.7501 0.00277521 0.00024 0.0471079
23.8001 0.00277271 -0.00954 0.0471098
23.8501 0.002775 0.00024 0.0471052
23.9001 0.00278339 0.00024 0.0471026
23.9501 0.00277484 0.00024 0.0471078
24.0001 0.00277302 0.00024 0.0471039
24.0501 0.00277036 0.00024 0.0471095
24.1001 0.00279005 0.00024 0.0470888
24.1501 0.00276427 0.00024 0.0471058
24.2001 0.00277125 0.00024 0.0470987
24.2501 0.00277276 0.00024 0.0470988
24.3001 0.00277693 0.00024 0.0470999
24.3501 0.00278042 0.00024 0.0470981
24.4001 0.00278224 0.00024 0.0471087
24.4501 0.00277614 0.00024 0.047108
24.5001 0.00278917 0.00024 0.0470986
24.5501 0.00277589 0.00024 0.0471056
24.6002 0.00272896 0.00024 0.0471055
24.6501 0.00277516 0.00024 0.047109
24.7001 0.00278292 0.00024 0.0470991
24.7501 0.00276677 0.00024 0.0471055
24.8001 0.00281792 0.00024 0.0470633
24.8501 0.00276276 0.00024 0.0471096
24.9001 0.00283812 0.00024 0.0470449
24.9501 0.00277479 0.00024 0.0471042
25.0001 0.00283375 0.00024 0.0470397
25.0501 0.00276932 0.00024 0.0471059
25.1001 0.00277854 0.00024 0.0471017
25.1501 0.00277375 0.00024 0.0471088
25.2001 0.00277297 0.00024 0.0471096
25.2501 0.0027787 -0.00954 0.0470878
25.308 0.00300719 0.00024 0.0390121
25.3501 0.00279255 0.00024 0.0470554
25.4001 0.00283021 0.00024 0.0470294
25.4501 0.00279036 0.00024 0.0470827
25.5001 0.0027424 0.00024 0.0471294
25.5501 0.00274849 0.00024 0.0471455
25.6001 0.00275042 0.00024 0.0471418
25.6501 0.00275662 0.00024 0.0471452
25.7001 0.00275958 0.00024 0.047138
25.7501 0.00275755 0.00024 0.047141
25.8001 0.00275766 0.00024 0.0471453
25.8501 0.00275255 0.00024 0.0471452
25.9001 0.00276464 0.00024 0.0471413
25.9501 0.00275484 0.00024 0.0471452
26.0001 0.00275958 0.00024 0.0471415
26.0501 0.00275729 0.00024 0.0471454
26.1001 0.00276042 0.00024 0.0471407
26.1503 0.00261526 0.00024 0.0470984
26.2001 0.00277385 0.00024 0.0471091
26.2502 0.00272828 0.00024 0.0471041
26.3001 0.0027812 0.00024 0.0471026
26.3502 0.0027276 0.00024 0.0471079
26.4001 0.00277646 0.00024 0.0471057
26.4501 0.00277458 0.00024 0.047108
26.5001 0.00278703 0.00024 0.0470999
26.5501 0.00277474 0.00024 0.0471057
26.6001 0.00277724 0.00024 0.0471077
26.6501 0.00281906 0.00024 0.0470667
26.7001 0.00277943 0.00024 0.0471023
26.7501 0.00277354 0.00024 0.0471091
26.8001 0.00277443 0.00024 0.0471088
26.8501 0.00277349 0.00024 0.0471072
26.9001 0.00278229 0.00024 0.0471034
26.9501 0.00279646 0.00024 0.047087
27.0002 0.00269719 0.00024 0.0470886
27.0501 0.00276589 0.00024 0.0471075
27.1001 0.00278406 0.00024 0.0470945
27.1501 0.00276885 0.00024 0.0471077
27.2001 0.00281953 0.00024 0.0470625
27.2501 0.00277115 0.00024 0.0471101
27.3001 0.00282839 0.00024 0.0470544
27.3501 0.00277729 0.00024 0.0471089
27.4001 0.002775 0.00024 0.0471093
27.4502 0.00273484 0.00024 0.0471087
27.5001 0.00278714 0.00024 0.0470995
27.5501 0.00278115 0.00024 0.0471081
27.6001 0.00277349 0.00024 0.047109
27.6501 0.00281682 0.00024 0.0470656
27.7001 0.00278297 0.00024 0.0471042
27.7501 0.00277427 0.00024 0.047108
27.8001 0.00277354 0.00024 0.0471079
27.8501 0.002775 0.00024 0.0471031
27.9001 0.00278521 0.00024 0.0471009
27.9501 0.00284396 0.00024 0.04703
28.0001 0.00276031 0.00024 0.0470984
28.0501 0.00278276 0.00024 0.0470986
28.1001 0.00278354 0.00024 0.0470969
28.1501 0.00277057 0.00024 0.0471075
28.2001 0.00277505 0.00024 0.047107
28.2501 0.00277318 0.00024 0.0471081
28.3001 0.00278615 0.00024 0.0470987
28.3501 0.00277646 0.00024 0.047103
28.4001 0.00277432 0.00024 0.0471084
28.4501 0.0027801 0.00024 0.0471089
28.5001 0.00278 0.00024 0.0471057
28.5501 0.00277531 0.00024 0.0471071
28.6001 0.00278318 0.00024 0.0471086
28.6501 0.00277354 0.00024 0.04711
28.7001 0.00278677 0.00024 0.0471012
28.7501 0.00277838 0.00024 0.0471036
28.8002 0.00272469 0.00024 0.0471075
28.8501 0.00277021 0.00024 0.0471078
28.9001 0.00283672 0.00024 0.0470466
28.9501 0.00277609 0.00024 0.0471065
29.0001 0.00282849 0.00024 0.0470493
29.0501 0.00277052 0.00024 0.0471035
29.1001 0.00285115 0.00024 0.0470256
29.1501 0.00277088 0.00024 0.0471019
29.2001 0.00277344 0.00024 0.0471069
29.2501 0.00277 0.00024 0.0471089
29.3001 0.00277911 0.00024 0.0471012
29.3502 0.00372016 0.00024 0.0461063
29.4001 0.00277005 0.00024 0.0471087
29.4501 0.00277495 0.00024 0.0471067
29.5001 0.00278266 0.00024 0.0471043
29.5501 0.00282125 0.00024 0.0470588
29.6001 0.00277375 0.00024 0.0471092
29.6501 0.00278052 0.00024 0.0471077
29.7001 0.00277849 0.00024 0.0471049
29.7501 0.00277443 0.00024 0.047107
29.8001 0.00281573 0.00024 0.0470302
29.8501 0.00283927 0.00024 0.0470002
29.9001 0.00295089 0.00024 0.0469014
29.9501 0.00281255 -0.00954 0.0470442
30.0001 0.00272818 0.00024 0.0471252
30.0501 0.00274073 0.00024 0.0471456
30.1001 0.00275838 0.00024 0.0471411
30.1501 0.00275427 0.00024 0.0471424
30.2001 0.00275255 0.00024 0.0471486
30.2501 0.00275187 0.00024 0.0471294
30.3001 0.00275234 0.00024 0.0471419
30.3501 0.00275854 0.00024 0.0471415
30.4001 0.00275469 0.00024 0.0471489
30.4501 0.00276177 0.00024 0.0471457
30.5001 0.00276052 0.00024 0.0471415
30.5501 0.00275594 0.00024 0.0471458
30.6001 0.00275359 0.00024 0.0471504
30.6501 0.00275688 0.00024 0.04715
30.7001 0.00279057 0.00024 0.0471008
30.7501 0.00277292 0.00024 0.0471082
30.8001 0.00277156 0.00024 0.0471087
30.8501 0.00277984 0.00024 0.0471079
30.9001 0.00278125 0.00024 0.0471024
30.9501 0.00278599 0.00024 0.0470992
31.0002 0.00272089 0.00024 0.0471007
31.0501 0.0027701 0.00024 0.0471047
31.1001 0.00283661 0.00024 0.0470452
31.1501 0.00277318 0.00024 0.0471085
31.2001 0.00277245 0.00024 0.0471105
31.2501 0.00277344 0.00024 0.0471089
31.3001 0.00278245 0.00024 0.0471068
31.3501 0.00277635 0.00024 0.0471057
31.4001 0.00277323 0.00024 0.0471088
31.4502 0.00273057 0.00024 0.047109
31.5001 0.00278313 0.00024 0.0471043
31.5501 0.00282057 0.00024 0.0470622
31.6001 0.00277 0.00024 0.047111
31.6501 0.00281568 0.00024 0.0470657
31.7001 0.00278568 0.00024 0.047102
31.7501 0.00278083 0.00024 0.0471079
31.8002 0.00273276 0.00024 0.0471088
31.8501 0.00279458 0.00024 0.047085
31.9001 0.00283115 0.00024 0.0470544
31.9501 0.00277484 0.00024 0.0471058
32.0001 0.00283995 -0.00954 0.0470265
32.0501 0.00276786 0.00024 0.0471026
32.1001 0.00278479 0.00024 0.0470972
32.1501 0.00277349 0.00024 0.0471
32.2001 0.00278297 0.00024 0.047098
32.2501 0.00277516 0.00024 0.047104
32.3001 0.00278396 0.00024 0.0471031
32.3501 0.00277729 0.00024 0.0471009
32.4001 0.0027749 0.00024 0.0471081
32.4502 0.00272604 0.00024 0.0471098
32.5001 0.00278875 0.00024 0.0471016
32.5502 0.00272563 0.00024 0.0471053
32.6001 0.00277417 0.00024 0.0471082
32.6501 0.00277443 0.00024 0.0471085
32.7001 0.00280521 0.00024 0.0470812
32.7501 0.00277609 0.00024 0.047107
32.8001 0.00278364 0.00024 0.0471085
32.8501 0.00277302 0.00024 0.0471072
32.9001 0.00277958 0.00024 0.0471048
32.9501 0.00282219 0.00024 0.0470578
33.0001 0.00276755 0.00024 0.0470886
33.0501 0.00283042 0.00024 0.0470391
33.1001 0.00277963 0.00024 0.0470992
33.1501 0.0028376 0.00024 0.0470404
33.2001 0.00277615 0.00024 0.0471052
33.2501 0.0027738 0.00024 0.047109
33.3001 0.00278641 0.00024 0.0470995
33.3501 0.00277885 0.00024 0.0470997
33.4002 0.00272349 0.00024 0.0471086
33.4501 0.002775 0.00024 0.0471067
33.5001 0.00278073 0.00024 0.0471055
33.5501 0.00277193 0.00024 0.0471089
33.6001 0.00277323 0.00024 0.0471092
33.6501 0.00277297 0.00024 0.0471086
33.7001 0.00278339 0.00024 0.0471022
33.7501 0.002775 0.00024 0.0471083
33.8001 0.00281969 0.00024 0.0470633
33.8501 0.00278547 0.00024 0.0471025
33.9001 0.00282646 0.00024 0.0470599
33.9501 0.00278208 0.00024 0.0471005
34.0001 0.00282917 0.00024 0.0470501
34.0501 0.00277068 0.00024 0.047109
34.1001 0.00285578 0.00024 0.0470206
34.1501 0.00276635 0.00024 0.0471
34.2001 0.00277271 0.00024 0.0471086
34.2501 0.00277458 0.00024 0.0471054
34.3001 0.00288542 0.00024 0.0469781
34.3502 0.00279469 0.00024 0.04701
34.4001 0.00282047 0.00024 0.0470192
34.4501 0.00278625 0.00024 0.0470541
34.5001 0.00281031 0.00024 0.047053
34.5501 0.00273698 0.00024 0.0471318
34.6001 0.00274557 0.00024 0.0471446
34.6501 0.00275349 0.00024 0.0471487
34.7001 0.00275828 0.00024 0.0471395
34.7501 0.00275125 0.00024 0.0471456
34.8001 0.00275729 0.00024 0.0471457
34.8501 0.00275354 0.00024 0.0471462
34.9001 0.00275958 0.00024 0.0471426
34.9501 0.00275292 0.00024 0.0471469
35.0001 0.00275562 0.00024 0.0471416
35.0501 0.00275734 0.00024 0.0471414
35.1001 0.00276125 0.00024 0.0471404
35.1501 0.00275729 0.00024 0.0471423
35.2001 0.00275693 0.00024 0.0471448
35.2501 0.00276995 0.00024 0.0470867
35.3001 0.00277813 0.00024 0.0470978
35.3501 0.00277562 0.00024 0.0471013
35.4001 0.00277286 0.00024 0.0471074
35.4501 0.00277979 0.00024 0.0471101
35.5001 0.00277896 0.00024 0.0471049
35.5502 0.00372021 0.00024 0.0461064
35.6001 0.00277203 0.00024 0.0471098
35.6501 0.0027738 0.00024 0.0471082
35.7001 0.00278083 0.00024 0.0471035
35.7501 0.00277901 0.00024 0.0471026
35.8001 0.00277505 0.00024 0.0471075
35.8501 0.00282755 0.00024 0.0470541
35.9001 0.00277693 0.00024 0.0471048
35.9501 0.00277849 0.00024 0.0471091
36.0001 0.00277094 0.00024 0.0471025
36.0501 0.00315026 0.00024 0.0467353
36.1001 0.00277703 0.00024 0.0470864
36.1502 0.00272974 0.00024 0.047082
36.2001 0.00276203 0.00024 0.0471065
36.2501 0.00276911 0.00024 0.047102
36.3001 0.00277964 0.00024 0.0470988
36.3501 0.00277219 0.00024 0.0471044
36.4001 0.00278479 0.00024 0.0470865
36.4501 0.00276406 0.00024 0.0471045
36.5001 0.00278656 0.00024 0.0470854
36.5501 0.00282948 0.00024 0.0470417
36.6002 0.00270927 0.00024 0.0470871
36.6501 0.00277328 0.00024 0.0470948
36.7001 0.00278078 0.00024 0.0470912
36.7501 0.00276677 0.00024 0.047104
36.8001 0.00282526 0.00024 0.0470542
36.8501 0.00276615 0.00024 0.0471041
36.9001 0.00278156 0.00024 0.0471037
36.9501 0.00277516 0.00024 0.0471074
37.0001 0.00278698 0.00024 0.0470964
37.0501 0.00277031 0.00024 0.0470853
37.1001 0.00277573 0.00024 0.0470963
37.1501 0.00276339 0.00024 0.0471027
37.2001 0.00277625 0.00024 0.0471078
37.2501 0.00277432 0.00024 0.0471077
37.3001 0.00277838 0.00024 0.0471036
37.3501 0.00277531 0.00024 0.0471045
37.4001 0.00277599 0.00024 0.047107
37.4502 0.00272609 0.00024 0.0471077
37.5001 0.00278318 0.00024 0.0471031
37.5502 0.00273083 0.00024 0.047105
37.6001 0.002775 0.00024 0.0471088
37.6502 0.00273172 0.00024 0.0471077
37.7001 0.00278042 0.00024 0.0471044
37.7502 0.00272823 0.00024 0.0471069
37.8001 0.00277146 0.00024 0.047112
37.8501 0.00277583 0.00024 0.0471065
37.9001 0.00278005 0.00024 0.0471048
37.9501 0.00282224 0.00024 0.0470605
38.0001 0.00277135 0.00024 0.0471023
38.0501 0.00283505 0.00024 0.0470487
38.1001 0.00278271 0.00024 0.0471012
38.1501 0.00276526 0.00024 0.047103
38.2002 0.00272651 0.00024 0.0471088
38.2501 0.00277599 0.00024 0.0471063
38.3001 0.00278812 0.00024 0.0470976
38.3501 0.00277245 0.00024 0.0471083
38.4001 0.00282083 0.00024 0.0470619
38.4501 0.00278568 0.00024 0.0471044
38.5001 0.00283234 0.00024 0.0470512
38.5501 0.00277167 0.00024 0.0471062
38.6001 0.00278562 0.00024 0.047108
38.6501 0.00278938 0.00024 0.0470863
38.7001 0.00277469 0.00024 0.0470974
38.7502 0.00271042 0.00024 0.0471002
38.8001 0.00277297 0.00024 0.0471059
38.8501 0.00315406 0.00024 0.046688
38.9002 0.00277885 0.00024 0.0470333
38.9501 0.00280823 0.00024 0.0470344
39.0001 0.00279896 0.00024 0.0470702
39.0501 0.00273719 0.00024 0.0471306
39.1001 0.00277734 0.00024 0.0471158
39.1501 0.00274896 0.00024 0.0471316
39.2001 0.00274516 0.00024 0.0471425
39.2501 0.0027551 0.00024 0.047145
39.3001 0.00276255 0.00024 0.0471386
39.3501 0.00275167 0.00024 0.0471453
39.4001 0.00275615 0.00024 0.0471489
39.4501 0.00275417 0.00024 0.0471505
39.5001 0.00276161 0.00024 0.0471426
39.5501 0.00275453 0.00024 0.047148
39.6001 0.00275682 0.00024 0.0471476
39.6501 0.00275656 0.00024 0.0471467
39.7001 0.00278719 0.00024 0.0471002
39.7501 0.00277359 0.00024 0.0471061
39.8002 0.00271339 0.00024 0.0470925
39.8501 0.00277167 0.00024 0.0471018
39.9001 0.00278417 0.00024 0.0470946
39.9501 0.00276932 0.00024 0.0471052
40.0001 0.00283208 0.00024 0.0470406
40.0501 0.00276312 0.00024 0.0471073
40.1001 0.0027674 0.00024 0.0471019
40.1501 0.00278984 0.00024 0.0470995
40.2001 0.00276552 0.00024 0.0471103
40.2501 0.00276297 0.00024 0.047095
40.3001 0.00278792 0.00024 0.0470825
40.3501 0.00277615 0.00024 0.0471043
40.4001 0.00277219 0.00024 0.0470996
40.4501 0.00276979 0.00024 0.0471078
40.5001 0.00280057 0.00024 0.0470817
40.5501 0.00278042 0.00024 0.0471024
40.6001 0.00277693 0.00024 0.0471045
40.6502 0.00272771 0.00024 0.0471087
40.7001 0.00279307 0.00024 0.0470864
40.7501 0.00282885 0.00024 0.0470566
40.8001 0.0027724 0.00024 0.0471078
40.8501 0.00276932 0.00024 0.0471075
40.9002 0.00274802 0.00024 0.0470867
40.9501 0.00278349 0.00024 0.0471014
41.0002 0.00272464 0.00024 0.0470998
41.0501 0.00277437 0.00024 0.047102
41.1002 0.00272573 0.00024 0.0471076
41.1501 0.00278443 0.00024 0.0471031
41.2001 0.0028301 0.00024 0.0470562
41.2501 0.00278297 0.00024 0.0471076
41.3001 0.00282281 0.00024 0.0470592
41.3501 0.00278286 0.00024 0.0471042
41.4001 0.00277464 0.00024 0.0471082
41.4501 0.00277406 0.00024 0.0471081
41.5001 0.00277938 0.00024 0.0471062
41.5501 0.00278531 0.00024 0.0471026
41.6001 0.00275875 0.00024 0.0470934
41.6501 0.00277104 0.00024 0.0471002
41.7001 0.00276771 0.00024 0.0471063
41.7501 0.0027876 0.00024 0.0470986
41.8001 0.00277031 0.00024 0.0471081
41.8501 0.00277469 0.00024 0.0471051
41.9001 0.00277219 0.00024 0.0471087
41.9501 0.00277682 0.00024 0.047104
42.0001 0.00279099 0.00024 0.047079
42.0501 0.00276365 0.00024 0.047087
42.1001 0.00276437 0.00024 0.0471029
42.1501 0.00278823 0.00024 0.0470979
42.2001 0.00277255 0.00024 0.047104
42.2501 0.00277703 0.00024 0.0471072
42.3001 0.00277151 0.00024 0.0471075
42.3501 0.00278568 0.00024 0.0471008
42.4001 0.00277161 0.00024 0.0471084
42.4502 0.00272771 0.00024 0.0471075
42.5001 0.00277396 0.00024 0.047109
42.5501 0.00278958 0.00024 0.0470983
42.6001 0.00277005 0.00024 0.0471078
42.6501 0.00282177 0.00024 0.0470623
42.7001 0.00277344 0.00024 0.0471087
42.7501 0.00283141 0.00024 0.0470548
42.8001 0.00277031 0.00024 0.0471045
42.8501 0.00276745 0.00024 0.0471067
42.9001 0.00277953 0.00024 0.0471083
42.9501 0.00278229 0.00024 0.0471023
43.0001 0.00277042 0.00024 0.0470979
43.0501 0.00277073 0.00024 0.0471053
43.1001 0.00277531 0.00024 0.047107
43.1501 0.00278474 0.00024 0.0471004
43.2002 0.00273073 0.00024 0.0471012
43.2501 0.00277922 0.00024 0.0471044
43.3001 0.00278484 0.00024 0.0471082
43.3502 0.00279854 0.00024 0.0470233
43.4002 0.00278531 0.00024 0.0470267
43.4501 0.00281302 0.00024 0.0470331
43.5001 0.0028049 0.00024 0.047057
43.5501 0.00274844 0.00024 0.0471102
43.6001 0.00274271 0.00024 0.0471442
43.6501 0.00275401 0.00024 0.0471462
43.7001 0.0027562 0.00024 0.0471478
43.7501 0.00287182 0.00024 0.046991
43.8001 0.00272568 0.00024 0.0471282
43.8501 0.00274792 0.00024 0.0471396
43.9001 0.00274667 0.00024 0.0471409
43.9501 0.00276016 0.00024 0.047132
44.0001 0.00274948 0.00024 0.0471369
44.0501 0.00275302 0.00024 0.0471431
44.1001 0.00275234 0.00024 0.0471449
44.1501 0.0027876 0.00024 0.0471115
44.2001 0.00274578 0.00024 0.0471318
44.2501 0.00277213 0.00024 0.0470978
44.3001 0.00277412 0.00024 0.0471036
44.3501 0.00278036 0.00024 0.0471016
44.4001 0.00276562 0.00024 0.0470982
44.4502 0.00272359 0.00024 0.0471
44.5001 0.00277385 0.00024 0.0471042
44.5501 0.00278177 0.00024 0.0471024
44.6001 0.00277073 0.00024 0.0471031
44.6501 0.00281714 0.00024 0.0470607
44.7001 0.0027763 0.00024 0.0471045
44.7501 0.00282943 0.00024 0.0470544
44.8001 0.00277995 0.00024 0.0471014
44.8501 0.00277687 0.00024 0.0471018
44.9002 0.00273094 0.00024 0.047102
44.9501 0.00277823 0.00024 0.0471048
45.0001 0.00277948 0.00024 0.0470985
45.0501 0.00277448 0.00024 0.0471004
45.1001 0.00282182 0.00024 0.047056
45.1501 0.00278151 0.00024 0.0471027
45.2001 0.00282693 0.00024 0.0470529
45.2501 0.00278365 0.00024 0.047099
45.3001 0.00277385 0.00024 0.0471052
45.3501 0.00277896 0.00024 0.0471062
45.4001 0.00278234 0.00024 0.0471113
45.4502 0.00272953 0.00024 0.0471001
45.5001 0.00277776 -0.00954 0.0471044
45.5501 0.00277542 0.00024 0.0471093
45.6001 0.00276938 0.00024 0.047108
45.6501 0.00281828 0.00024 0.0470607
45.7001 0.00277495 0.00024 0.0471067
45.7501 0.00283229 0.00024 0.0470466
45.8001 0.00277578 0.00024 0.0471025
45.8501 0.00277599 0.00024 0.0471006
45.9002 0.00273271 0.00024 0.047101
45.9501 0.00277838 0.00024 0.0471075
46.0002 0.00269448 0.00024 0.0470858
46.0501 0.00277734 0.00024 0.0470986
46.1001 0.00277833 0.00024 0.047103
46.1501 0.0027825 0.00024 0.0471003
46.2001 0.00277714 0.00024 0.0471001
46.2501 0.00278 0.00024 0.0471029
46.3001 0.00277995 0.00024 0.0471039
46.3501 0.00277562 0.00024 0.0471081
46.4001 0.00283698 0.00024 0.0470124
46.4501 0.00279495 0.00024 0.0470925
46.5001 0.00277583 0.00024 0.0471028
46.5501 0.00278135 0.00024 0.0471016
46.6001 0.00277156 0.00024 0.0470966
46.6502 0.00269745 0.00024 0.0471114
46.7001 0.0027751 0.00024 0.0471035
46.7501 0.00278354 0.00024 0.047102
46.8001 0.00277469 0.00024 0.0471027
46.8501 0.00282989 0.00024 0.0470479
46.9001 0.00277687 0.00024 0.0471043
46.9501 0.00284479 0.00024 0.0470426
47.0001 0.00277068 0.00024 0.0470991
47.0501 0.00283672 0.00024 0.0470354
47.1001 0.00277552 0.00024 0.0470967
47.1501 0.00278599 0.00024 0.0470992
47.2001 0.00277667 0.00024 0.0471029
47.2501 0.00277693 0.00024 0.0471042
47.3001 0.00277885 0.00024 0.0471045
47.3501 0.00278776 0.00024 0.0470989
47.4002 0.00372792 0.00024 0.0461041
47.4501 0.00277422 0.00024 0.0471045
47.5001 0.00282901 0.00024 0.047059
47.5501 0.00278917 0.00024 0.047098
47.6001 0.00282615 0.00024 0.0470568
47.6501 0.00277458 0.00024 0.0471037
47.7001 0.00276953 0.00024 0.0471118
47.7501 0.00278568 0.00024 0.0471019
47.8001 0.00278141 0.00024 0.0471012
47.8501 0.00285292 0.00024 0.0470088
47.9002 0.00278297 -0.00954 0.0470043
47.9501 0.0028301 0.00024 0.0470145
48.0001 0.00282281 0.00024 0.0470347
48.0501 0.00286234 0.00024 0.0470053
48.1002 0.00270901 0.00024 0.0471249
48.1501 0.00275469 0.00024 0.0471369
48.2001 0.00275495 0.00024 0.0471453
48.2501 0.00275583 0.00024 0.0471456
48.3001 0.00275641 0.00024 0.047147
48.3501 0.00276307 0.00024 0.0471435
48.4001 0.00275365 0.00024 0.047146
48.4501 0.0027551 0.00024 0.0471495
48.5001 0.00276411 0.00024 0.0471427
48.5501 0.00276443 0.00024 0.0471435
48.6001 0.00275771 0.00024 0.0471457
48.6501 0.0027575 0.00024 0.0471479
48.7001 0.00275849 0.00024 0.0471478
48.7501 0.00278255 0.00024 0.0471042
48.8001 0.00276292 0.00024 0.0470873
48.8501 0.00277974 0.00024 0.0470999
48.9001 0.00277083 0.00024 0.0471075
48.9501 0.00278677 0.00024 0.0470983
49.0001 0.00287375 0.00024 0.0469936
49.0502 0.00268865 0.00024 0.0470863
49.1001 0.00275667 0.00024 0.0470985
49.1501 0.00278161 0.00024 0.047099
49.2001 0.00276776 0.00024 0.0470974
49.2501 0.00284885 0.00024 0.0470242
49.3001 0.00277036 0.00024 0.0471056
49.3501 0.00278276 0.00024 0.047096
49.4001 0.00277838 0.00024 0.0471057
49.4501 0.00277557 0.00024 0.0471061
49.5001 0.00277729 0.00024 0.0471076
49.5501 0.00278844 0.00024 0.047102
49.6002 0.00273047 0.00024 0.0471036
49.6501 0.00277391 0.00024 0.0471049
49.7001 0.00277354 0.00024 0.0471083
49.7501 0.00278177 0.00024 0.0471017
49.8001 0.00277729 0.00024 0.0471067
49.8501 0.00277813 0.00024 0.0471007
49.9001 0.00282578 0.00024 0.0470586
49.9501 0.00278203 0.00024 0.0471044
50.0001 0.00282531 0.00024 0.0470455
50.0501 0.00277359 0.00024 0.0471053
50.1001 0.00277901 -0.00954 0.0471059
50.1501 0.00278286 0.00024 0.0471017
50.2001 0.00277516 0.00024 0.0471075
50.2501 0.00275911 0.00024 0.0470991
50.3001 0.00276229 0.00024 0.0471048
50.3501 0.0027825 0.00024 0.0471028
50.4001 0.00278469 0.00024 0.0470977
50.4501 0.00278099 0.00024 0.0471069
50.5001 0.00277656 0.00024 0.0471075
50.5501 0.0027825 0.00024 0.0471023
50.6001 0.00277057 0.00024 0.0471128
50.6502 0.00273297 0.00024 0.0471059
50.7001 0.00277911 0.00024 0.0471038
50.7501 0.00279005 0.00024 0.0470988
50.8001 0.00277323 0.00024 0.0471072
50.8501 0.00282073 0.00024 0.047058
50.9001 0.00277562 0.00024 0.0471075
50.9501 0.00277979 0.00024 0.0471069
51.0001 0.00277568 0.00024 0.0470994
51.0501 0.00278385 0.00024 0.0471009
51.1001 0.00277651 0.00024 0.0470854
51.1501 0.00275682 0.00024 0.0470856
