1.094e-06 0.0029799 0.00024 0.00199755
0.00529464 0.00272625 0.00024 0.00197135
0.0101414 0.00278422 0.00024 0.00206807
0.0151297 0.00278547 0.00024 0.0020813
0.0201081 0.00280458 0.00024 0.00208406
0.0251126 0.00279865 0.00024 0.00208526
0.0301045 0.00280719 0.00024 0.00208516
0.0351907 0.00272729 0.00024 0.00207838
0.0401013 0.00280589 0.00024 0.00208979
0.0451119 0.00280083 0.00024 0.00208203
0.0501063 0.0028549 0.00024 0.00203427
0.0551127 0.00280583 0.00024 0.00207667
0.0601097 0.0028038 0.00024 0.00208297
0.0651069 0.00286187 0.00024 0.00202766
0.0701227 0.00279338 0.00024 0.00207953
0.0751142 0.00280151 0.00024 0.00208068
0.0801062 0.00280443 0.00024 0.00208609
0.0851073 0.00280719 0.00024 0.00208229
0.0901062 0.00280865 0.00024 0.00208203
0.0951064 0.00280578 0.00024 0.00208464
0.100105 0.00280583 0.00024 0.00208557
0.105111 0.00279958 0.00024 0.00208578
0.110104 0.00280912 0.00024 0.00208406
0.11511 0.00280203 0.00024 0.00208427
0.120104 0.00280786 0.00024 0.00208505
0.12511 0.00280443 0.00024 0.00208208
0.130105 0.00280682 0.00024 0.00208484
0.13511 0.00280422 0.00024 0.0020824
0.140105 0.00280818 0.00024 0.0020838
0.145108 0.00280411 0.00024 0.00208443
0.150105 0.00280896 0.00024 0.00208286
0.155112 0.00280115 0.00024 0.00208276
0.160105 0.00280693 0.00024 0.00208536
0.165112 0.0028024 0.00024 0.00208198
0.170105 0.00280917 0.00024 0.00208318
0.17511 0.00280375 0.00024 0.00208328
0.180104 0.00280755 0.00024 0.002085
0.18511 0.00280177 0.00024 0.00208474
0.190104 0.00284865 0.00024 0.00204427
0.195112 0.00280177 -0.00954 0.00208328
0.200105 0.00280682 0.00024 0.002085
0.20511 0.0027976 0.00024 0.00208917
0.210099 0.00280667 0.00024 0.00209135
0.215102 0.00280958 0.00024 0.00208526
0.220104 0.00280609 0.00024 0.00208646
0.225112 0.00279787 0.00024 0.00208479
0.230105 0.00280547 0.00024 0.00208625
0.235106 0.00285875 0.00024 0.00203224
0.240104 0.00280594 0.00024 0.00208703
0.245192 0.00271953 0.00024 0.0020849
0.250105 0.00280521 0.00024 0.00208635
0.255112 0.00280396 0.00024 0.00207766
0.260113 0.0027976 0.00024 0.00208661
0.265107 0.00280297 0.00024 0.00208729
0.270106 0.00280589 0.00024 0.00208547
0.275105 0.00280406 0.00024 0.00208599
0.280105 0.00280484 0.00024 0.00208667
0.285105 0.00280687 0.00024 0.00208448
0.290104 0.00280578 0.00024 0.00208651
0.295105 0.0028062 0.00024 0.00208547
0.300114 0.00279922 0.00024 0.00208333
0.305113 0.00279729 0.00024 0.00208505
0.310104 0.00280625 0.00024 0.00208615
0.315111 0.0027999 0.00024 0.00208505
0.320104 0.00280672 0.00024 0.00208573
0.32511 0.00280182 0.00024 0.00208453
0.330105 0.00280568 0.00024 0.00208609
0.33511 0.00279953 0.00024 0.00208724
0.340162 0.00274901 0.00024 0.0020851
0.345111 0.00279724 0.00024 0.00208672
0.350106 0.00280432 0.00024 0.0020863
0.355107 0.00280401 0.00024 0.00208599
0.360106 0.00280521 0.00024 0.00208609
0.365148 0.00276505 0.00024 0.00208245
0.370105 0.00280609 0.00024 0.00208516
0.375113 0.00279766 0.00024 0.00208661
0.380106 0.00280422 0.00024 0.00208703
0.38511 0.00279984 0.00024 0.00208651
0.390104 0.00280547 0.00024 0.00208708
0.395111 0.00279828 0.00024 0.00208724
0.400104 0.00280557 0.00024 0.00208688
0.405112 0.00279797 0.00024 0.00208729
0.410105 0.00280547 0.00024 0.00208672
0.41511 0.00279979 0.00024 0.00208698
0.420105 0.002805 0.00024 0.00208667
0.42511 0.00279917 0.00024 0.00208729
0.430104 0.00280615 0.00024 0.00208656
0.435111 0.00279953 0.00024 0.00208651
0.440152 0.00275969 0.00024 0.00208484
0.445111 0.0028012 0.00024 0.00208427
0.450104 0.0028076 0.00024 0.00208495
0.455111 0.00280646 0.00024 0.00207625
0.460112 0.0028026 0.00024 0.00208156
0.465106 0.0028088 0.00024 0.00208172
0.470104 0.00280682 0.00024 0.00208484
0.475105 0.0028088 0.00024 0.00208297
0.480105 0.00280719 0.00024 0.0020849
0.485106 0.0028076 0.00024 0.00208312
0.490105 0.00280729 0.00024 0.00208406
0.495105 0.00280937 0.00024 0.0020826
0.500107 0.00280604 0.00024 0.00208391
0.50511 0.0028025 0.00024 0.00208422
0.510105 0.0028062 0.00024 0.00208609
0.515117 0.00279927 0.00024 0.00208
0.520107 0.00280469 0.00024 0.00208443
0.525111 0.00280203 0.00024 0.00208333
0.530104 0.00280776 0.00024 0.00208453
0.53511 0.00280339 0.00024 0.00208312
0.540105 0.00286312 0.00024 0.00202891
0.545113 0.00280042 0.00024 0.00208323
0.550105 0.0028076 0.00024 0.00208427
0.555112 0.00280125 0.00024 0.00208328
0.560104 0.00280922 0.00024 0.0020838
0.565106 0.00280635 0.00024 0.00208448
0.57011 0.0028038 0.00024 0.00208255
0.575117 0.00279687 0.00024 0.00208302
0.580106 0.00280651 0.00024 0.00208422
0.585112 0.00281969 0.00024 0.00206385
0.59011 0.00280411 0.00024 0.00208219
0.595118 0.00280891 0.00024 0.00206938
0.600112 0.00280344 0.00024 0.00208125
0.605118 0.00279698 0.00024 0.00208198
0.610105 0.0028076 0.00024 0.00208396
0.615111 0.00280234 0.00024 0.00208333
0.620105 0.00280766 0.00024 0.0020838
0.625111 0.00280313 0.00024 0.00208323
0.630105 0.00280714 0.00024 0.00208484
0.635111 0.00279458 0.00024 0.00209125
0.640098 0.00280635 0.00024 0.00209187
0.645104 0.00281021 0.00024 0.00208245
0.650105 0.00281073 0.00024 0.00208135
0.655112 0.00280911 0.00024 0.00207365
0.660111 0.00280078 0.00024 0.00208458
0.665107 0.00280703 0.00024 0.00208245
0.670107 0.00280719 0.00024 0.00208292
0.675107 0.00280745 0.00024 0.00208224
0.680106 0.0028063 0.00024 0.00208495
0.685106 0.00280849 0.00024 0.00208214
0.690105 0.00280912 0.00024 0.0020826
0.695106 0.0028076 0.00024 0.00208328
0.700106 0.00280922 0.00024 0.00208193
0.705105 0.00281 0.00024 0.00208208
0.710104 0.00280781 0.00024 0.00208474
0.715111 0.00280297 0.00024 0.00208287
0.720105 0.00280646 0.00024 0.00208552
0.725113 0.00280094 0.00024 0.00208339
0.730105 0.00280771 0.00024 0.00208469
0.735105 0.00280818 0.00024 0.00208427
0.740106 0.0028063 0.00024 0.00208479
0.745162 0.0027512 0.00024 0.00208375
0.750106 0.00280703 0.00024 0.00208417
0.75511 0.00279458 0.00024 0.00209172
0.760099 0.00280839 0.00024 0.00209
0.765103 0.00280542 0.00024 0.00208849
0.770104 0.00280682 0.00024 0.00208531
0.775106 0.00280693 0.00024 0.00208453
0.780103 0.00280714 0.00024 0.00208599
0.785111 0.00279745 0.00024 0.00208786
0.790104 0.00281391 0.00024 0.00207719
0.795115 0.00279594 0.00024 0.00208609
0.800103 0.00280781 0.00024 0.00208578
0.805109 0.00280828 0.00024 0.00207938
0.810105 0.00280547 0.00024 0.00208646
0.815109 0.00280224 0.00024 0.00208604
0.820104 0.00280781 0.00024 0.00208531
0.825109 0.00280042 0.00024 0.0020875
0.830103 0.00280729 0.00024 0.00208688
0.835109 0.00280057 -0.00954 0.00208698
0.840103 0.0028062 0.00024 0.00208786
0.845158 0.00275422 0.00024 0.00208458
0.850104 0.00280646 0.00024 0.00208682
0.85511 0.00282516 0.00024 0.00206151
0.860111 0.0028025 0.00024 0.00208255
0.865107 0.00280594 0.00024 0.00208385
0.870106 0.00280625 0.00024 0.00208521
0.875116 0.00280068 0.00024 0.00207964
0.880108 0.00280385 0.00024 0.00208531
0.885105 0.00280896 0.00024 0.0020824
0.890103 0.00281094 0.00024 0.00208255
0.895104 0.00280609 0.00024 0.00208635
0.900104 0.00280531 -0.00954 0.00208724
0.905103 0.00280615 0.00024 0.00208724
0.910105 0.0028062 0.00024 0.00208609
0.915111 0.00280188 0.00024 0.00208432
0.920104 0.00280609 0.00024 0.00208708
0.92511 0.00279995 0.00024 0.00208599
0.930104 0.00280583 0.00024 0.00208672
0.93511 0.00279953 0.00024 0.00208693
0.940105 0.00280495 0.00024 0.00208714
0.945164 0.00274589 0.00024 0.00208609
0.950105 0.00280573 0.00024 0.00208672
0.95511 0.00279875 0.00024 0.00208786
0.960103 0.0028075 0.00024 0.00208609
0.965109 0.00280026 0.00024 0.00208714
0.970103 0.0028076 0.00024 0.00208651
0.975109 0.00280115 0.00024 0.00208688
0.980103 0.00280641 0.00024 0.00208708
0.985104 0.00280594 0.00024 0.00208594
0.990105 0.00280599 0.00024 0.00208594
0.995111 0.00279927 0.00024 0.00208703
1.0001 0.00280656 0.00024 0.00208703
1.00511 0.00280099 0.00024 0.00208651
1.0101 0.00280615 0.00024 0.0020876
1.01511 0.00280109 0.00024 0.00208641
1.0201 0.00280609 0.00024 0.00208729
1.02511 0.00279984 0.00024 0.00208766
1.0301 0.00280599 0.00024 0.0020876
1.03511 0.00280047 0.00024 0.00208667
1.0401 0.00280667 0.00024 0.00208734
1.04515 0.00275625 0.00024 0.0020862
1.0501 0.00280672 0.00024 0.00208651
1.05511 0.00283146 0.00024 0.00205427
1.06011 0.00280438 0.00024 0.00208318
1.06511 0.00280885 0.00024 0.00208037
1.07011 0.002805 0.00024 0.00208625
1.07511 0.00280594 0.00024 0.00208526
1.0801 0.00280708 0.00024 0.00208688
1.0851 0.00280958 0.00024 0.00208214
1.0901 0.00280849 0.00024 0.00208557
1.0951 0.00280662 0.00024 0.00208698
1.1001 0.002805 0.00024 0.00208729
1.10511 0.00280422 0.00024 0.00208688
1.1101 0.00280661 0.00024 0.00208734
1.1151 0.00280953 0.00024 0.0020824
1.1201 0.00280547 0.00024 0.00208786
1.1251 0.00280547 0.00024 0.00208651
1.1301 0.00280589 0.00024 0.00208745
1.13511 0.00279854 0.00024 0.0020874
1.1401 0.00280578 0.00024 0.00208714
1.14516 0.00274807 0.00024 0.00208625
1.1501 0.00280583 0.00024 0.00208745
1.15511 0.00279948 0.00024 0.00208708
1.1601 0.00280724 0.00024 0.00208615
1.16511 0.00279938 0.00024 0.00208724
1.1701 0.00280865 0.00024 0.0020851
1.17511 0.0028013 0.00024 0.00208641
1.1801 0.00280583 0.00024 0.00208719
1.18511 0.00280042 0.00024 0.00208786
1.1901 0.00280672 0.00024 0.0020874
1.1951 0.00280516 0.00024 0.00208682
1.2001 0.00280755 0.00024 0.00208583
1.20511 0.00280135 0.00024 0.00208599
1.2101 0.00280682 0.00024 0.0020862
1.21511 0.00279943 0.00024 0.00208719
1.2201 0.00280578 0.00024 0.00208682
1.22511 0.00280042 0.00024 0.00208698
1.2301 0.00280745 0.00024 0.00208656
1.23511 0.00280542 0.00024 0.00208651
1.2401 0.00280693 0.00024 0.00208693
1.24511 0.00280302 0.00024 0.00208521
1.2501 0.0028075 0.00024 0.00208557
1.25511 0.00282406 0.00024 0.00206312
1.26011 0.00280208 0.00024 0.00208365
1.26511 0.00280552 0.00024 0.00208599
1.2701 0.0028076 0.00024 0.00208516
1.27511 0.00280693 0.00024 0.00208458
1.2801 0.00280609 0.00024 0.00208661
1.2851 0.00280859 0.00024 0.00208589
1.2901 0.00280641 0.00024 0.00208635
1.2951 0.00280646 0.00024 0.00208667
1.30011 0.00280453 0.00024 0.00208708
1.3051 0.00280578 0.00024 0.00208734
1.3101 0.00280599 0.00024 0.0020874
1.31511 0.00279932 0.00024 0.00208724
1.3201 0.00280662 0.00024 0.00208688
1.32511 0.00280026 0.00024 0.00208646
1.3301 0.00280656 0.00024 0.00208698
1.33511 0.00279938 0.00024 0.00208693
1.3401 0.00280656 0.00024 0.00208625
1.34511 0.00284703 0.00024 0.00204021
1.3501 0.00280766 0.00024 0.00208464
1.35511 0.00280052 0.00024 0.00208651
1.3601 0.00294505 0.00024 0.00194802
1.36514 0.00278661 0.00024 0.002065
1.37011 0.00280036 0.00024 0.00208375
1.37512 0.00279969 0.00024 0.0020801
1.38011 0.00280484 0.00024 0.00208344
1.38513 0.00278536 0.00024 0.00207844
1.39011 0.00280052 0.00024 0.00208474
1.39511 0.00279229 0.00024 0.00209037
1.4001 0.00280516 0.00024 0.00209068
1.40511 0.00280313 0.00024 0.00207995
1.41011 0.00280672 0.00024 0.00208219
1.41511 0.00280125 0.00024 0.00208412
1.42011 0.00280542 0.00024 0.00208594
1.42511 0.00280536 0.00024 0.00208063
1.4301 0.0028087 0.00024 0.00208385
1.43511 0.00280156 0.00024 0.00208432
1.4401 0.00280719 0.00024 0.00208531
1.44511 0.00285812 0.00024 0.00202818
1.45011 0.00280661 0.00024 0.00208328
1.45511 0.00284016 0.00024 0.00204474
1.46011 0.00279984 0.00024 0.00208146
1.46511 0.00280448 0.00024 0.0020813
1.4701 0.00280787 0.00024 0.00208443
1.47511 0.00280708 0.00024 0.00208287
1.4801 0.00280724 0.00024 0.00208458
1.48511 0.00280656 0.00024 0.00208297
1.49011 0.00280589 0.00024 0.00208443
1.49511 0.00280531 0.00024 0.00208505
1.5001 0.00280802 0.00024 0.00208406
1.50511 0.00280766 0.00024 0.0020837
1.5101 0.00280771 0.00024 0.00208427
1.51512 0.00279849 0.00024 0.00207943
1.52011 0.00280594 0.00024 0.00208349
1.52511 0.00280078 0.00024 0.00208375
1.5301 0.00280672 0.00024 0.00208537
1.53511 0.00280344 0.00024 0.00208229
1.54011 0.00280755 0.00024 0.00208412
1.54511 0.00280182 0.00024 0.0020851
1.55017 0.00274734 0.00024 0.00208255
1.55511 0.00280203 0.00024 0.00208323
1.56011 0.00280589 0.00024 0.0020849
1.56511 0.00279562 0.00024 0.00209109
1.5701 0.00280792 0.00024 0.00209052
1.5751 0.00280917 0.00024 0.00208484
1.5801 0.00284245 0.00024 0.0020499
1.58511 0.00279828 0.00024 0.00208599
1.5901 0.00280583 0.00024 0.00208651
1.59511 0.00281552 0.00024 0.00207099
1.60011 0.0028038 0.00024 0.00208422
1.60511 0.00279719 0.00024 0.00208615
1.6101 0.00280828 0.00024 0.002085
1.6151 0.00280719 0.00024 0.0020863
1.6201 0.00280578 0.00024 0.00208656
1.62511 0.0028 0.00024 0.00208698
1.6301 0.0028063 0.00024 0.00208698
1.63511 0.00280047 0.00024 0.00208563
1.6401 0.00280578 0.00024 0.00208745
1.64511 0.00279917 0.00024 0.00208755
1.65015 0.00275667 0.00024 0.00208594
1.65511 0.00283037 0.00024 0.00205443
1.66011 0.00279912 0.00024 0.0020838
1.66511 0.00280776 0.00024 0.00208156
1.6701 0.00280687 0.00024 0.00208516
1.67511 0.00280443 0.00024 0.0020863
1.6801 0.00280662 0.00024 0.00208672
1.6851 0.00285052 0.00024 0.00204115
1.69011 0.00280677 0.00024 0.00208448
1.69511 0.00280557 0.00024 0.00208625
1.7001 0.0028062 0.00024 0.00208656
1.7051 0.00280474 0.00024 0.00208776
1.7101 0.00280568 0.00024 0.00208688
1.71511 0.00280063 0.00024 0.00208635
1.7201 0.00280516 0.00024 0.00208755
1.72511 0.00280136 0.00024 0.00208552
1.7301 0.00280719 0.00024 0.0020863
1.7351 0.00280635 0.00024 0.00208573
1.7401 0.00280724 0.00024 0.00208604
1.74511 0.00280073 0.00024 0.00208672
1.7501 0.00286094 0.00024 0.00203229
1.75511 0.00279823 0.00024 0.00208599
1.7601 0.00280479 0.00024 0.00208703
1.76511 0.00280099 0.00024 0.00208646
1.7701 0.00280682 0.00024 0.00208703
1.77511 0.00280104 0.00024 0.00208609
1.7801 0.00280703 0.00024 0.00208516
1.78511 0.00279984 0.00024 0.00208641
1.7901 0.0028062 0.00024 0.0020863
1.79511 0.00280052 0.00024 0.00208594
1.8001 0.00280646 0.00024 0.00208714
1.80511 0.00280537 0.00024 0.00208516
1.8101 0.00280599 0.00024 0.00208604
1.81511 0.00279844 0.00024 0.00208646
1.8201 0.00280729 0.00024 0.00208516
1.8251 0.00280687 0.00024 0.00208625
1.8301 0.00280708 0.00024 0.00208635
1.83511 0.00280005 0.00024 0.00208646
1.8401 0.0028074 0.00024 0.00208651
1.84511 0.00280088 0.00024 0.00208635
1.8501 0.00280734 0.00024 0.00208646
1.85516 0.00275875 0.00024 0.00208307
1.86011 0.00279948 0.00024 0.00208224
1.86511 0.00280547 0.00024 0.00208292
1.87011 0.00280589 0.00024 0.0020862
1.87511 0.00280375 0.00024 0.00208578
1.8801 0.00280724 0.00024 0.00208677
1.8851 0.00280651 0.00024 0.00208641
1.8901 0.00280745 0.00024 0.00208484
1.8951 0.00280724 0.00024 0.00208573
1.9001 0.00280776 0.00024 0.00208531
1.9051 0.00280547 0.00024 0.00208745
1.9101 0.00280792 0.00024 0.00208448
1.91511 0.00279958 0.00024 0.00208682
1.9201 0.00280714 0.00024 0.00208651
1.92511 0.00280057 0.00024 0.0020875
1.9301 0.00280714 0.00024 0.00208641
1.93511 0.00280213 0.00024 0.00208396
1.9401 0.00280568 0.00024 0.00208682
1.94511 0.00280161 0.00024 0.00208604
1.95011 0.00280641 0.00024 0.00208547
1.95511 0.00280427 0.00024 0.00208177
1.96011 0.00280677 0.00024 0.0020849
1.96511 0.00280026 0.00024 0.00208573
1.9701 0.00280583 0.00024 0.00208682
1.97511 0.00280052 0.00024 0.00208609
1.9801 0.00280615 0.00024 0.00208708
1.9851 0.00280651 0.00024 0.00208641
1.9901 0.00280729 0.00024 0.00208708
1.99511 0.00280078 0.00024 0.00208615
2.0001 0.00280667 0.00024 0.00208667
2.00511 0.00294359 0.00024 0.00194276
2.01016 0.00299188 0.00024 0.00184422
2.01516 0.00276057 0.00024 0.00207786
2.02011 0.0028 0.00024 0.00208615
2.02511 0.00279359 0.00024 0.00208932
2.0301 0.00280307 0.00024 0.00208995
2.03511 0.00280042 0.00024 0.00208552
2.04011 0.00280391 -0.00954 0.00208802
2.04511 0.00279078 0.00024 0.00209484
2.0501 0.00280714 0.00024 0.00208708
2.05511 0.00280969 0.00024 0.00208156
2.06015 0.00275698 0.00024 0.00208693
2.0651 0.00279974 -0.00954 0.00209375
2.0701 0.00280198 0.00024 0.00209479
2.0751 0.00280484 0.00024 0.00209479
2.0801 0.00280088 0.00024 0.00209641
2.0851 0.00280443 0.00024 0.00209568
2.0901 0.00280104 0.00024 0.00209677
2.09511 0.00280344 0.00024 0.00208781
2.10011 0.0028237 0.00024 0.00206755
2.10511 0.00280203 0.00024 0.00208891
2.1101 0.0028038 0.00024 0.00208891
2.11511 0.00279734 0.00024 0.00209
2.1201 0.00280396 0.00024 0.00208886
2.12511 0.00280338 0.00024 0.00208781
2.1301 0.0028025 0.00024 0.00208953
2.13511 0.00279589 0.00024 0.00209005
2.1401 0.00280318 0.00024 0.00209011
2.14511 0.0027975 0.00024 0.00208958
2.1501 0.00280354 0.00024 0.00208943
2.15511 0.00285078 0.00024 0.00203641
2.16011 0.00280318 0.00024 0.00208854
2.16511 0.00279505 0.00024 0.00208891
2.1701 0.00280365 0.00024 0.00208995
2.17511 0.00279854 0.00024 0.00208833
2.1801 0.00280245 0.00024 0.00209021
2.18511 0.00279755 0.00024 0.00208974
2.1901 0.00280484 0.00024 0.00208865
2.19511 0.00279687 0.00024 0.00208979
2.2001 0.00280464 0.00024 0.00208875
2.20511 0.00281594 0.00024 0.00207036
2.2101 0.00280349 0.00024 0.00208958
2.21511 0.00278964 0.00024 0.0020974
2.2201 0.00280208 0.00024 0.00209646
2.2251 0.00280453 0.00024 0.00209063
2.23011 0.0028 0.00024 0.00209198
2.2351 0.00280161 0.00024 0.00209063
2.2401 0.00280365 0.00024 0.00209083
2.24511 0.00279979 0.00024 0.00209203
2.2501 0.00280333 0.00024 0.00209078
2.25511 0.00279714 0.00024 0.00209219
2.26011 0.0028375 0.00024 0.00204401
2.26511 0.00280146 0.00024 0.00208542
2.2701 0.00279885 0.00024 0.00209667
2.2751 0.00280422 0.00024 0.00209453
2.2801 0.00280068 0.00024 0.00209672
2.2851 0.00280146 0.00024 0.00209542
2.2901 0.0028024 0.00024 0.00209531
2.2951 0.00280318 0.00024 0.00209021
2.30011 0.00279984 0.00024 0.00209078
2.3051 0.00281063 0.00024 0.00208151
2.3101 0.00280057 0.00024 0.00209136
2.31511 0.00279609 0.00024 0.00209146
2.3201 0.00280427 0.00024 0.00209011
2.32511 0.00279677 0.00024 0.00209177
2.3301 0.00280349 0.00024 0.00209141
2.33511 0.00279662 0.00024 0.00209156
2.3401 0.00280234 0.00024 0.00209125
2.34511 0.00279703 0.00024 0.00209161
2.3501 0.00280344 0.00024 0.00209141
2.35511 0.00279557 0.00024 0.00209234
2.36016 0.00274656 0.00024 0.00208917
2.36511 0.00279573 0.00024 0.00209141
2.3701 0.00280271 0.00024 0.00209146
2.37511 0.00279635 0.00024 0.00209182
2.3801 0.00283026 0.00024 0.00206313
2.38512 0.00278594 0.00024 0.00208854
2.39011 0.00280047 0.00024 0.00209063
2.39511 0.00279776 0.00024 0.00208984
2.4001 0.00280359 0.00024 0.00209068
2.40511 0.00279724 0.00024 0.00209099
2.4101 0.00280552 0.00024 0.00208896
2.41511 0.00279787 0.00024 0.00209036
2.4201 0.00280219 0.00024 0.00209125
2.42511 0.00279641 0.00024 0.00209151
2.4301 0.00280161 0.00024 0.00209266
2.43511 0.0027976 0.00024 0.00209042
2.4401 0.00280365 0.00024 0.00209109
2.4451 0.00280146 0.00024 0.00209036
2.4501 0.00280172 0.00024 0.00209182
2.4551 0.00280516 0.00024 0.00208984
2.46018 0.00272818 0.00024 0.00208708
2.4651 0.00280229 0.00024 0.00209412
2.4701 0.00280281 0.00024 0.00209495
2.4751 0.00280438 0.00024 0.00209427
2.4801 0.00280198 0.00024 0.00209656
2.4851 0.00280375 0.00024 0.00209505
2.4901 0.00280078 0.00024 0.00209734
2.4951 0.00280411 0.00024 0.00209047
2.5001 0.0028026 0.00024 0.0020912
2.5051 0.00280667 0.00024 0.00208734
2.5101 0.00280292 0.00024 0.00209068
2.51517 0.00274255 0.00024 0.00208412
2.52011 0.00280016 0.00024 0.00209042
2.52511 0.00279281 0.00024 0.00209109
2.5301 0.00280323 0.00024 0.00209115
2.53511 0.00279646 0.00024 0.00209219
2.5401 0.00280359 0.00024 0.00209089
2.54511 0.00279682 0.00024 0.00209172
2.5501 0.00280182 0.00024 0.00209182
2.55511 0.00281604 0.00024 0.00207208
2.5601 0.00280573 0.00024 0.00208849
2.56511 0.00279724 0.00024 0.00208521
2.5701 0.00280213 0.00024 0.00209109
2.57511 0.00279557 0.00024 0.0020912
2.5801 0.00280313 0.00024 0.0020913
2.58511 0.0027962 0.00024 0.00209188
2.5901 0.0028037 0.00024 0.00209136
2.59511 0.00279734 0.00024 0.0020912
2.60012 0.00279401 0.00024 0.00208656
2.60512 0.00278787 0.00024 0.00209057
2.6101 0.00280552 0.00024 0.00208776
2.61511 0.00279521 0.00024 0.00209099
2.6201 0.00280432 0.00024 0.00209016
2.62511 0.0027962 -0.00954 0.00209167
2.6301 0.00280198 0.00024 0.00209193
2.63511 0.00279787 0.00024 0.00209104
2.6401 0.00280156 0.00024 0.00209083
2.64511 0.00279594 0.00024 0.00209188
2.6501 0.00280281 0.00024 0.00209146
2.65511 0.00279469 0.00024 0.00209307
2.66012 0.00284568 0.00024 0.0020326
2.6651 0.00280219 0.00024 0.00209438
2.6701 0.00280047 0.00024 0.00209641
2.6751 0.00280136 0.00024 0.00209604
2.6801 0.00280167 0.00024 0.00209693
2.6851 0.00280198 -0.00954 0.00209656
2.6901 0.00280109 0.00024 0.00209724
2.6951 0.00280229 0.00024 0.00209052
2.7001 0.00280182 0.00024 0.00209104
2.70511 0.00279995 0.00024 0.00209151
2.7101 0.00282016 0.00024 0.00207469
2.71511 0.00279714 0.00024 0.00209115
2.7201 0.00280391 0.00024 0.00209068
2.72511 0.00279766 0.00024 0.00209125
2.7301 0.00280172 0.00024 0.00209229
2.7351 0.0028026 0.00024 0.00209125
2.7401 0.00280375 0.00024 0.00209141
2.74511 0.00279635 0.00024 0.00209188
2.7501 0.00280354 0.00024 0.00209094
2.75511 0.00279682 0.00024 0.00209125
2.7601 0.00280479 0.00024 0.00209
2.7651 0.00280328 0.00024 0.00208964
2.7701 0.00280146 0.00024 0.00209115
2.77511 0.0027962 0.00024 0.00209208
2.7801 0.002805 0.00024 0.00208938
2.78511 0.00279734 0.00024 0.00208974
2.7901 0.0028201 0.00024 0.00207458
2.79511 0.00279068 0.00024 0.00209177
2.8001 0.00280375 0.00024 0.00209021
2.80511 0.00279693 0.00024 0.00209203
2.8101 0.00280375 0.00024 0.00209136
2.81511 0.00280005 0.00024 0.00208818
2.8201 0.00280234 0.00024 0.00209188
2.82511 0.00279542 0.00024 0.00209266
2.8301 0.00280255 0.00024 0.00209151
2.83511 0.00279693 0.00024 0.00209094
2.8401 0.00280313 0.00024 0.00209146
2.84511 0.0028001 0.00024 0.00209063
2.8501 0.0028037 0.00024 0.00209052
2.85511 0.00279604 0.00024 0.00209276
2.86038 0.0025288 0.00024 0.00208714
2.8651 0.0028088 0.00024 0.00208849
2.8701 0.00280036 0.00024 0.00209542
2.8751 0.00280411 0.00024 0.0020963
2.8801 0.00280063 0.00024 0.00209755
2.8851 0.00280489 0.00024 0.00209547
2.8901 0.00280182 0.00024 0.00209688
2.8951 0.00280417 0.00024 0.00208979
2.9001 0.00280281 0.00024 0.00209063
2.9051 0.00280203 0.00024 0.00209125
2.9101 0.00280401 0.00024 0.00209031
2.91511 0.00279708 0.00024 0.00209136
2.9201 0.00280458 0.00024 0.00209
2.92511 0.00279615 0.00024 0.00209214
2.9301 0.00280349 0.00024 0.00209109
2.93511 0.00279734 0.00024 0.0020913
2.9401 0.00280193 0.00024 0.00209078
2.94511 0.00279734 0.00024 0.00209136
2.9501 0.00280344 0.00024 0.00209156
2.95511 0.00279583 0.00024 0.00209203
2.9601 0.00280208 0.00024 0.00209172
2.96515 0.00275625 0.00024 0.00209083
2.9701 0.0028049 0.00024 0.00208938
2.97511 0.00279703 0.00024 0.00209094
2.9801 0.00280297 0.00024 0.00209151
2.9851 0.00280177 0.00024 0.00209146
2.9901 0.00280302 0.00024 0.00209125
2.99511 0.00279672 0.00024 0.00209203
3.0001 0.00280375 0.00024 0.00209125
3.00511 0.00279823 0.00024 0.00209042
3.0101 0.00280219 0.00024 0.00209172
3.01511 0.00279609 0.00024 0.00209234
3.0201 0.00280276 0.00024 0.00209177
3.02511 0.00279807 0.00024 0.00209037
3.0301 0.00280219 0.00024 0.00209193
3.03511 0.00279562 0.00024 0.00209297
3.0401 0.00280401 0.00024 0.00209083
3.04511 0.00279672 0.00024 0.00209214
3.0501 0.00280313 0.00024 0.00209151
3.05511 0.00279708 0.00024 0.00209214
3.0601 0.00281307 0.00024 0.00208172
3.0651 0.00285187 0.00024 0.00204208
3.0701 0.00279776 0.00024 0.00209557
3.0751 0.0028063 0.00024 0.00209297
3.0801 0.00280135 0.00024 0.00209604
3.0851 0.00280302 0.00024 0.00209552
3.0901 0.00280047 0.00024 0.00209776
3.0951 0.00280365 0.00024 0.00209714
3.1001 0.00280161 0.00024 0.00209781
3.1051 0.00280125 0.00024 0.00209761
3.1101 0.00280073 0.00024 0.00209724
3.1151 0.00280354 0.00024 0.00209146
3.1201 0.0028038 0.00024 0.00209078
3.1251 0.00281073 0.00024 0.00208302
3.1301 0.00280281 0.00024 0.00209089
3.13511 0.00279583 0.00024 0.00209224
3.1401 0.00280349 0.00024 0.00209141
3.14511 0.00279802 0.00024 0.00209037
3.1501 0.00280276 0.00024 0.00209094
3.15511 0.00279625 0.00024 0.00209224
3.1601 0.00280432 0.00024 0.00209057
3.1651 0.00280432 0.00024 0.00209083
3.17015 0.00275948 0.00024 0.00208693
3.17511 0.00279469 0.00024 0.00209214
3.1801 0.00280276 0.00024 0.00209089
3.18511 0.00279776 0.00024 0.0020912
3.1901 0.00280359 0.00024 0.00209047
3.19511 0.00279724 0.00024 0.00209167
3.2001 0.00280359 0.00024 0.00209042
3.20511 0.00279719 0.00024 0.00209136
3.2101 0.0028025 0.00024 0.00209162
3.21511 0.00279781 0.00024 0.0020912
3.2201 0.00280313 0.00024 0.00209136
3.22511 0.00279672 0.00024 0.00209188
3.2301 0.00280411 0.00024 0.00209021
3.2351 0.00280213 0.00024 0.00209172
3.2401 0.00280297 0.00024 0.00209094
3.24511 0.00279833 0.00024 0.00209005
3.2501 0.00280234 0.00024 0.00209177
3.25512 0.00285922 0.00024 0.00201078
3.26015 0.00286885 0.00024 0.0019712
3.26513 0.00289026 0.00024 0.00197396
3.27029 0.00273734 0.00024 0.00196896
3.27516 0.0028726 0.00024 0.00195833
3.28016 0.0028501 0.00024 0.00197828
3.28513 0.00287349 0.00024 0.00198484
3.29015 0.00305917 0.00024 0.00178761
3.29515 0.00288713 0.00024 0.00194396
3.30494 0.00311828 0.00024 -0.00307271
3.30808 0.0029874 0.00024 -0.00107693
3.31109 0.00296568 -0.00954 0.000943439
3.31514 0.00284745 0.00024 0.00200188
3.32017 0.00277286 0.00024 0.00205391
3.32512 0.00282198 0.00024 0.00205453
3.33012 0.00284115 0.00024 0.00202958
3.33512 0.00287422 0.00024 0.00199625
3.34017 0.00281958 0.00024 0.0019986
3.34515 0.00281609 0.00024 0.00202787
3.35014 0.00282063 0.00024 0.00203443
3.35512 0.00282646 0.00024 0.00204714
3.36014 0.00282302 0.00024 0.00203042
3.36512 0.0028388 0.00024 0.00203563
3.37013 0.0028138 0.00024 0.0020513
3.37511 0.00285115 0.00024 0.00203287
3.38013 0.0028063 0.00024 0.00206047
3.38511 0.00284484 0.00024 0.00203891
3.39013 0.0028225 0.00024 0.00204031
3.39512 0.00280589 0.00024 0.00207047
3.40012 0.00282167 0.00024 0.00205031
3.40511 0.00282896 0.00024 0.00205172
3.41012 0.00281755 0.00024 0.00205615
3.41511 0.00284026 0.00024 0.00204646
3.42013 0.00279464 0.00024 0.00206182
3.42511 0.00282396 0.00024 0.00205865
3.43012 0.00280115 0.00024 0.00207302
3.43512 0.00282323 0.00024 0.00205141
3.44013 0.00282104 0.00024 0.00204625
3.44512 0.00281318 0.00024 0.00206146
3.45013 0.00281823 0.00024 0.0020474
3.45511 0.00282365 0.00024 0.00205474
3.46013 0.00284667 0.00024 0.00202162
3.46511 0.00283724 0.00024 0.00204797
3.47011 0.00282385 0.00024 0.00205943
3.47511 0.0027975 0.00024 0.00209224
3.48011 0.00278854 0.00024 0.0020987
3.4851 0.00281594 0.00024 0.00208104
3.49011 0.00276229 0.00024 0.00212094
3.49509 0.00277568 0.00024 0.00213167
3.50009 0.00377787 0.00024 0.00113354
3.50509 0.00378052 0.00024 0.00113021
3.51008 0.00378057 0.00024 0.00113448
3.51508 0.00379063 0.00024 0.00112401
3.52009 0.00377719 0.00024 0.00113266
3.52508 0.00378677 0.00024 0.00112875
3.53008 0.0037813 0.00024 0.00113307
3.53509 0.00378313 0.00024 0.00112927
3.54009 0.00378047 0.00024 0.00113
3.54509 0.00378151 0.00024 0.00113089
3.55009 0.00377974 0.00024 0.00112958
3.55509 0.00377724 0.00024 0.00113135
3.56008 0.00378547 0.00024 0.00112776
3.56509 0.00377687 0.00024 0.00113094
3.57009 0.00378156 0.00024 0.00113104
3.57509 0.00377729 0.00024 0.00113151
3.58008 0.0037851 0.00024 0.00112807
3.58509 0.00377875 0.00024 0.00113115
3.59008 0.00402333 0.00024 0.000889532
3.5951 0.00277964 0.00024 0.00211485
3.6001 0.00278036 0.00024 0.0021213
3.6051 0.0027737 0.00024 0.00212714
3.61009 0.00378068 0.00024 0.00113109
3.61509 0.0037774 0.00024 0.00113083
3.62008 0.00378219 0.00024 0.00113104
3.62509 0.00378005 0.00024 0.00112891
3.63009 0.00378109 0.00024 0.00112912
3.63509 0.00378135 0.00024 0.0011274
3.64009 0.00378036 0.00024 0.00113156
3.64509 0.00377812 0.00024 0.00113089
3.65009 0.00378161 0.00024 0.00113115
3.65509 0.00377714 0.00024 0.00113172
3.66008 0.00381542 0.00024 0.0010976
3.66509 0.00278 0.00024 0.0021299
3.67009 0.00377865 0.00024 0.00113276
3.67508 0.00378229 0.00024 0.00113162
3.68008 0.0037787 0.00024 0.00113537
3.68508 0.00378172 0.00024 0.00113484
3.69008 0.0037812 0.00024 0.00113459
3.69509 0.00378172 0.00024 0.00113057
3.70009 0.00378109 0.00024 0.0011313
3.70508 0.00378188 0.00024 0.0011313
3.71008 0.00378286 0.00024 0.00112969
3.71509 0.00378088 0.00024 0.00113068
3.72009 0.00378141 0.00024 0.00113031
3.72509 0.00377724 0.00024 0.00113109
3.73009 0.00378208 0.00024 0.00113073
3.73509 0.00378115 0.00024 0.00113146
3.74009 0.00378088 0.00024 0.00113198
3.74509 0.00377911 0.00024 0.00112979
3.75009 0.00378109 0.00024 0.00113162
3.75509 0.00377714 0.00024 0.00113156
3.76009 0.00378182 0.00024 0.00113115
3.76509 0.00377719 0.00024 0.00113177
3.77008 0.00378203 0.00024 0.00113115
3.77509 0.00377802 0.00024 0.00113089
3.78009 0.00378495 0.00024 0.00112682
3.78509 0.00377677 0.00024 0.00113021
3.79009 0.00378104 0.00024 0.00112959
3.79509 0.00377661 0.00024 0.00113151
3.80008 0.00378411 0.00024 0.00112938
3.80509 0.00377771 0.00024 0.00113146
3.81008 0.00378219 0.00024 0.0011312
3.81509 0.00377828 0.00024 0.00113068
3.82008 0.00378219 0.00024 0.00113115
3.82509 0.00377859 0.00024 0.00113068
3.83008 0.00378203 0.00024 0.0011312
3.83509 0.00377729 0.00024 0.00113167
3.84008 0.00378193 0.00024 0.00113141
3.84509 0.00378833 0.00024 0.00112042
3.85008 0.0037825 0.00024 0.00113078
3.85509 0.00377682 0.00024 0.00113177
3.86008 0.00380375 0.00024 0.00110943
3.86509 0.00278219 0.00024 0.00212875
3.87008 0.00377979 0.00024 0.00113344
3.87508 0.00378208 0.00024 0.00113172
3.88008 0.00178125 0.00024 0.00313432
3.88508 0.00378307 0.00024 0.00113162
3.89008 0.00178219 0.00024 0.00313339
3.89509 0.00378224 0.00024 0.00112995
3.90009 0.00378151 0.00024 0.00113047
3.90509 0.00377927 0.00024 0.00113167
3.91009 0.00378229 0.00024 0.00113016
3.91509 0.0037775 0.00024 0.00113094
3.92008 0.00378662 0.00024 0.00112662
3.92509 0.00378088 0.00024 0.0011313
3.93009 0.00378208 0.00024 0.00113063
3.93509 0.00377838 0.00024 0.00113083
3.94008 0.00378229 0.00024 0.00113099
3.94509 0.00377755 0.00024 0.00113162
3.95018 0.00268979 0.00024 0.00212651
3.95509 0.00277667 0.00024 0.00212917
3.96009 0.00378302 0.00024 0.0011288
3.96509 0.00377635 0.00024 0.00113182
3.97008 0.00378521 0.00024 0.00112818
3.97509 0.00377792 0.00024 0.00113089
3.98009 0.00378146 0.00024 0.00113063
3.98509 0.00378063 0.00024 0.00113115
3.99009 0.00378135 0.00024 0.00113156
3.99509 0.00377823 0.00024 0.00113052
4.00009 0.00378135 0.00024 0.00113141
4.00509 0.00377839 0.00024 0.0011312
4.01008 0.0037825 0.00024 0.00113125
4.0151 0.00277182 0.00024 0.00212599
4.02009 0.0037799 0.00024 0.00113052
4.02509 0.00377833 0.00024 0.00112995
4.03009 0.00379411 0.00024 0.0011188
4.03509 0.00377812 0.00024 0.00113068
4.04008 0.00378266 0.00024 0.00113031
4.04509 0.00378338 0.00024 0.00112834
4.05009 0.00378109 0.00024 0.00113042
4.05509 0.00377537 0.00024 0.00113151
4.06008 0.00380578 0.00024 0.00110709
4.06508 0.00278505 0.00024 0.00212781
4.07008 0.0037801 0.00024 0.00113292
4.07508 0.00378213 0.00024 0.00113349
4.08008 0.00378036 0.00024 0.00113464
4.08508 0.00178417 0.00024 0.0031325
4.09008 0.00378036 0.00024 0.0011351
4.09508 0.00378234 0.00024 0.00113099
4.10009 0.00378141 0.00024 0.00113089
4.10508 0.00378411 0.00024 0.00112912
4.11009 0.00378109 0.00024 0.00112969
4.11509 0.00377724 0.00024 0.00113115
4.12009 0.00378172 0.00024 0.00113141
4.12509 0.00377745 0.00024 0.0011313
4.13009 0.00378167 0.00024 0.00113141
4.13509 0.00378208 0.00024 0.00112969
4.14009 0.00378083 0.00024 0.00113084
4.14509 0.00377854 0.00024 0.00113021
4.15008 0.00378234 0.00024 0.00112964
4.15509 0.00377859 0.00024 0.00113005
4.1601 0.00282745 0.00024 0.00206703
4.16512 0.00275396 0.00024 0.00212537
4.17009 0.0027775 0.00024 0.00212891
4.17509 0.00386037 0.00024 0.00104511
4.18011 0.00279963 0.00024 0.00208886
4.18511 0.00279276 0.00024 0.0020912
4.1901 0.00280156 0.00024 0.00209068
4.19511 0.0027962 0.00024 0.00209151
4.2001 0.00280302 0.00024 0.00209136
4.2051 0.00280469 0.00024 0.00208797
4.2101 0.00280156 0.00024 0.00209094
4.21511 0.00290865 0.00024 0.00197771
4.22013 0.00278693 0.00024 0.00208245
4.22513 0.00278094 0.00024 0.00208615
4.2301 0.00280448 0.00024 0.00208823
4.23511 0.00279953 0.00024 0.00208906
4.2401 0.00280099 0.00024 0.00209141
4.24511 0.0027951 0.00024 0.0020913
4.2501 0.00280323 0.00024 0.00209089
4.25511 0.00279708 0.00024 0.0020912
4.2601 0.00280208 0.00024 0.00209089
4.26511 0.00279677 0.00024 0.00208834
4.27011 0.00279865 0.00024 0.00209203
4.2751 0.00287615 0.00024 0.00202016
4.2801 0.0028062 0.00024 0.00208828
4.2851 0.00280224 0.00024 0.00209526
4.2901 0.00280078 0.00024 0.00209714
4.29511 0.00280104 0.00024 0.00209068
4.3001 0.00280375 0.00024 0.00209021
4.3051 0.00280219 0.00024 0.00209151
4.3101 0.00280318 0.00024 0.00209084
4.31511 0.00279812 0.00024 0.00208599
4.3201 0.00280313 0.00024 0.00209016
4.32511 0.0027951 0.00024 0.0020913
4.3301 0.00280255 0.00024 0.00209136
4.33511 0.0027974 0.00024 0.00209068
4.3401 0.00280281 0.00024 0.00209182
4.34511 0.00280104 0.00024 0.00209031
4.3501 0.00280276 0.00024 0.0020912
4.35511 0.00279839 0.00024 0.00208979
4.3601 0.00280474 0.00024 0.00208995
4.36511 0.00279604 -0.00954 0.00209094
4.3701 0.00280385 0.00024 0.0020899
4.3751 0.00280224 0.00024 0.00209052
4.38015 0.00275193 0.00024 0.00209084
4.38511 0.00279505 0.00024 0.00208938
4.3901 0.00280125 0.00024 0.00209115
4.39511 0.00279672 0.00024 0.00209068
4.4001 0.00280458 0.00024 0.00209005
4.40511 0.0027962 0.00024 0.00209177
4.4101 0.00280302 0.00024 0.00209136
4.41511 0.00279729 0.00024 0.00209089
4.4201 0.00280286 0.00024 0.00209136
4.42511 0.00279646 -0.00954 0.00209198
4.4301 0.00280292 0.00024 0.0020913
4.4351 0.00280552 0.00024 0.00208724
4.4401 0.00280286 0.00024 0.00209068
4.44511 0.00279661 0.00024 0.00209146
4.4501 0.00280333 0.00024 0.00209089
4.45511 0.00279651 0.00024 0.00209276
4.4601 0.00280328 0.00024 0.00209245
4.46511 0.00280281 0.00024 0.0020863
4.4701 0.00279755 0.00024 0.00209511
4.4751 0.00280385 0.00024 0.00209464
4.4801 0.0028049 0.00024 0.00209307
4.4851 0.00280203 0.00024 0.00209693
4.4901 0.00280365 0.00024 0.0020938
4.4951 0.00280385 0.00024 0.00209037
4.5001 0.0028037 0.00024 0.00208995
4.5051 0.00280266 0.00024 0.00209094
4.5101 0.00280286 0.00024 0.00209037
4.51511 0.00281937 0.00024 0.00206912
4.52011 0.00280109 0.00024 0.00208891
4.52511 0.00279984 0.00024 0.00208984
4.53011 0.00281812 0.00024 0.00207318
4.53511 0.00279771 0.00024 0.00208813
4.5401 0.00280286 0.00024 0.00208974
4.54511 0.00279568 0.00024 0.00209224
4.5501 0.00280406 0.00024 0.00209037
4.5551 0.00280099 0.00024 0.00209214
4.5601 0.00280396 0.00024 0.00209011
4.56511 0.00279698 0.00024 0.00209037
4.5701 0.00280219 0.00024 0.00209167
4.57511 0.00279755 0.00024 0.00209162
4.5801 0.00280609 0.00024 0.00208844
4.58511 0.00279844 0.00024 0.00208849
4.59011 0.00280115 0.00024 0.00209047
4.5951 0.00280161 0.00024 0.00209141
4.6001 0.00280948 0.00024 0.00208344
4.60512 0.00278229 0.00024 0.00209448
4.6101 0.00280333 0.00024 0.00209011
4.61511 0.0027987 0.00024 0.00208906
4.6201 0.00280276 0.00024 0.00209052
4.62511 0.00279667 0.00024 0.00209151
4.6301 0.00280172 0.00024 0.00209229
4.63511 0.00280812 0.00024 0.00208011
4.6401 0.00280328 0.00024 0.00209016
4.64511 0.00279677 0.00024 0.0020913
4.6501 0.00280479 0.00024 0.00208912
4.65511 0.00279662 0.00024 0.00209287
4.6601 0.00280365 0.00024 0.00209182
4.6651 0.00280609 0.00024 0.00208802
4.6701 0.00279662 0.00024 0.00209521
4.6751 0.0028025 0.00024 0.00209625
4.6801 0.00285062 0.00024 0.00204709
4.6851 0.00280224 0.00024 0.00209396
4.6901 0.00280292 -0.00954 0.00209396
4.6951 0.00280344 0.00024 0.00209068
4.7001 0.00280521 0.00024 0.00208964
4.7051 0.00280359 0.00024 0.00209005
4.7101 0.00280375 0.00024 0.00209073
4.71511 0.00279755 0.00024 0.00209068
4.7201 0.00280286 0.00024 0.00208985
4.72511 0.00279724 0.00024 0.00209063
4.7301 0.00280167 0.00024 0.00209245
4.7351 0.00280057 0.00024 0.00209172
4.7401 0.00280792 0.00024 0.00208557
4.74511 0.00279542 0.00024 0.00209141
4.7501 0.00280406 0.00024 0.00209
4.75511 0.00279682 0.00024 0.00209084
4.7601 0.00280391 0.00024 0.00209057
4.7651 0.00280401 0.00024 0.00208886
4.7701 0.00280385 0.00024 0.00209052
4.77511 0.00279724 0.00024 0.00209057
4.7801 0.00284979 0.00024 0.00204433
4.78511 0.00279703 0.00024 0.00208953
4.7901 0.00281292 0.00024 0.00208125
4.79511 0.00279479 0.00024 0.00208896
4.8001 0.00280432 0.00024 0.00208927
4.80511 0.00279745 0.00024 0.00209042
4.8101 0.00280328 0.00024 0.00209136
4.81511 0.00279703 0.00024 0.00209005
4.8201 0.00280349 0.00024 0.00209089
4.82511 0.00279724 0.00024 0.00209073
4.8301 0.00280167 0.00024 0.00209255
4.83511 0.00279656 0.00024 0.00209151
4.8401 0.00280484 0.00024 0.0020899
4.84511 0.0028024 0.00024 0.00208636
4.8501 0.00280474 0.00024 0.00208969
4.85511 0.00279797 0.00024 0.00209047
4.8601 0.00280323 0.00024 0.00209234
4.86514 0.00276594 0.00024 0.00208771
4.87011 0.0027937 0.00024 0.00209558
4.8751 0.00280276 0.00024 0.00209516
4.8801 0.00280193 0.00024 0.00209636
4.8851 0.00280464 0.00024 0.00209485
4.8901 0.0028025 0.00024 0.0020962
4.8951 0.00282182 0.00024 0.00207849
4.9001 0.00280047 0.00024 0.0020961
4.9051 0.00280599 0.00024 0.00208891
4.9101 0.00280396 0.00024 0.00208938
4.9151 0.00280349 0.00024 0.00208974
4.9201 0.00280443 0.00024 0.00208953
4.9251 0.00280396 0.00024 0.00208906
4.9301 0.00280281 0.00024 0.00209089
4.93511 0.00279703 0.00024 0.0020912
4.9401 0.00280385 0.00024 0.00208979
4.94511 0.00281589 0.00024 0.00207318
4.9501 0.00280391 0.00024 0.00209037
4.95511 0.00279776 0.00024 0.00209057
4.9601 0.00280443 0.00024 0.00209052
4.96511 0.00279641 0.00024 0.00209188
4.9701 0.00280443 0.00024 0.00209
4.9751 0.00280271 0.00024 0.00209115
4.9801 0.00280323 0.00024 0.00209063
4.9851 0.00280198 0.00024 0.0020912
4.9901 0.00280354 0.00024 0.00209089
4.99511 0.00279641 0.00024 0.00209151
5.0001 0.00280552 0.00024 0.00208917
5.00511 0.00279786 0.00024 0.00209073
5.0101 0.0028025 0.00024 0.00209136
5.01511 0.00279672 0.00024 0.00209172
5.0201 0.00280328 0.00024 0.00209156
5.02511 0.0027976 0.00024 0.00209125
5.0301 0.00280229 0.00024 0.00209209
5.03511 0.0027974 0.00024 0.00209078
5.0401 0.00280344 0.00024 0.00209141
5.04511 0.00279604 0.00024 0.00209271
5.0501 0.00282094 0.00024 0.00207412
5.05511 0.00279719 0.00024 0.00209084
5.0601 0.00280344 0.00024 0.00209141
5.06511 0.00280677 0.00024 0.00208261
5.0701 0.00279787 0.00024 0.00209547
5.0751 0.0028037 0.00024 0.0020938
5.0801 0.00280281 0.00024 0.00209589
5.0851 0.00280609 0.00024 0.00209391
5.0901 0.00280406 0.00024 0.00209406
5.0951 0.0028026 0.00024 0.00209584
5.1001 0.00280224 0.00024 0.00209636
5.1051 0.00280828 0.00024 0.00208662
5.1101 0.00280052 0.00024 0.00209141
5.1151 0.00280271 0.00024 0.00209136
