1.198e-06 0.00290609 0.00024 -0.000926198
0.00293635 0.00290854 0.00024 -0.00184854
0.00585234 0.0020401 0.00024 -0.00189599
0.00790078 0.0029962 0.00024 -0.00290156
0.0109078 0.00292786 0.00024 -0.00383891
0.0138423 0.00198646 0.00024 -0.00383229
0.0158353 0.00199208 0.00024 -0.00382984
0.0178328 0.00199536 0.00024 -0.00383057
0.0198334 0.0019951 0.00024 -0.00383094
0.0218337 0.00199182 0.00024 -0.00382802
0.0238308 0.00199469 0.00024 -0.00382802
0.0258309 0.00199526 0.00024 -0.0038287
0.0278316 0.00199469 -0.00954 -0.00382859
0.0298322 0.00200401 0.00024 -0.0038387
0.0318419 0.00198656 0.00024 -0.00383083
0.0338347 0.00199104 0.00024 -0.00382807
0.035831 0.00199469 0.00024 -0.00382812
0.037831 0.00199438 0.00024 -0.00382781
0.0398307 0.00202448 0.00024 -0.00385771
0.0418607 0.0019674 0.00024 -0.00383057
0.0438336 0.00199323 0.00024 -0.00382932
0.045833 0.00200682 0.00024 -0.00384219
0.0478456 0.00198344 0.00024 -0.00383151
0.0498344 0.00207656 0.00024 -0.00391344
0.0519167 0.00291354 0.00024 -0.00483276
0.054836 0.00199136 0.00024 -0.00483016
0.0568331 0.00199359 0.00024 -0.00482932
0.0588321 0.00200062 0.00024 -0.00483536
0.0608382 0.00199281 0.00024 -0.00483349
0.0628364 0.00199203 0.00024 -0.00483089
0.0648337 0.00200411 0.00024 -0.00484088
0.0668439 0.00198396 0.00024 -0.00483031
0.0688334 0.00200062 0.00024 -0.00483635
0.0708393 0.00198849 0.00024 -0.0048301
0.072833 0.00199313 0.00024 -0.00482859
0.0748315 0.00199526 0.00024 -0.00482927
0.0768321 0.00199313 0.00024 -0.00482766
0.0788305 0.00200213 0.00024 -0.0048351
0.0808379 0.00198776 0.00024 -0.00482818
0.082831 0.00199505 0.00024 -0.00482849
0.0848314 0.00199495 0.00024 -0.00482875
0.0868316 0.00199359 0.00024 -0.00482766
0.0888306 0.00201984 0.00024 -0.00485292
0.0908558 0.00197198 0.00024 -0.00483042
0.0928333 0.00199172 0.00024 -0.0048274
0.0948303 0.00199651 0.00024 -0.00482943
0.0968323 0.00199396 0.00024 -0.00482875
0.0988317 0.00200214 0.00024 -0.00483641
0.100839 0.00198667 0.00024 -0.00482849
0.102831 0.00199396 0.00024 -0.00482781
0.104831 0.00199656 0.00024 -0.00482969
0.106832 0.0019938 0.00024 -0.0048287
0.108832 0.00199984 0.00024 -0.00483385
0.110837 0.00198964 0.00024 -0.00482885
0.112832 0.00199359 0.00024 -0.00482776
0.114831 0.00202844 0.00024 -0.00486187
0.116865 0.0029625 0.00024 -0.00583021
0.119833 0.00199656 0.00024 -0.0058324
0.121835 0.00199073 0.00024 -0.00582844
0.123831 0.001995 0.00024 -0.00582875
0.125832 0.00199479 0.00024 -0.00582885
0.127832 0.00199333 0.00024 -0.00582755
0.12983 0.00199698 0.00024 -0.00582979
0.131833 0.00199432 0.00024 -0.00582948
0.133832 0.00201359 0.00024 -0.00584849
0.135852 0.00197453 0.00024 -0.00582854
0.137832 0.00200609 0.00024 -0.00584005
0.139843 0.00198797 0.00024 -0.00583333
0.141836 0.0020151 0.00024 -0.00585443
0.143858 0.00197922 0.00024 -0.00583979
0.145844 0.00198411 0.00024 -0.00583021
0.147833 0.00199542 0.00024 -0.00583088
0.149834 0.00206818 0.00024 -0.00590437
0.151909 0.00292182 0.00024 -0.00683375
0.154837 0.0019912 0.00024 -0.00683094
0.156834 0.00199156 0.00024 -0.00682781
0.158831 0.00199854 0.00024 -0.00683167
0.160835 0.00199073 0.00024 -0.00682766
0.162831 0.00200068 0.00024 -0.00683359
0.164837 0.0019901 0.00024 -0.00682938
0.166832 0.0019937 0.00024 -0.00682833
0.168831 0.00199755 0.00024 -0.00683161
0.170834 0.00199193 0.00024 -0.00682891
0.172832 0.0019951 0.00024 -0.00682938
0.174832 0.00199417 0.00024 -0.00682891
0.176832 0.00199234 0.00024 -0.00682667
0.17883 0.00200188 0.00024 -0.0068338
0.180837 0.00198964 0.00024 -0.00682896
0.182832 0.00199401 0.00024 -0.00682823
0.184831 0.00199427 0.00024 -0.00682786
0.186831 0.00199849 0.00024 -0.00683167
0.188835 0.00199542 0.00024 -0.0068325
0.190835 0.00199094 0.00024 -0.00682875
0.192832 0.00199359 0.00024 -0.00682755
0.19483 0.00199583 0.00024 -0.0068288
0.196832 0.00199323 0.00024 -0.0068274
0.19883 0.00200464 0.00024 -0.00683734
0.20084 0.00198583 0.00024 -0.00682859
0.202832 0.00199448 0.00024 -0.00682849
0.204831 0.00199391 0.00024 -0.00682771
0.206831 0.00199526 0.00024 -0.00682828
0.208831 0.00202849 0.00024 -0.00686214
0.210865 0.00196328 0.00024 -0.00683099
0.212834 0.0019925 0.00024 -0.00682875
0.214832 0.0019938 0.00024 -0.00682812
0.216831 0.00199417 0.00024 -0.0068276
0.218831 0.00199828 0.00024 -0.00683125
0.220834 0.00199438 0.00024 -0.00683104
0.222834 0.00199213 0.00024 -0.00682844
0.224831 0.00199458 0.00024 -0.00682844
0.226831 0.00199443 0.00024 -0.00682823
0.228831 0.00200198 0.00024 -0.00683557
0.230838 0.00198859 0.00024 -0.00682948
0.232832 0.00199266 0.00024 -0.0068275
0.23483 0.00199927 0.00024 -0.00683213
0.236835 0.0019912 0.00024 -0.00682875
0.238832 0.002 0.00024 -0.00683406
0.240837 0.00198964 0.00024 -0.00682891
0.242832 0.00200422 0.00024 -0.00683844
0.244841 0.00198521 0.00024 -0.00682911
0.246832 0.00199495 0.00024 -0.00682938
0.248832 0.00200422 0.00024 -0.0068399
0.250843 0.00203557 0.00024 -0.00688083
0.252885 0.00294266 0.00024 -0.00783021
0.255833 0.00199229 0.00024 -0.00782797
0.257832 0.00199463 0.00024 -0.00782891
0.259832 0.00199823 0.00024 -0.00783255
0.261835 0.00199089 0.00024 -0.0078287
0.263832 0.0019937 0.00024 -0.00782781
0.265831 0.00199463 0.00024 -0.00782781
0.267831 0.00199495 0.00024 -0.00782813
0.269831 0.00199974 0.00024 -0.00783344
0.271837 0.0019887 0.00024 -0.00782786
0.273831 0.00199359 0.00024 -0.0078275
0.27583 0.00199453 0.00024 -0.00782729
0.27783 0.00199542 0.00024 -0.00782797
0.279831 0.00200052 0.00024 -0.00783375
0.281837 0.00199094 0.00024 -0.0078299
0.283833 0.00199313 0.00024 -0.00782833
0.285831 0.00199438 0.00024 -0.00782813
0.287831 0.00199458 0.00024 -0.00782823
0.289832 0.00199495 0.00024 -0.00782917
0.291832 0.00199344 0.00024 -0.00782776
0.293831 0.0019951 0.00024 -0.00782828
0.295831 0.001995 0.00024 -0.00782865
0.297832 0.00199386 0.00024 -0.00782792
0.299831 0.00199641 0.00024 -0.00782953
0.301832 0.00199338 0.00024 -0.00782823
0.303831 0.00199531 0.00024 -0.00782885
0.305832 0.00200927 0.00024 -0.00784417
0.307847 0.00197885 0.00024 -0.00782833
0.309831 0.00200614 0.00024 -0.00783974
0.311843 0.00198323 0.00024 -0.0078287
0.313832 0.00199427 0.00024 -0.00782833
0.315831 0.00199484 0.00024 -0.00782833
0.317831 0.00199401 0.00024 -0.00782766
0.319831 0.00199583 0.00024 -0.0078287
0.321832 0.00200318 0.00024 -0.00783802
0.323841 0.00198422 0.00024 -0.00782792
0.325831 0.00199443 0.00024 -0.0078276
0.327831 0.00199484 0.00024 -0.00782776
0.329831 0.00199937 0.00024 -0.00783312
0.331836 0.00198885 0.00024 -0.00782724
0.33383 0.00199526 0.00024 -0.00782786
0.335831 0.00200411 0.00024 -0.0078374
0.337841 0.00198583 0.00024 -0.0078288
0.339833 0.00199568 0.00024 -0.00783083
0.341834 0.0019913 0.00024 -0.0078275
0.34383 0.00202365 0.00024 -0.00785729
0.345864 0.00296641 0.00024 -0.00883328
0.348836 0.00200365 0.00024 -0.00884286
0.350847 0.00198151 0.00024 -0.00883094
0.352834 0.00199547 0.00024 -0.00883187
0.354835 0.00199682 0.00024 -0.00883458
0.356838 0.00198917 0.00024 -0.00882917
0.358832 0.00199552 0.00024 -0.00882995
0.360833 0.00199271 0.00024 -0.00882807
0.362831 0.00199672 0.00024 -0.0088301
0.364833 0.00199229 0.00024 -0.00882771
0.366831 0.00199557 0.00024 -0.00882854
0.368832 0.00199974 0.00024 -0.00883364
0.370837 0.00199219 0.00024 -0.0088312
0.372834 0.00199057 0.00024 -0.00882708
0.37483 0.00199563 0.00024 -0.00882802
0.376831 0.00199411 0.00024 -0.00882755
0.37883 0.00200172 0.00024 -0.00883453
0.380838 0.00198833 0.00024 -0.00882828
0.382831 0.00199417 0.00024 -0.00882776
0.384831 0.0019963 0.00024 -0.00882932
0.386832 0.00199568 0.00024 -0.00883031
0.388833 0.0019963 0.00024 -0.00883203
0.390835 0.00199167 0.00024 -0.00882906
0.392832 0.00199359 0.00024 -0.00882786
0.394831 0.00199766 0.00024 -0.00883099
0.396834 0.0019913 0.00024 -0.0088275
0.39883 0.00199891 0.00024 -0.00883172
0.400835 0.00199167 0.00024 -0.00882885
0.402832 0.00199771 0.00024 -0.00883213
0.404835 0.00198964 0.00024 -0.00882698
0.40683 0.00199542 0.00024 -0.00882792
0.408831 0.00199635 0.00024 -0.00882964
0.410832 0.00199599 0.00024 -0.00883078
0.412834 0.0019924 0.00024 -0.00882854
0.414831 0.00199495 0.00024 -0.00882875
0.416832 0.00199474 0.00024 -0.00882875
0.418832 0.00200198 0.00024 -0.00883599
0.420839 0.00198828 0.00024 -0.00882953
0.422832 0.00199406 0.00024 -0.00882891
0.424832 0.00199396 0.00024 -0.00882812
0.426831 0.00200026 0.00024 -0.00883396
0.428837 0.00199224 0.00024 -0.00883151
0.430834 0.00199151 0.00024 -0.00882838
0.432832 0.00199438 0.00024 -0.00882823
0.434831 0.00199563 0.00024 -0.00882911
0.436832 0.00199333 0.00024 -0.00882792
0.438831 0.00200156 0.00024 -0.00883479
0.440838 0.00198984 0.00024 -0.0088299
0.442833 0.0019937 0.00024 -0.00882891
0.444832 0.00199427 0.00024 -0.00882849
0.446831 0.00199646 0.00024 -0.0088301
0.448833 0.00199859 0.00024 -0.00883406
0.450837 0.00200401 0.00024 -0.00884432
0.452847 0.0020263 0.00024 -0.00887599
0.454879 0.00294828 0.00024 -0.00982963
0.457833 0.00199292 0.00024 -0.00982781
0.459831 0.00199708 0.00024 -0.00983026
0.461833 0.00199182 0.00024 -0.0098275
0.46383 0.00199568 0.00024 -0.00982839
0.465831 0.00199505 0.00024 -0.00982875
0.467832 0.00199365 0.00024 -0.00982839
0.469831 0.00199505 0.00024 -0.0098288
0.471832 0.00199349 0.00024 -0.00982766
0.473831 0.00199531 0.00024 -0.00982818
0.475831 0.00199677 0.00024 -0.00983026
0.477833 0.00199182 0.00024 -0.0098276
0.479831 0.00199812 0.00024 -0.0098312
0.481834 0.00199161 0.00024 -0.00982812
0.483832 0.00199563 0.00024 -0.00982984
0.485833 0.00199302 0.00024 -0.00982818
0.487831 0.00199469 0.00024 -0.00982823
0.489831 0.00199687 0.00024 -0.00983047
0.491833 0.00199193 0.00024 -0.00982766
0.493831 0.00199573 0.00024 -0.0098287
0.495832 0.00199354 0.00024 -0.00982745
0.49783 0.00199359 0.00024 -0.0098263
0.499829 0.00199797 0.00024 -0.00982953
0.501832 0.00199333 0.00024 -0.00982813
0.503831 0.00199354 0.00024 -0.00982698
0.50583 0.00199536 0.00024 -0.00982755
0.50783 0.00199583 0.00024 -0.0098287
0.509832 0.00199526 0.00024 -0.00982911
0.511832 0.00199354 0.00024 -0.00982792
0.513831 0.00199432 0.00024 -0.00982755
0.51583 0.00199432 0.00024 -0.00982792
0.517831 0.00199344 0.00024 -0.00982656
0.51983 0.00204047 0.00024 -0.00987297
0.521878 0.00305141 -0.00954 -0.0109343
0.524941 0.00289047 0.00024 -0.0118372
0.527841 0.00198781 0.00024 -0.0118326
0.529836 0.0020013 0.00024 -0.0118393
0.531843 0.00198562 0.00024 -0.0118309
0.533834 0.00199234 0.00024 -0.0118285
0.535831 0.00199359 0.00024 -0.0118274
0.53783 0.00199521 0.00024 -0.011828
0.539831 0.00199714 0.00024 -0.0118305
0.541835 0.00198995 0.00024 -0.011827
0.54383 0.0020401 0.00024 -0.011873
0.545879 0.00295542 0.00024 -0.012837
0.548841 0.00199865 0.00024 -0.012842
0.550845 0.00198344 0.00024 -0.0128313
0.552834 0.00199031 0.00024 -0.0128273
0.55483 0.00200458 0.00024 -0.0128379
0.556841 0.00198484 0.00024 -0.012828
0.558831 0.00199771 0.00024 -0.0128313
0.560834 0.00199417 0.00024 -0.0128306
0.562834 0.00199177 0.00024 -0.0128277
0.564831 0.00199677 0.00024 -0.0128298
0.566833 0.0019926 0.00024 -0.0128278
0.568831 0.00199917 0.00024 -0.0128325
0.570836 0.00199088 0.00024 -0.0128291
0.572832 0.00199463 0.00024 -0.0128291
0.574832 0.00199302 0.00024 -0.0128276
0.57683 0.00199531 0.00024 -0.0128281
0.578831 0.00199714 0.00024 -0.0128305
0.580833 0.00199188 0.00024 -0.0128277
0.582831 0.00199432 0.00024 -0.0128273
0.58483 0.00199536 0.00024 -0.0128279
0.586831 0.00199677 0.00024 -0.01283
0.588833 0.00199609 0.00024 -0.0128314
0.590834 0.00199198 0.00024 -0.0128287
0.592832 0.00199359 0.00024 -0.0128276
0.594831 0.00199573 0.00024 -0.0128287
0.596832 0.0019975 0.00024 -0.0128316
0.598835 0.0019949 0.00024 -0.0128319
0.600835 0.00199073 0.00024 -0.0128282
0.602831 0.00199448 0.00024 -0.0128281
0.604831 0.00199557 0.00024 -0.012829
0.606832 0.0019938 0.00024 -0.0128281
0.608831 0.00199495 0.00024 -0.0128283
0.610831 0.00199656 0.00024 -0.0128303
0.612833 0.0019912 0.00024 -0.0128267
0.61483 0.00199568 0.00024 -0.0128277
0.616831 0.00199479 0.00024 -0.0128278
0.618831 0.00200219 0.00024 -0.0128352
0.620838 0.00199422 0.00024 -0.0128347
0.622838 0.00198771 0.00024 -0.0128278
0.624831 0.00199438 0.00024 -0.0128274
0.62683 0.00199583 0.00024 -0.0128285
0.628831 0.00199958 0.00024 -0.0128336
0.630837 0.00199203 0.00024 -0.0128327
0.632836 0.00199386 0.00024 -0.0128324
0.634835 0.00199286 0.00024 -0.0128308
0.636834 0.00199339 0.00024 -0.0128295
0.638832 0.00200266 0.00024 -0.0128374
0.64084 0.00198719 0.00024 -0.0128298
0.642833 0.00199302 0.00024 -0.0128281
0.644831 0.00201005 0.00024 -0.0128435
0.646847 0.00198036 0.00024 -0.0128295
0.648832 0.00199937 0.00024 -0.0128341
0.650837 0.00200766 0.00024 -0.0128471
0.65285 0.00197922 0.00024 -0.0128319
0.654835 0.00204511 0.00024 -0.0128827
0.656886 0.00294151 0.00024 -0.0138295
0.659833 0.00199557 0.00024 -0.0138314
0.661834 0.00199177 0.00024 -0.0138286
0.663832 0.00199339 0.00024 -0.0138282
0.665831 0.00199333 0.00024 -0.0138268
0.66783 0.00199547 0.00024 -0.0138277
0.669831 0.00200208 0.00024 -0.0138351
0.671838 0.0019887 0.00024 -0.0138291
0.673832 0.00199286 0.00024 -0.0138273
0.67583 0.00199609 0.00024 -0.0138286
0.677832 0.00199505 0.00024 -0.013829
0.679833 0.00199427 0.00024 -0.0138291
0.681832 0.00199255 0.00024 -0.013827
0.68383 0.00199568 0.00024 -0.013828
0.685831 0.00199417 0.00024 -0.0138274
0.68783 0.00199396 0.00024 -0.0138274
0.68983 0.00200609 0.00024 -0.0138388
0.691842 0.00198443 0.00024 -0.0138291
0.693832 0.00199344 0.00024 -0.0138283
0.695832 0.00199365 0.00024 -0.0138279
0.697831 0.00199484 0.00024 -0.0138288
0.699832 0.00199552 0.00024 -0.0138296
0.701832 0.00199276 0.00024 -0.0138276
0.703831 0.00199391 0.00024 -0.0138268
0.70583 0.00199542 0.00024 -0.0138275
0.70783 0.00199495 0.00024 -0.0138278
0.709831 0.00199057 0.00024 -0.0138237
0.711827 0.00199969 0.00024 -0.0138292
0.713833 0.00199255 0.00024 -0.0138281
0.715831 0.00200141 0.00024 -0.0138348
0.717838 0.00198766 0.00024 -0.0138278
0.719831 0.00199724 0.00024 -0.0138304
0.721833 0.00199151 0.00024 -0.0138273
0.72383 0.00199453 0.00024 -0.0138272
0.72583 0.00199526 0.00024 -0.0138278
0.727831 0.00199391 0.00024 -0.013827
0.72983 0.00199734 0.00024 -0.0138297
0.731833 0.00199469 0.00024 -0.0138297
0.733833 0.00199271 0.00024 -0.0138278
0.735831 0.00199531 0.00024 -0.0138284
0.737831 0.00199396 0.00024 -0.0138277
0.739831 0.00200635 0.00024 -0.0138395
0.741842 0.00198401 0.00024 -0.0138289
0.743832 0.00202313 0.00024 -0.0138581
0.745862 0.00296786 0.00024 -0.0148331
0.748837 0.0019987 0.00024 -0.0148379
0.750843 0.0019838 0.00024 -0.0148295
0.752832 0.00199411 0.00024 -0.014829
0.754832 0.00199516 0.00024 -0.0148297
0.756833 0.00204969 0.00024 -0.0148847
0.758888 0.00294177 0.00024 -0.015832
0.761835 0.00199167 0.00024 -0.0158293
0.763832 0.00199448 0.00024 -0.0158295
0.765832 0.00199396 0.00024 -0.0158291
0.767832 0.00199349 0.00024 -0.0158278
0.769831 0.00199714 0.00024 -0.0158303
0.771833 0.00199182 0.00024 -0.0158274
0.77383 0.00199448 0.00024 -0.0158274
0.77583 0.00199427 0.00024 -0.0158271
0.77783 0.00199495 0.00024 -0.0158273
0.77983 0.00200088 0.00024 -0.0158335
0.781836 0.00198906 0.00024 -0.015828
0.783831 0.00199536 0.00024 -0.0158287
0.785832 0.00199297 0.00024 -0.0158271
0.78783 0.00201234 0.00024 -0.0158447
0.789848 0.00198276 0.00024 -0.0158328
0.791836 0.00199 0.00024 -0.0158282
0.793831 0.00199469 0.00024 -0.0158281
0.795831 0.00199443 0.00024 -0.0158279
0.797831 0.00199463 0.00024 -0.0158279
0.799831 0.00199625 0.00024 -0.0158295
0.801832 0.00199333 0.00024 -0.0158281
0.803831 0.00199474 0.00024 -0.0158282
0.805831 0.00199354 0.00024 -0.0158271
0.80783 0.0019962 0.00024 -0.0158286
0.809833 0.00199411 0.00024 -0.0158295
0.811832 0.00199839 0.00024 -0.0158332
0.813836 0.0019899 0.00024 -0.0158284
0.815831 0.00199406 0.00024 -0.0158278
0.817831 0.00199484 0.00024 -0.0158279
0.819831 0.00199771 0.00024 -0.0158308
0.821834 0.0019912 0.00024 -0.0158274
0.82383 0.00199516 0.00024 -0.0158278
0.825831 0.00199417 0.00024 -0.0158279
0.827831 0.00199443 0.00024 -0.0158277
0.829831 0.00199734 0.00024 -0.0158304
0.831833 0.00199307 0.00024 -0.0158287
0.833832 0.00199349 0.00024 -0.0158278
0.835831 0.00199828 0.00024 -0.0158315
0.837834 0.00199188 0.00024 -0.0158286
0.839832 0.00199615 0.00024 -0.0158301
0.841833 0.00199156 0.00024 -0.0158271
0.84383 0.00199646 0.00024 -0.0158289
0.845832 0.00199417 0.00024 -0.0158283
0.847831 0.00199339 0.00024 -0.015827
0.84983 0.00199636 0.00024 -0.0158288
0.851832 0.00199385 0.00024 -0.015828
0.853831 0.00199443 0.00024 -0.0158278
0.855831 0.00199443 0.00024 -0.0158277
0.85783 0.00203953 0.00024 -0.0158731
0.859876 0.00295437 0.00024 -0.016833
0.862836 0.00198943 0.00024 -0.0168281
0.864831 0.00199464 0.00024 -0.0168283
0.866831 0.00199495 0.00024 -0.0168287
0.868832 0.0019999 0.00024 -0.0168339
0.870837 0.00198885 0.00024 -0.0168281
0.872831 0.00199396 0.00024 -0.0168273
0.87483 0.00199531 0.00024 -0.016828
0.876831 0.00199328 0.00024 -0.0168267
0.87883 0.00200188 0.00024 -0.0168339
0.880837 0.00198828 0.00024 -0.0168274
0.88283 0.00201229 0.00024 -0.0168451
0.884848 0.00197745 0.00024 -0.0168278
0.886831 0.00199542 0.00024 -0.0168285
0.888831 0.00200047 0.00024 -0.0168343
0.890837 0.00198885 0.00024 -0.0168292
0.892832 0.0019937 0.00024 -0.0168284
0.894832 0.0019937 0.00024 -0.0168276
0.896831 0.00199516 0.00024 -0.0168281
0.898831 0.00199958 0.00024 -0.0168331
0.900836 0.0019901 0.00024 -0.0168287
0.902832 0.00199406 0.00024 -0.0168281
0.904831 0.00199521 0.00024 -0.0168287
0.906832 0.00199463 0.00024 -0.0168286
0.908832 0.00200062 0.00024 -0.0168346
0.910838 0.0019901 0.00024 -0.0168303
0.912833 0.00199188 0.00024 -0.0168274
0.91483 0.00199573 0.00024 -0.0168285
0.916831 0.00199432 0.00024 -0.0168283
0.918831 0.00201208 0.00024 -0.0168455
0.920848 0.00197974 0.00024 -0.0168306
0.922834 0.00199318 0.00024 -0.0168293
0.924832 0.00199417 0.00024 -0.0168287
0.926832 0.00199349 0.00024 -0.0168276
0.92883 0.00200099 0.00024 -0.0168339
0.930837 0.00199026 0.00024 -0.0168295
0.932832 0.00199505 0.00024 -0.0168298
0.934833 0.00199245 0.00024 -0.0168276
0.93683 0.00199458 0.00024 -0.0168276
0.93883 0.00203589 0.00024 -0.0168698
0.940873 0.00395333 0.00024 -0.0188285
0.944831 0.00201573 0.00024 -0.0188508
0.946856 0.00197453 0.00024 -0.0188332
0.948837 0.00199802 0.00024 -0.0188373
0.950842 0.00199037 0.00024 -0.0188351
0.95284 0.00198615 0.00024 -0.0188282
0.954831 0.00199698 0.00024 -0.0188307
0.956834 0.00199151 0.00024 -0.0188275
0.958831 0.00199958 0.00024 -0.018833
0.960836 0.0019913 0.00024 -0.0188301
0.962833 0.00199438 0.00024 -0.0188298
0.964833 0.00199271 0.00024 -0.0188278
0.966831 0.00199469 0.00024 -0.0188278
0.968831 0.00200005 0.00024 -0.0188332
0.970836 0.00199214 0.00024 -0.0188307
0.972834 0.00199135 0.00024 -0.0188273
0.97483 0.00199438 0.00024 -0.0188272
0.97683 0.00201245 0.00024 -0.0188452
0.978848 0.00201339 0.00024 -0.0188642
0.980868 0.00295963 0.00024 -0.0198299
0.983833 0.0019937 0.00024 -0.019829
0.985832 0.00199438 0.00024 -0.0198286
0.987832 0.0019951 0.00024 -0.0198291
0.989833 0.00199839 0.00024 -0.0198342
0.991837 0.00198828 0.00024 -0.0198279
0.993831 0.00199427 0.00024 -0.0198276
0.99583 0.0019963 0.00024 -0.0198291
0.997832 0.00199323 0.00024 -0.0198277
0.999831 0.00199781 0.00024 -0.0198307
1.00183 0.00199708 0.00024 -0.0198334
1.00384 0.00198901 0.00024 -0.0198278
1.00583 0.00199297 0.00024 -0.0198278
1.00783 0.00199463 0.00024 -0.0198278
1.00983 0.00199615 0.00024 -0.0198292
1.01183 0.0019949 0.00024 -0.0198294
1.01383 0.00199344 0.00024 -0.0198282
1.01583 0.00199432 0.00024 -0.019828
1.01783 0.00199479 0.00024 -0.0198282
1.01983 0.00200729 0.00024 -0.0198412
1.02184 0.00198203 0.00024 -0.0198298
1.02383 0.00201161 0.00024 -0.0198483
1.02585 0.00197484 0.00024 -0.0198287
1.02783 0.00199474 0.00024 -0.019829
1.02983 0.00199536 0.00024 -0.0198296
1.03183 0.00199495 0.00024 -0.0198299
1.03383 0.00199245 0.00024 -0.0198277
1.03583 0.00199552 0.00024 -0.0198285
1.03783 0.0019925 0.00024 -0.0198277
1.03983 0.00199531 0.00024 -0.019829
1.04183 0.00199375 0.00024 -0.0198283
1.04383 0.00199484 0.00024 -0.0198284
1.04583 0.00201219 0.00024 -0.0198484
1.04785 0.00197917 0.00024 -0.0198336
1.04984 0.0019925 0.00024 -0.0198316
1.05183 0.00199188 0.00024 -0.0198288
1.05383 0.00199255 0.00024 -0.019828
1.05583 0.0019949 0.00024 -0.0198283
1.05783 0.00199458 0.00024 -0.0198281
1.05983 0.00204776 0.00024 -0.0198811
1.06188 0.00294271 0.00024 -0.0208294
1.06483 0.00199578 0.00024 -0.0208305
1.06683 0.00199219 0.00024 -0.0208281
1.06883 0.00200073 0.00024 -0.0208342
1.07084 0.00198797 0.00024 -0.0208282
1.07283 0.00199568 0.00024 -0.0208291
1.07483 0.00199365 0.00024 -0.0208281
1.07683 0.00199385 0.00024 -0.0208272
1.07883 0.00200375 0.00024 -0.0208365
1.08084 0.00198667 0.00024 -0.0208285
1.08283 0.00199385 0.00024 -0.0208277
1.08483 0.00199511 0.00024 -0.0208282
1.08683 0.00199422 0.00024 -0.0208278
1.08883 0.00200141 0.00024 -0.0208345
1.09084 0.00198891 0.00024 -0.0208288
1.09283 0.0019937 0.00024 -0.0208279
1.09483 0.00199479 0.00024 -0.0208279
1.09683 0.00199745 0.00024 -0.0208306
1.09883 0.00199901 0.00024 -0.0208349
1.10084 0.00198766 0.00024 -0.020828
1.10283 0.00199448 0.00024 -0.0208279
1.10483 0.00199438 0.00024 -0.0208276
1.10683 0.00199516 0.00024 -0.0208281
1.10883 0.00202135 0.00024 -0.0208559
1.11086 0.00396979 0.00024 -0.0228329
1.11484 0.00200875 0.00024 -0.0228474
1.11685 0.00198036 0.00024 -0.0228342
1.11884 0.00200266 0.00024 -0.0228442
1.12085 0.00198354 0.00024 -0.0228335
1.12284 0.00199177 0.00024 -0.0228305
1.12483 0.00199276 0.00024 -0.0228289
1.12683 0.00199318 0.00024 -0.0228274
1.12883 0.00200479 0.00024 -0.0228375
1.13084 0.00198609 0.00024 -0.022829
1.13283 0.00199375 0.00024 -0.022828
1.13483 0.00199438 0.00024 -0.0228277
1.13683 0.00199625 0.00024 -0.0228293
1.13883 0.00200078 0.00024 -0.0228355
1.14084 0.00198969 0.00024 -0.0228307
1.14283 0.00199188 0.00024 -0.0228279
1.14483 0.00203563 0.00024 -0.0228705
1.14687 0.00295922 0.00024 -0.0238366
1.14984 0.00199646 0.00024 -0.023839
1.15184 0.00198354 0.00024 -0.0238286
1.15383 0.00199198 0.00024 -0.0238272
1.15583 0.00199573 0.00024 -0.0238283
1.15783 0.0019937 0.00024 -0.0238274
1.15983 0.00199839 0.00024 -0.023831
1.16183 0.00199386 0.00024 -0.0238301
1.16383 0.00199349 0.00024 -0.023829
1.16583 0.00199391 0.00024 -0.0238282
1.16783 0.00199443 0.00024 -0.023828
1.16983 0.00199724 0.00024 -0.0238336
1.17184 0.00198979 0.00024 -0.0238289
1.17383 0.00199375 0.00024 -0.023828
1.17583 0.00199401 0.00024 -0.0238274
1.17783 0.00199552 0.00024 -0.0238283
1.17983 0.00199536 0.00024 -0.023829
1.18183 0.00199281 0.00024 -0.0238271
1.18383 0.00199526 0.00024 -0.0238279
1.18583 0.00199297 0.00024 -0.0238271
1.18783 0.00199474 0.00024 -0.0238272
1.18983 0.00199745 0.00024 -0.02383
1.19183 0.00200906 0.00024 -0.0238444
1.19385 0.00198094 0.00024 -0.0238307
1.19583 0.00199261 0.00024 -0.0238288
1.19783 0.00199479 0.00024 -0.0238289
1.19983 0.00199719 0.00024 -0.0238314
1.20183 0.00199052 0.00024 -0.0238272
1.20383 0.00199573 0.00024 -0.0238283
1.20583 0.00199469 0.00024 -0.0238283
1.20783 0.00199349 0.00024 -0.0238272
1.20983 0.00199635 0.00024 -0.0238289
1.21183 0.00199365 0.00024 -0.0238279
1.21383 0.00199443 0.00024 -0.0238277
1.21583 0.00199729 0.00024 -0.0238305
1.21783 0.00199255 0.00024 -0.0238283
1.21983 0.00199672 0.00024 -0.0238304
1.22183 0.00198708 0.00024 -0.0238229
1.22383 0.00199937 0.00024 -0.0238277
1.22583 0.00199401 0.00024 -0.0238271
1.22783 0.00199563 0.00024 -0.023828
1.22983 0.00199698 0.00024 -0.0238303
1.23183 0.00199198 0.00024 -0.0238275
1.23383 0.0019938 0.00024 -0.0238273
1.23583 0.0019951 0.00024 -0.0238277
1.23783 0.00199469 0.00024 -0.0238277
1.23983 0.00199833 0.00024 -0.0238314
1.24183 0.00199052 0.00024 -0.0238272
1.24383 0.00199568 0.00024 -0.0238283
1.24583 0.0019949 0.00024 -0.0238284
1.24783 0.00199391 0.00024 -0.0238277
1.24983 0.00199568 0.00024 -0.0238293
1.25183 0.00199385 0.00024 -0.0238285
1.25383 0.00199432 0.00024 -0.0238281
1.25583 0.00199406 0.00024 -0.0238276
1.25783 0.00199469 0.00024 -0.0238276
1.25983 0.00199609 0.00024 -0.023829
1.26183 0.00201729 0.00024 -0.0238516
1.26385 0.00197344 0.00024 -0.0238303
1.26583 0.00199198 0.00024 -0.0238285
1.26783 0.00199521 0.00024 -0.0238291
1.26983 0.001995 0.00024 -0.0238293
1.27183 0.00199344 0.00024 -0.0238289
1.27383 0.0019926 0.00024 -0.0238278
1.27583 0.00199464 0.00024 -0.0238276
1.27783 0.00199458 0.00024 -0.0238277
1.27983 0.00199677 0.00024 -0.0238297
1.28183 0.0019924 0.00024 -0.0238278
1.28383 0.00199411 0.00024 -0.0238273
1.28583 0.00199724 0.00024 -0.0238297
1.28783 0.00199214 0.00024 -0.0238271
1.28983 0.00199651 0.00024 -0.0238289
1.29183 0.00199375 0.00024 -0.023828
1.29383 0.00199391 0.00024 -0.0238273
1.29583 0.0019949 0.00024 -0.0238274
1.29783 0.00199406 0.00024 -0.0238274
1.29983 0.00199672 0.00024 -0.0238294
1.30183 0.00199313 0.00024 -0.0238279
1.30383 0.0019937 0.00024 -0.023827
1.30583 0.00199547 0.00024 -0.0238277
1.30783 0.0020113 0.00024 -0.0238443
1.30985 0.00197969 0.00024 -0.0238292
1.31183 0.00199385 0.00024 -0.0238283
1.31383 0.00199297 0.00024 -0.0238272
1.31583 0.00199615 0.00024 -0.0238286
1.31783 0.00199333 -0.00954 -0.0238273
1.31983 0.00199635 0.00024 -0.0238292
1.32183 0.00199411 0.00024 -0.0238296
1.32383 0.00199396 0.00024 -0.0238289
1.32583 0.00199333 0.00024 -0.0238274
1.32783 0.00199443 0.00024 -0.0238272
1.32983 0.00199578 0.00024 -0.023829
1.33183 0.00199729 0.00024 -0.0238316
1.33383 0.00199063 0.00024 -0.0238276
1.33583 0.00199599 0.00024 -0.0238287
1.33783 0.00199338 0.00024 -0.0238274
1.33983 0.00201354 0.00024 -0.0238482
1.34185 0.00199115 0.00024 -0.023845
1.34385 0.00198068 0.00024 -0.0238332
1.34584 0.00200677 0.00024 -0.0238482
1.34785 0.00197781 0.00024 -0.0238336
1.34984 0.00200901 0.00024 -0.0238487
1.35185 0.00197557 0.00024 -0.02383
1.35383 0.00199161 0.00024 -0.023828
1.35583 0.00199646 0.00024 -0.0238299
1.35783 0.00199266 0.00024 -0.0238279
1.35983 0.00199885 0.00024 -0.0238321
1.36184 0.0020451 0.00024 -0.0238828
1.36389 0.00294167 0.00024 -0.0248306
1.36683 0.00199177 0.00024 -0.0248278
1.36883 0.00199844 0.00024 -0.0248315
1.37083 0.0019924 0.00024 -0.0248293
1.37283 0.00199307 0.00024 -0.0248278
1.37483 0.00199552 0.00024 -0.0248284
1.37683 0.00199255 0.00024 -0.0248264
1.37883 0.0020175 0.00024 -0.0248492
1.38085 0.00197562 0.00024 -0.0248303
1.38283 0.00199224 0.00024 -0.024828
1.38483 0.00199703 0.00024 -0.0248303
1.38683 0.00199286 0.00024 -0.0248284
1.38883 0.00199662 0.00024 -0.0248304
1.39083 0.00199177 0.00024 -0.0248274
1.39283 0.00199464 0.00024 -0.0248276
1.39483 0.00199781 0.00024 -0.0248306
1.39683 0.00199177 0.00024 -0.0248278
1.39883 0.00199797 0.00024 -0.024831
1.40083 0.00199224 0.00024 -0.0248289
1.40283 0.00199432 0.00024 -0.0248286
1.40483 0.00199438 0.00024 -0.0248283
1.40683 0.00199438 0.00024 -0.024828
1.40883 0.00199604 0.00024 -0.0248294
1.41083 0.0019949 0.00024 -0.0248297
1.41283 0.00199349 0.00024 -0.0248285
1.41483 0.00199516 0.00024 -0.024829
1.41683 0.00199375 0.00024 -0.024828
1.41883 0.00200359 0.00024 -0.0248368
1.42084 0.00198526 0.00024 -0.0248273
1.42283 0.00199495 0.00024 -0.0248275
1.42483 0.00199604 0.00024 -0.0248288
1.42683 0.00199359 0.00024 -0.0248277
1.42883 0.00199839 0.00024 -0.0248316
1.43083 0.00199177 0.00024 -0.0248286
1.43283 0.00199338 0.00024 -0.0248273
1.43483 0.00199542 0.00024 -0.0248281
1.43683 0.00199781 0.00024 -0.0248312
1.43883 0.00199969 0.00024 -0.0248362
1.44084 0.00198714 0.00024 -0.0248289
1.44283 0.00199479 0.00024 -0.0248289
1.44483 0.00199438 0.00024 -0.0248286
1.44683 0.00199448 0.00024 -0.0248284
1.44883 0.00200104 0.00024 -0.0248348
1.45084 0.00198849 0.00024 -0.0248287
1.45283 0.00199703 0.00024 -0.024831
1.45483 0.00199213 0.00024 -0.0248285
1.45683 0.0019938 0.00024 -0.0248277
1.45883 0.00200099 -0.00954 -0.0248341
1.46084 0.00198953 0.00024 -0.0248289
1.46283 0.00203943 0.00024 -0.0248736
1.46488 0.00294979 0.00024 -0.0258287
1.46783 0.0019938 0.00024 -0.0258289
1.46983 0.00199505 0.00024 -0.0258292
1.47183 0.00199359 0.00024 -0.0258282
1.47383 0.00199521 0.00024 -0.0258289
1.47583 0.00199234 0.00024 -0.0258278
1.47783 0.00199182 0.00024 -0.0258249
1.47983 0.00199964 0.00024 -0.0258298
1.48183 0.00199276 0.00024 -0.025828
1.48383 0.00199427 0.00024 -0.0258277
1.48583 0.00199495 0.00024 -0.025828
1.48783 0.00199469 0.00024 -0.0258279
1.48983 0.00199557 0.00024 -0.0258288
1.49183 0.00199088 0.00024 -0.0258264
1.49383 0.00299958 0.00024 -0.0268316
1.49684 0.00199026 0.00024 -0.0268277
1.49883 0.00200094 0.00024 -0.026834
1.50084 0.00198865 0.00024 -0.026828
1.50283 0.00199432 0.00024 -0.0268276
1.50483 0.00199479 0.00024 -0.0268277
1.50683 0.00199401 0.00024 -0.0268271
1.50883 0.00200125 0.00024 -0.0268336
1.51084 0.00198844 0.00024 -0.0268275
1.51283 0.00199438 0.00024 -0.0268273
1.51483 0.00199536 0.00024 -0.0268279
1.51683 0.00199432 0.00024 -0.0268274
1.51883 0.00200052 0.00024 -0.0268332
1.52084 0.00198839 0.00024 -0.0268268
1.52283 0.001995 0.00024 -0.0268271
1.52483 0.00199464 0.00024 -0.026827
1.52683 0.00199568 0.00024 -0.0268281
1.52883 0.00199979 0.00024 -0.0268334
1.53084 0.00199125 0.00024 -0.0268298
1.53283 0.0019913 0.00024 -0.0268266
1.53483 0.00199526 0.00024 -0.0268271
1.53683 0.00199453 0.00024 -0.0268269
1.53883 0.00200266 0.00024 -0.0268349
1.54084 0.00198687 0.00024 -0.0268279
1.54283 0.00199406 0.00024 -0.0268272
1.54483 0.00202359 0.00024 -0.026857
1.54686 0.00296792 0.00024 -0.0278332
1.54984 0.00200469 0.00024 -0.0278439
1.55185 0.00197844 0.00024 -0.0278295
1.55383 0.00199219 0.00024 -0.0278272
1.55583 0.00199443 0.00024 -0.0278271
1.55783 0.00199292 0.00024 -0.027826
1.55983 0.0019975 0.00024 -0.0278287
1.56183 0.00199318 0.00024 -0.0278276
1.56383 0.00204734 0.00024 -0.0278803
1.56588 0.00294312 0.00024 -0.0288287
1.56883 0.00199656 0.00024 -0.0288307
1.57083 0.0019913 0.00024 -0.0288273
1.57283 0.00199479 0.00024 -0.0288275
1.57483 0.00199396 0.00024 -0.0288267
1.57683 0.00199614 0.00024 -0.0288281
1.57883 0.00199958 0.00024 -0.028833
1.58084 0.00198917 0.00024 -0.0288274
1.58283 0.00199552 0.00024 -0.0288283
1.58483 0.00199297 0.00024 -0.0288266
1.58683 0.00199573 0.00024 -0.0288276
1.58883 0.00199839 0.00024 -0.0288311
1.59083 0.00199036 0.00024 -0.0288269
1.59283 0.00199427 0.00024 -0.0288264
1.59483 0.00199625 0.00024 -0.028828
1.59683 0.0019938 0.00024 -0.028827
1.59883 0.00199937 0.00024 -0.0288317
1.60083 0.00206364 0.00024 -0.0289022
1.60291 0.00301385 0.00024 -0.0299273
1.60594 0.00298344 0.00024 -0.0309237
1.60893 0.00297891 0.00024 -0.0319156
1.61192 0.00303979 0.00024 -0.0329664
1.61498 0.0029899 0.00024 -0.0339726
1.61798 0.00306995 0.00024 -0.035059
1.62107 0.00287266 0.00024 -0.0359494
1.62396 0.00296214 0.00024 -0.0369246
1.62693 0.00302713 0.00024 -0.0379684
1.62998 0.00295359 0.00024 -0.0389357
1.63295 0.00301505 0.00024 -0.0399687
1.63598 0.00302693 0.00024 -0.0410117
1.63902 0.00300338 0.00024 -0.0420328
1.64204 0.00289771 0.00024 -0.042946
1.64495 0.00302682 0.00024 -0.0439862
1.64799 0.00303297 0.00024 -0.045036
1.65105 0.00292302 0.00024 -0.0459758
1.65399 0.00297172 0.00024 -0.0469639
1.65697 0.00295245 -0.00954 -0.0479264
1.65993 0.00302464 0.00024 -0.0489623
1.66297 0.00316667 0.00024 -0.050139
1.66615 0.00269354 0.00024 -0.0508428
1.66885 0.0020562 0.00024 -0.0509068
1.67091 0.0029625 0.00024 -0.0518793
1.67388 0.00301062 0.00024 -0.0529004
1.67691 0.00295651 0.00024 -0.0538675
1.67987 0.00316964 0.00024 -0.0550499
1.68306 0.00283031 0.00024 -0.0558942
1.6859 0.00373964 0.00024 -0.0576443
1.68965 0.0038476 0.00024 -0.0598621
1.69387 0.00301167 0.00024 -0.0608854
1.69689 0.00300943 0.00024 -0.0619037
1.69991 0.00300901 0.00024 -0.062924
1.70293 0.0029463 0.00024 -0.0638817
1.70589 0.00300292 0.00024 -0.0648926
1.7089 0.00298651 0.00024 -0.0658889
1.7119 0.00301484 0.00024 -0.0669155
1.71492 0.00297042 0.00024 -0.0678975
1.7179 0.00305875 0.00024 -0.0689659
1.72097 0.00291865 0.00024 -0.0698951
1.7239 0.00298448 0.00024 -0.0708898
1.7269 0.00300536 0.00024 -0.0719043
1.72991 0.00297422 0.00024 -0.0728911
1.7329 0.00299245 0.00024 -0.0738955
1.7359 0.00299141 0.00024 -0.0748961
1.7389 0.00299526 0.00024 -0.0759036
1.74191 0.00295953 0.00024 -0.0768745
1.74488 0.00303391 0.00024 -0.0779186
1.74793 0.00313823 0.00024 -0.0790714
1.75108 0.00281927 0.00024 -0.0799031
1.75391 0.0030113 0.00024 -0.0809291
1.75694 0.00297766 0.00024 -0.081919
1.75993 0.00297156 0.00024 -0.082903
1.76291 0.00297495 0.00024 -0.0838887
1.7659 0.00295812 0.00024 -0.0848565
1.76886 0.00300604 0.00024 -0.0858707
1.77188 0.00297391 0.00024 -0.0868554
1.77486 0.00297656 0.00024 -0.0878397
1.77784 0.00199849 0.00024 -0.0878479
1.77985 0.00201427 0.00024 -0.0878687
1.78187 0.00297286 0.00024 -0.0888497
1.78486 0.00299828 0.00024 -0.0898569
1.78786 0.00302599 0.00024 -0.0908915
1.7909 0.00294141 0.00024 -0.0918404
1.79385 0.00199615 0.00024 -0.0918445
1.79585 0.00200068 0.00024 -0.0918542
1.79786 0.00197979 0.00024 -0.0918406
1.79984 0.00200802 0.00024 -0.0918563
1.80186 0.00298625 0.00024 -0.0928517
1.80486 0.00198286 0.00024 -0.0928429
1.80685 0.00199516 0.00024 -0.0928449
1.80885 0.0019825 0.00024 -0.0928337
1.81084 0.00200646 0.00024 -0.0928459
1.81285 0.00198594 0.00024 -0.0928383
1.81484 0.00199828 0.00024 -0.0928437
1.81685 0.00199839 0.00024 -0.0928481
1.81885 0.00199505 0.00024 -0.0928491
1.82085 0.00193901 0.00024 -0.0927949
1.8228 0.00199833 0.00024 -0.0927974
1.8248 0.00199057 0.00024 -0.0927916
1.82679 0.00199448 0.00024 -0.0927898
1.82879 0.00200505 0.00024 -0.0927983
1.8308 0.00198641 0.00024 -0.0927882
1.83279 0.00199661 0.00024 -0.0927884
1.83479 0.00199656 0.00024 -0.0927885
1.83679 0.00199708 0.00024 -0.0927891
1.83879 0.00200057 0.00024 -0.0927933
1.8408 0.00199078 0.00024 -0.0927876
1.84279 0.00199766 0.00024 -0.0927887
1.84479 0.00199542 0.00024 -0.0927878
1.84679 0.00200812 0.00024 -0.0927995
1.8488 0.00198958 0.00024 -0.0927926
1.85079 0.0019925 0.00024 -0.0927889
1.85279 0.00199578 0.00024 -0.0927883
1.85479 0.00199552 0.00024 -0.0927874
1.85679 0.00199734 0.00024 -0.0927882
1.85879 0.00200005 0.00024 -0.0927918
1.86079 0.0019924 0.00024 -0.0927879
1.86279 0.00199677 0.00024 -0.0927882
1.86479 0.00199552 0.00024 -0.0927873
1.86679 0.0019974 0.00024 -0.0927883
1.86879 0.0019999 0.00024 -0.0927918
1.87079 0.00199214 0.00024 -0.0927874
1.87279 0.00199896 0.00024 -0.0927899
1.87479 0.00199542 0.00024 -0.092789
1.87679 0.00199573 0.00024 -0.0927882
1.87879 0.00199943 0.00024 -0.0927914
1.88079 0.00199286 0.00024 -0.0927878
1.88279 0.00199693 0.00024 -0.0927883
1.88479 0.00199635 -0.00954 -0.0927882
1.88679 0.0019963 0.00024 -0.092788
1.88879 0.00200005 0.00024 -0.0927917
1.89079 0.00199292 0.00024 -0.0927883
1.89279 0.00199651 0.00024 -0.0927884
1.89479 0.00199563 0.00024 -0.0927876
1.89679 0.0019976 0.00024 -0.0927888
1.89879 0.00200021 0.00024 -0.0927925
1.90079 0.00199161 0.00024 -0.0927876
1.90279 0.00199729 0.00024 -0.0927884
1.90479 0.00199552 0.00024 -0.0927875
1.90679 0.00199641 0.00024 -0.0927874
1.90879 0.00200135 0.00024 -0.0927924
1.91079 0.0019912 0.00024 -0.0927872
1.91279 0.00199781 0.00024 -0.0927885
1.91479 0.00199719 0.00024 -0.0927893
1.91679 0.00199448 0.00024 -0.0927873
1.91879 0.00200151 0.00024 -0.0927924
1.92079 0.00199406 0.00024 -0.09279
1.92279 0.00199568 0.00024 -0.0927892
1.92479 0.001995 0.00024 -0.0927877
1.92679 0.00199594 0.00024 -0.0927872
1.92879 0.00200177 0.00024 -0.0927925
1.93079 0.00199255 0.00024 -0.0927886
1.93279 0.00199536 0.00024 -0.0927876
1.93479 0.00199646 0.00024 -0.0927876
1.93679 0.00199693 0.00024 -0.0927881
1.93879 0.0020012 0.00024 -0.092793
1.94079 0.00198776 0.00024 -0.0927843
1.94279 0.0019962 0.00024 -0.092784
1.94479 0.00200068 0.00024 -0.0927883
1.94679 0.00203948 0.00024 -0.0928324
1.94884 0.00211255 0.00024 -0.0929499
1.95095 0.00283266 0.00024 -0.0937887
1.95379 0.00199411 0.00024 -0.0937869
1.95579 0.00199453 0.00024 -0.0937853
1.95779 0.00199463 0.00024 -0.0937834
1.95979 0.00200078 0.00024 -0.0937877
1.96179 0.0019938 0.00024 -0.0937852
1.96379 0.00199547 0.00024 -0.0937843
1.96579 0.00199635 0.00024 -0.0937841
1.96779 0.00199625 0.00024 -0.0937838
1.96979 0.00200427 0.00024 -0.0937917
1.97179 0.00198922 0.00024 -0.0937846
1.97379 0.00199563 0.00024 -0.0937837
1.97579 0.00199594 0.00024 -0.0937838
1.97779 0.0019963 0.00024 -0.0937835
1.97979 0.00200062 0.00024 -0.0937877
1.98179 0.00199224 0.00024 -0.0937835
1.98379 0.00199687 0.00024 -0.0937839
1.98579 0.00199656 0.00024 -0.0937839
1.98779 0.00199656 0.00024 -0.093784
1.98979 0.00200323 0.00024 -0.0937911
1.99179 0.00200536 0.00024 -0.0938001
1.9938 0.00198516 0.00024 -0.0937887
1.99579 0.00199682 0.00024 -0.0937891
1.99779 0.00422193 0.00024 -0.0960167
2.00202 0.00281656 0.00024 -0.0968455
2.00485 0.00194495 0.00024 -0.0967978
2.0068 0.00198927 0.00024 -0.0967912
2.00879 0.00201021 0.00024 -0.0968054
2.01081 0.0019812 0.00024 -0.0967907
2.01279 0.00199443 0.00024 -0.0967887
2.01479 0.00199646 0.00024 -0.0967887
2.01679 0.0019962 0.00024 -0.0967884
2.01879 0.00200318 0.00024 -0.096796
2.0208 0.00198521 0.00024 -0.0967848
2.02279 0.00199526 0.00024 -0.0967835
2.02479 0.0019963 0.00024 -0.0967833
2.02679 0.00199849 0.00024 -0.0967853
2.02879 0.00202521 0.00024 -0.0968142
2.03082 0.00197292 0.00024 -0.096791
2.03279 0.00199635 0.00024 -0.096791
2.03479 0.00199411 0.00024 -0.0967887
2.03679 0.00199948 0.00024 -0.0967918
2.03879 0.00206656 0.00024 -0.0968624
2.04086 0.00192516 0.00024 -0.0967919
2.04279 0.00199495 0.00024 -0.0967916
2.04479 0.00199354 0.00024 -0.0967887
2.04679 0.00201135 0.00024 -0.0968038
2.04881 0.00199057 0.00024 -0.0967986
2.0508 0.00198781 0.00024 -0.0967903
2.05279 0.00199578 0.00024 -0.0967895
2.05479 0.0019962 0.00024 -0.0967894
2.05679 0.00199526 0.00024 -0.0967884
2.05879 0.00200078 0.00024 -0.0967928
2.06079 0.00198719 0.00024 -0.0967835
2.06279 0.00199687 0.00024 -0.0967839
2.06479 0.00199661 0.00024 -0.096784
2.06679 0.00200245 0.00024 -0.0967899
2.06879 0.00206037 0.00024 -0.0968552
2.07086 0.00193406 0.00024 -0.0967933
2.0728 0.00199146 0.00024 -0.0967883
2.07479 0.00199594 0.00024 -0.0967879
2.07679 0.00199693 0.00024 -0.0967884
2.07879 0.00200255 0.00024 -0.0967944
2.0808 0.00199328 0.00024 -0.0967913
2.08279 0.00199365 0.00024 -0.0967886
2.08479 0.00199667 0.00024 -0.0967888
2.08679 0.00199599 0.00024 -0.0967884
2.08879 0.00200068 0.00024 -0.0967925
2.0908 0.00200521 0.00024 -0.096802
2.0928 0.00198359 0.00024 -0.0967891
2.09479 0.00199646 0.00024 -0.0967891
2.09679 0.00201089 0.00024 -0.0968041
2.09881 0.00199172 0.00024 -0.0968008
2.1008 0.00198547 0.00024 -0.0967905
2.10279 0.00199656 0.00024 -0.0967906
2.10479 0.00199391 0.00024 -0.096788
2.10679 0.00199828 0.00024 -0.0967899
2.10879 0.0020001 0.00024 -0.0967935
2.1108 0.00199115 0.00024 -0.0967882
2.11279 0.00199776 0.00024 -0.0967896
2.11479 0.00199516 0.00024 -0.0967883
2.11679 0.00202089 0.00024 -0.0968133
2.11882 0.00198604 0.00024 -0.0968034
2.12081 0.00198552 -0.00954 -0.0967935
2.1228 0.00199396 0.00024 -0.0967915
2.12479 0.00199333 0.00024 -0.0967883
2.12679 0.00199667 0.00024 -0.0967885
2.12879 0.0020013 0.00024 -0.0967934
2.1308 0.00199109 0.00024 -0.096788
2.13279 0.00199734 0.00024 -0.096789
2.13479 0.00199698 0.00024 -0.0967895
2.13679 0.00199958 0.00024 -0.0967929
2.1388 0.00200062 0.00024 -0.0967983
2.1408 0.00198708 0.00024 -0.096789
2.14279 0.00199568 0.00024 -0.0967884
