1.511e-06 0.00304187 0.00024 0.0969346
0.100335 0.00261734 0.00024 0.097038
0.20013 0.00282068 0.00024 0.097043
0.300134 0.00284865 0.00024 0.0970094
0.400132 0.00282599 0.00024 0.0970365
0.50012 0.00287021 0.00024 0.0970063
0.600113 0.00288443 0.00024 0.0969945
0.700122 0.00282198 0.00024 0.0970502
0.800117 0.00283229 0.00024 0.097046
0.900118 0.00282391 0.00024 0.0970542
1.00011 0.00283042 0.00024 0.0970515
1.10014 0.00280807 0.00024 0.0970413
1.20012 0.0028274 0.00024 0.0970444
1.30012 0.00291844 0.00024 0.0969507
1.40014 0.00286203 0.00024 0.09699
1.50012 0.00284396 0.00024 0.0970222
1.60012 0.0027949 0.00024 0.0970782
1.70011 0.00279948 0.00024 0.0970916
1.80009 0.00281495 0.00024 0.0970878
1.9001 0.00280323 0.00024 0.0970956
2.00011 0.00280589 0.00024 0.0970763
2.10012 0.00278635 0.00024 0.097084
2.20012 0.00283724 0.00024 0.0970374
2.30018 0.00276146 0.00024 0.0970523
2.40018 0.00277714 0.00024 0.0970385
2.50012 0.00282088 0.00024 0.0970547
2.60011 0.00283614 0.00024 0.0970457
2.70012 0.00282766 0.00024 0.0970509
2.80012 0.00283432 0.00024 0.0970437
2.90011 0.00286859 0.00024 0.0970133
3.00012 0.00287875 0.00024 0.0970012
3.10012 0.00282297 0.00024 0.0970549
3.20011 0.00282885 0.00024 0.0970528
3.30011 0.00282563 0.00024 0.0970564
3.40012 0.00282844 0.00024 0.0970453
3.50017 0.00277167 0.00024 0.0970547
3.60011 0.00283151 0.00024 0.0970493
3.70011 0.00283062 0.00024 0.0970534
3.80011 0.00283073 0.00024 0.097051
3.90011 0.00287339 0.00024 0.0970088
4.00011 0.00287745 0.00024 0.0970066
4.10052 0.00248812 0.00024 0.0969852
4.20012 0.00282245 0.00024 0.0970492
4.30012 0.00282224 0.00024 0.0970547
4.40012 0.00282156 0.00024 0.0970505
4.50012 0.00281943 0.00024 0.0970585
4.60017 0.00277 0.00024 0.0970573
4.70012 0.00282375 0.00024 0.097056
4.80013 0.00282094 0.00024 0.0970372
4.90014 0.00282068 0.00024 0.0970379
5.00011 0.00283531 0.00024 0.0970455
5.10013 0.00288911 0.00024 0.0969656
5.20012 0.00281953 0.00024 0.0970503
5.30013 0.00281943 0.00024 0.097048
5.40011 0.00286078 0.00024 0.0970241
5.50014 0.00281156 0.00024 0.0970472
5.60012 0.00282057 0.00024 0.0970527
5.70017 0.00277417 0.00024 0.0970534
5.80012 0.00282448 0.00024 0.0970537
5.90012 0.00282818 0.00024 0.0970441
6.00012 0.00287385 0.00024 0.0969989
6.10012 0.00287089 0.00024 0.0970035
6.20012 0.00281698 0.00024 0.0970571
6.30012 0.00282141 0.00024 0.0970587
6.40011 0.00286156 0.00024 0.0970201
6.50012 0.00282583 0.00024 0.0970518
6.60011 0.00282255 0.00024 0.0970577
6.70019 0.00284386 0.00024 0.0969488
6.80015 0.00284761 0.00024 0.0969923
6.90013 0.00278427 0.00024 0.097077
7.00012 0.00279646 0.00024 0.0970785
7.10012 0.00279234 0.00024 0.0970875
7.20011 0.00279578 0.00024 0.0970907
7.30012 0.00279401 0.00024 0.0970801
7.40011 0.00282719 0.00024 0.0970609
7.5001 0.00280089 0.00024 0.0970904
7.60013 0.00282161 0.00024 0.0970414
7.70018 0.0027662 0.00024 0.0970523
7.80011 0.00283703 0.00024 0.0970446
7.90012 0.00286854 0.00024 0.0970097
8.00012 0.00287911 0.00024 0.0969945
8.10011 0.00282901 0.00024 0.0970529
8.20012 0.00282739 0.00024 0.0970482
8.30016 0.00277594 0.00024 0.0970588
8.40017 0.00277479 0.00024 0.0970511
8.50016 0.00279021 0.00024 0.0970375
8.60105 0.00290594 0.00024 0.0960358
8.70013 0.00291781 0.00024 0.0969466
8.80014 0.00286432 0.00024 0.096991
8.90014 0.00289807 0.00024 0.0969495
9.00015 0.00287552 0.00024 0.0969606
9.10014 0.00281594 0.00024 0.0970436
9.20012 0.00282948 0.00024 0.0970389
9.30011 0.00282932 0.00024 0.0970516
9.40012 0.00282807 0.00024 0.0970426
9.50018 0.00277245 0.00024 0.0970454
9.60018 0.00277417 0.00024 0.0970394
9.70011 0.00283198 0.00024 0.0970514
9.80012 0.00284891 0.00024 0.0970231
9.90012 0.00287578 0.00024 0.096999
10.0001 0.00287266 0.00024 0.096994
10.1001 0.00282922 0.00024 0.0970513
10.2001 0.00282474 0.00024 0.0970456
10.3002 0.00278583 0.00024 0.097045
10.4001 0.00283115 0.00024 0.0970431
10.5001 0.00283604 0.00024 0.0970398
10.6001 0.00283484 0.00024 0.0970358
10.7001 0.00283422 0.00024 0.0970481
10.8001 0.00284505 0.00024 0.0970094
10.9001 0.00287917 0.00024 0.0969931
11.0001 0.00290266 0.00024 0.0969739
11.1001 0.00282307 0.00024 0.0970325
11.2001 0.00286594 0.00024 0.0970059
11.3001 0.00282281 0.00024 0.0970438
11.4001 0.00286276 0.00024 0.0970163
11.5001 0.00283 0.00024 0.0970445
11.6001 0.00282693 0.00024 0.0970508
11.7001 0.00283432 0.00024 0.0970511
11.8001 0.00283344 0.00024 0.0970457
11.9002 0.00277729 0.00024 0.0970459
12.0002 0.00280734 0.00024 0.0969751
12.1002 0.00383099 0.00024 0.095953
12.2002 0.00283318 0.00024 0.0970002
12.3001 0.00276984 0.00024 0.0970791
12.4001 0.00279286 0.00024 0.0970817
12.5001 0.00278615 0.00024 0.0970807
12.6001 0.00279464 0.00024 0.097094
12.7001 0.00278854 0.00024 0.0970767
