1.093e-06 0.00247891 0.00024 0.0075051
0.0102214 0.00220042 0.00024 0.00757224
0.0201026 0.00230948 0.00024 0.007585
0.0300907 0.00232 0.00024 0.00758698
0.0400887 0.00232281 0.00024 0.00758641
0.0500891 0.00232198 0.00024 0.00758672
0.0600886 0.00232521 0.00024 0.00758396
0.0700906 0.00231594 0.00024 0.00759141
0.0800865 0.00232016 0.00024 0.00759005
0.0900847 0.00232094 0.00024 0.00759187
0.100091 0.00232177 0.00024 0.00758391
0.110089 0.00232219 0.00024 0.00758687
0.120088 0.00232333 0.00024 0.00758573
0.130091 0.00231802 0.00024 0.00758854
0.140088 0.00233453 0.00024 0.00757438
0.150088 0.00232182 0.00024 0.00758776
0.160088 0.00232151 0.00024 0.00758854
0.170092 0.00231724 0.00024 0.00758901
0.180088 0.00232193 0.00024 0.00758813
0.190088 0.0023587 0.00024 0.00755042
0.200305 0.0021599 0.00024 0.0075287
0.210112 0.00234297 0.00024 0.00754031
0.220109 0.00335073 0.00024 0.00653719
0.23011 0.00334833 0.00024 0.0065375
0.240111 0.00335031 0.00024 0.00653536
0.250106 0.0023451 0.00024 0.0075451
0.260107 0.00234344 0.00024 0.00754568
0.270106 0.00234453 0.00024 0.00754609
0.280106 0.00233854 0.00024 0.00755208
0.29011 0.00336755 0.00024 0.00651885
0.300159 0.0022937 0.00024 0.00754333
0.310107 0.00234385 0.00024 0.00754667
0.320107 0.00234422 0.00024 0.00754521
0.330112 0.00333307 0.00024 0.00655162
0.340109 0.0033475 0.00024 0.00654031
0.350106 0.00234453 0.00024 0.0075462
0.360106 0.0023438 0.00024 0.00754708
0.370112 0.00334385 0.00024 0.00654042
0.380109 0.00234359 0.00024 0.00754328
0.390111 0.0033562 0.00024 0.00652818
0.40017 0.00228651 0.00024 0.00753849
0.410107 0.00233739 0.00024 0.00755261
0.420108 0.00337599 0.00024 0.00651193
0.430107 0.00234411 0.00024 0.00754453
0.440109 0.00234146 0.00024 0.00754677
0.450106 0.0023437 0.00024 0.00754693
0.460106 0.00234266 0.00024 0.00754813
0.470105 0.00234453 0.00024 0.0075475
0.480121 0.00233625 0.00024 0.00753818
0.490122 0.00232531 0.00024 0.00755
0.500112 0.00234349 0.00024 0.00754031
0.510109 0.00235266 0.00024 0.00753432
0.520106 0.00234542 0.00024 0.00754484
0.530111 0.00334422 0.00024 0.00654141
0.540106 0.00234458 0.00024 0.00754479
0.550106 0.00234505 0.00024 0.00754604
0.560119 0.00234052 0.00024 0.00753677
0.570125 0.0023262 0.00024 0.00754443
0.580106 0.00233896 0.00024 0.00755146
0.590112 0.0033574 0.00024 0.00652563
0.600114 0.00239786 0.00024 0.00748479
0.61011 0.00234281 0.00024 0.00754339
0.620109 0.00234188 0.00024 0.00754537
0.630107 0.0023426 0.00024 0.00754578
0.640109 0.0023424 0.00024 0.00754391
0.650113 0.0033463 0.00024 0.00653661
0.660106 0.00234469 0.00024 0.00754688
0.670106 0.00234573 0.00024 0.00754396
0.680106 0.00234536 0.00024 0.007545
0.690114 0.00334276 0.00024 0.00654031
0.700099 0.00234365 0.00024 0.00755385
0.710117 0.00233391 0.00024 0.00754443
0.720107 0.00234344 0.00024 0.00754698
0.730113 0.00334417 0.00024 0.00654011
0.740106 0.0023449 0.00024 0.00754542
0.750106 0.00234443 0.00024 0.00754516
0.760106 0.00234667 0.00024 0.00754417
0.770112 0.00233766 0.00024 0.00754661
0.780106 0.00234448 0.00024 0.00754641
0.790105 0.00236896 0.00024 0.00752234
0.800115 0.00234641 0.00024 0.00753422
0.810164 0.00229188 0.00024 0.00754047
0.820108 0.00334677 0.00024 0.00654208
0.830102 0.00234219 0.00024 0.00755224
0.840108 0.0023424 0.00024 0.00754531
0.850114 0.00334042 0.00024 0.00654214
0.860106 0.00234432 0.00024 0.00754667
0.870106 0.00234589 0.00024 0.00754448
0.880107 0.00234344 0.00024 0.00754677
0.890113 0.00233854 0.00024 0.00754557
0.900107 0.00234625 0.00024 0.00754375
0.910108 0.00234062 0.00024 0.00754745
0.920108 0.00335005 0.00024 0.0065362
0.930106 0.00234609 0.00024 0.00754453
0.940105 0.00234521 0.00024 0.00754662
0.950106 0.0023451 0.00024 0.0075463
0.960106 0.00234463 0.00024 0.00754625
0.970112 0.00233792 0.00024 0.00754682
0.980107 0.00234417 0.00024 0.00754432
0.990106 0.00237651 0.00024 0.00751354
1.00012 0.00234162 0.00024 0.00753932
1.01011 0.00334318 0.00024 0.00654182
1.02011 0.00234411 0.00024 0.00754521
1.03011 0.00234375 0.00024 0.00754661
1.04011 0.0023425 0.00024 0.00754724
1.05011 0.00234599 0.00024 0.00754365
1.06011 0.00234443 0.00024 0.00754667
1.07011 0.00234536 0.00024 0.00754432
1.08011 0.00233667 0.00024 0.00755323
1.09011 0.00234651 0.00024 0.00754344
1.10011 0.00234458 0.00024 0.00754573
1.11011 0.00239068 0.00024 0.0074999
1.12011 0.0023374 0.00024 0.00755203
1.1301 0.00234203 0.00024 0.00755391
1.14011 0.00234703 0.00024 0.00754271
1.15011 0.00235286 0.00024 0.00753672
1.16011 0.00234438 0.00024 0.00754589
1.17011 0.00334411 0.00024 0.00654016
1.18011 0.00234469 0.00024 0.00754641
1.19011 0.00234375 0.00024 0.00754698
1.20011 0.00234401 0.00024 0.00753833
1.21011 0.00334333 0.00024 0.00654276
1.22011 0.00334573 0.00024 0.00654224
1.23011 0.00234557 0.00024 0.00754443
1.24011 0.00234536 0.00024 0.00754479
1.25011 0.00234536 0.00024 0.00754432
1.26011 0.00234219 0.00024 0.00754578
1.27011 0.00234354 0.00024 0.00754708
1.28011 0.00234365 0.00024 0.00754729
1.29011 0.00233839 0.00024 0.00754531
1.30011 0.00234385 0.00024 0.00754443
1.31011 0.0023476 0.00024 0.00754188
1.32015 0.00230047 0.00024 0.0075436
1.33011 0.00338943 0.00024 0.00649516
1.34011 0.00234203 0.00024 0.00754766
1.35011 0.00234339 0.00024 0.00754849
1.36011 0.00233969 0.00024 0.00755198
1.37012 0.00233948 0.00024 0.00753787
1.38011 0.00234172 0.00024 0.00754
1.39011 0.00337599 0.00024 0.00651203
1.40011 0.00233927 0.00024 0.00754448
1.41011 0.0023437 0.00024 0.00754474
1.42011 0.00240115 0.00024 0.00748906
1.43011 0.00234297 0.00024 0.00754703
1.44011 0.00234469 0.00024 0.00754589
1.45011 0.00233984 0.00024 0.00754469
1.4601 0.00234589 0.00024 0.00754552
1.47011 0.00234792 0.00024 0.0075425
1.48012 0.00233828 0.00024 0.0075374
1.49012 0.00233141 0.00024 0.0075436
1.50012 0.0023351 0.00024 0.00753995
1.51011 0.00233766 0.00024 0.00754391
1.52011 0.00234411 0.00024 0.00754458
1.53017 0.00228953 0.00024 0.00753958
1.54011 0.0023349 0.00024 0.00755344
1.55011 0.0023513 0.00024 0.00753422
1.56011 0.00234078 0.00024 0.00754583
1.57011 0.00334359 0.00024 0.00653927
1.5801 0.0023424 0.00024 0.00755339
1.59011 0.002345 0.00024 0.00754453
1.60012 0.00233917 0.00024 0.00753766
1.61011 0.00334339 0.00024 0.00654125
1.62011 0.00234417 0.00024 0.00754641
1.63011 0.00239984 0.00024 0.00749141
1.64011 0.00337875 0.00024 0.00650964
1.65011 0.00236297 0.00024 0.00752677
1.66011 0.00233901 0.00024 0.00754349
1.67012 0.00233766 0.00024 0.00753891
1.68011 0.00234198 0.00024 0.00754464
1.69011 0.00334495 0.00024 0.00653818
1.70011 0.00236776 0.00024 0.00752313
1.71011 0.00234516 0.00024 0.00754484
1.72011 0.00234406 0.00024 0.00754552
1.73011 0.00339865 0.00024 0.00648552
1.74011 0.0023437 0.00024 0.00754547
1.75011 0.0023374 0.00024 0.00755219
1.76011 0.00234297 0.00024 0.00754458
1.77011 0.00334307 0.00024 0.00654026
1.78011 0.00234687 0.00024 0.00754271
1.79011 0.00234323 0.00024 0.00754469
1.80012 0.00233849 0.00024 0.00753766
1.81011 0.00233776 0.00024 0.00754464
1.82011 0.0023425 0.00024 0.00754427
1.83011 0.00233859 0.00024 0.00755073
1.84016 0.00229161 0.00024 0.0075461
1.85011 0.00234448 0.00024 0.00754474
1.86011 0.00234495 0.00024 0.0075463
1.87011 0.00234667 0.00024 0.00754432
1.88011 0.00234313 0.00024 0.00754604
1.89011 0.00334422 0.00024 0.00653891
1.90011 0.0023449 0.00024 0.00754526
1.91011 0.00234495 0.00024 0.00754552
1.92011 0.00234495 0.00024 0.00754651
1.93011 0.00334427 0.00024 0.00654021
1.94015 0.00230208 0.00024 0.00754266
1.95011 0.00234396 0.00024 0.00754667
1.96011 0.00233901 0.00024 0.00755203
1.97011 0.00334958 0.00024 0.00654026
1.98011 0.00234323 0.00024 0.00754526
1.99011 0.0023449 0.00024 0.00754484
2.00012 0.00233661 0.00024 0.00754047
2.01011 0.00341625 0.00024 0.00647094
2.02013 0.00233781 0.00024 0.0075225
2.03012 0.0023376 0.00024 0.0075426
2.04019 0.00226776 0.00024 0.00754094
2.05011 0.00338677 0.00024 0.0065
2.06011 0.00334995 0.00024 0.00653823
2.07011 0.00234479 0.00024 0.00754537
2.08011 0.00234083 0.00024 0.00754927
2.09011 0.00335031 0.00024 0.00653573
2.10011 0.00234141 0.00024 0.00754469
2.11011 0.00234411 0.00024 0.00754521
2.12011 0.00234453 0.00024 0.00754448
2.13011 0.00334422 0.00024 0.00654037
2.14011 0.00234849 0.00024 0.00754266
2.15011 0.0023438 0.00024 0.00754458
2.16011 0.00234453 0.00024 0.00754651
2.17011 0.00233328 0.00024 0.00755214
2.18011 0.00234208 -0.00954 0.00754266
2.19011 0.00234266 0.00024 0.00754667
2.20012 0.00233599 0.00024 0.0075362
2.21012 0.00233604 0.00024 0.00754401
2.22011 0.0023463 0.00024 0.00754057
2.23011 0.00334964 0.00024 0.0065388
2.24011 0.00240734 0.00024 0.00748188
2.25011 0.00335865 -0.00954 0.0065275
2.26011 0.00334792 0.00024 0.00653891
2.27011 0.00234495 0.00024 0.00754526
2.28011 0.00234552 0.00024 0.00754422
2.29011 0.00334417 0.00024 0.00653886
2.3001 0.00234557 0.00024 0.00754672
2.31011 0.00234479 0.00024 0.00754656
2.32011 0.00235417 0.00024 0.00753745
2.33011 0.00334979 0.00024 0.00653537
2.34011 0.00234396 0.00024 0.00754568
2.35015 0.00230198 0.00024 0.00754302
2.36011 0.00234281 0.00024 0.00754755
2.37011 0.00334354 0.00024 0.00654136
2.3801 0.00340505 0.00024 0.00648781
2.39011 0.00334896 0.00024 0.00653761
2.40012 0.00233927 0.00024 0.00753958
2.41011 0.00334349 0.00024 0.00654396
2.42011 0.0023474 0.00024 0.00754453
2.43011 0.00234328 0.00024 0.00754787
2.44011 0.00234328 0.00024 0.00754693
2.4501 0.00239849 -0.00954 0.00749328
2.46011 0.00234375 0.00024 0.00754667
2.47011 0.00234385 0.00024 0.00754557
2.48012 0.00233719 0.00024 0.00753823
2.49012 0.00232833 0.00024 0.00754886
2.50011 0.00334974 0.00024 0.00653651
2.51011 0.00234417 0.00024 0.00754724
2.52011 0.00234359 0.00024 0.00754766
2.53011 0.00236047 0.00024 0.00752573
2.54011 0.00234474 0.00024 0.00754568
2.5501 0.002395 0.00024 0.00749693
2.56011 0.00234401 0.00024 0.00754427
2.57011 0.00233807 0.00024 0.00754787
2.5801 0.00288412 0.00024 0.00700828
2.59013 0.0023312 0.00024 0.00753359
2.60013 0.0023226 0.00024 0.0075363
2.61012 0.0023376 0.00024 0.00754078
2.62011 0.0033487 0.00024 0.00654068
2.63011 0.00334479 0.00024 0.00654229
2.64011 0.00334724 0.00024 0.00654089
2.65011 0.0024138 0.00024 0.00747578
2.66011 0.00334328 0.00024 0.00654266
2.67011 0.00234563 0.00024 0.00754568
2.68011 0.00234448 0.00024 0.00754646
2.69011 0.00234505 0.00024 0.00754511
2.70011 0.00234401 0.00024 0.00754662
2.71011 0.00334667 0.00024 0.00653828
2.72011 0.00234313 0.00024 0.0075461
2.73011 0.00334609 0.00024 0.00653719
2.74011 0.0023463 0.00024 0.00754432
2.75011 0.0023462 0.00024 0.00754386
2.76016 0.00231333 0.00024 0.00752469
2.77011 0.00233729 0.00024 0.00754474
2.78011 0.00234438 0.00024 0.00754703
2.79011 0.00234479 0.00024 0.00754667
2.80012 0.00233323 0.00024 0.0075411
2.81012 0.00233745 0.00024 0.00754193
2.82011 0.0033475 0.00024 0.00654188
2.8301 0.0023424 0.00024 0.00755266
2.84011 0.00234599 0.00024 0.00754214
2.85011 0.00234615 0.00024 0.00754453
2.86016 0.00229307 0.00024 0.00754406
2.87011 0.00234302 0.00024 0.00754573
2.88011 0.00234557 0.00024 0.00754526
2.89011 0.00347958 0.00024 0.00640349
2.90011 0.00334979 0.00024 0.00653688
2.91011 0.00234469 0.00024 0.00754552
2.92011 0.00234281 0.00024 0.0075475
2.93011 0.00334313 0.00024 0.00654094
2.94011 0.00234542 0.00024 0.00754547
2.95011 0.00234417 0.00024 0.00754537
2.96011 0.0023463 0.00024 0.00754401
2.97011 0.00233807 0.00024 0.00754453
2.98011 0.00234417 0.00024 0.00754672
2.99011 0.00234411 0.00024 0.00754703
3.00012 0.00233979 0.00024 0.00753787
3.01011 0.00233219 0.00024 0.00755198
3.02011 0.00233896 0.00024 0.00754432
3.03011 0.00234365 0.00024 0.0075463
3.04011 0.00234354 0.00024 0.00754604
3.05011 0.00234266 0.00024 0.00754813
3.06011 0.00239385 0.00024 0.00749677
3.07011 0.00234229 0.00024 0.00754651
3.08012 0.0023576 0.00024 0.00752266
3.09012 0.00233661 0.00024 0.00754427
3.10011 0.00234526 0.00024 0.00754172
3.11011 0.00234344 0.00024 0.00754505
3.12011 0.0023449 0.00024 0.00754568
3.13011 0.00334385 0.00024 0.00654104
3.14011 0.0023438 0.00024 0.00754688
3.15011 0.00234276 0.00024 0.00754724
3.16011 0.00240943 0.00024 0.00748162
3.17012 0.00233635 0.00024 0.00754349
3.18011 0.00335026 0.00024 0.0065375
3.19011 0.00234427 0.00024 0.00754641
3.20012 0.00233859 0.00024 0.00753844
3.21011 0.00233432 0.00024 0.00754927
3.22011 0.00233729 0.00024 0.00754891
3.23011 0.00334484 0.00024 0.00654193
3.24011 0.00234656 0.00024 0.00754167
3.25011 0.00234521 0.00024 0.00754266
3.26011 0.00234505 0.00024 0.00754427
3.27016 0.00229385 0.00024 0.00754516
3.28011 0.00234427 0.00024 0.00754542
3.29011 0.00233755 0.00024 0.00754552
3.30011 0.00234505 0.00024 0.00754578
3.31011 0.00234443 0.00024 0.00754558
3.32011 0.00234484 0.00024 0.00754505
3.33011 0.00233214 0.00024 0.00755271
3.34011 0.00234365 0.00024 0.00754537
3.35011 0.00234365 0.00024 0.00754662
3.36011 0.00234281 0.00024 0.00754714
3.37016 0.00229135 0.00024 0.00754552
3.38011 0.00335068 0.00024 0.00653594
3.39011 0.0023451 0.00024 0.00754495
3.40012 0.00233864 0.00024 0.00754297
3.41011 0.00334516 0.00024 0.0065425
3.42011 0.00234224 0.00024 0.007545
3.43011 0.00233891 0.00024 0.00755167
3.44011 0.00234396 0.00024 0.00754641
3.45011 0.00234323 0.00024 0.00754511
3.46011 0.00234411 0.00024 0.00754448
3.47011 0.00239182 0.00024 0.00749891
3.48011 0.0023525 0.00024 0.00753662
3.49012 0.00233141 0.00024 0.00754302
3.50011 0.00234177 0.00024 0.00754599
3.51011 0.00234844 0.00024 0.00754229
3.52011 0.00234526 0.00024 0.00754427
3.53011 0.00334354 0.00024 0.0065411
3.54011 0.00234422 0.00024 0.00754714
3.55011 0.0023451 0.00024 0.00754589
3.56011 0.00234422 0.00024 0.00754688
3.57011 0.00239052 0.00024 0.00749349
3.58011 0.00233698 0.00024 0.00755214
3.59011 0.00334646 0.00024 0.00654099
3.60012 0.00233573 0.00024 0.00753854
3.61011 0.00233818 0.00024 0.00754391
3.62011 0.00234484 0.00024 0.00754172
3.63011 0.00234219 0.00024 0.00754537
3.64011 0.00233724 0.00024 0.00755245
3.65011 0.00235 0.00024 0.00753813
3.66011 0.00334495 0.00024 0.00654224
3.67011 0.00239583 0.00024 0.00749432
3.68011 0.00234401 0.00024 0.00754406
3.69011 0.00233828 0.00024 0.00754547
3.70011 0.00234448 0.00024 0.00754646
3.71011 0.00234526 0.00024 0.00754568
3.72011 0.00234375 0.00024 0.00754542
3.73011 0.00334557 0.00024 0.00653948
3.74011 0.00234636 0.00024 0.0075449
3.75011 0.00234552 0.00024 0.00754573
3.76011 0.00234448 0.00024 0.00754688
3.77011 0.00233828 0.00024 0.00754745
3.78015 0.00230255 0.00024 0.00754422
3.79011 0.00234578 0.00024 0.007545
3.80012 0.00233724 0.00024 0.00753933
3.81011 0.00234901 0.00024 0.00753938
3.82011 0.00234396 0.00024 0.00754427
3.83011 0.00233885 0.00024 0.00755141
3.84011 0.0033388 0.00024 0.00654485
3.8501 0.00234333 0.00024 0.00755401
3.86014 0.00237865 0.00024 0.00747313
3.8702 0.0034487 0.00024 0.00633511
3.88028 0.00329807 0.00024 0.00641125
3.89022 0.00237338 0.00024 0.00738646
3.90022 0.00239026 0.00024 0.00737151
3.91021 0.00233203 0.00024 0.00745
3.92015 0.00233917 0.00024 0.00750656
3.93013 0.00252948 -0.00954 0.0073299
3.94015 0.00237078 0.00024 0.00746995
3.95014 0.00239083 0.00024 0.00746568
3.96014 0.00236609 0.00024 0.00748401
3.97015 0.00236276 0.00024 0.00747047
3.98012 0.00238016 0.00024 0.00748839
3.99013 0.0023462 0.00024 0.00751886
4.00012 0.002345 0.00024 0.00752615
4.01012 0.00234776 0.00024 0.00752558
4.02012 0.00234927 0.00024 0.00752828
4.03011 0.0023526 0.00024 0.00752932
4.04011 0.00234989 0.00024 0.00752932
4.05011 0.00234286 0.00024 0.00754011
4.06011 0.00235219 0.00024 0.00752594
4.07012 0.00230786 0.00024 0.00757235
4.08009 0.00231266 0.00024 0.00758995
4.09009 0.00232068 0.00024 0.00758563
4.10009 0.0023224 0.00024 0.00758599
4.11009 0.00232094 0.00024 0.00758698
4.12009 0.00232115 0.00024 0.00758797
4.13009 0.00231578 0.00024 0.00758917
4.14009 0.0023238 0.00024 0.00758693
4.15009 0.00232115 0.00024 0.00758745
4.16009 0.00232104 0.00024 0.00758854
4.17009 0.00231828 0.00024 0.00758776
4.18009 0.00232151 0.00024 0.00758781
4.19009 0.00232057 0.00024 0.00758922
4.20009 0.00233875 0.00024 0.00757068
4.2101 0.0023137 0.00024 0.00758537
4.22011 0.00231261 0.00024 0.00757349
4.2301 0.00232193 0.00024 0.0075799
4.24009 0.00232026 0.00024 0.0075863
4.25009 0.00231531 0.00024 0.00759328
4.26009 0.00231896 0.00024 0.00758401
4.27009 0.00231453 0.00024 0.00758808
4.28009 0.0023238 0.00024 0.00758474
4.29009 0.00231786 0.00024 0.00758703
4.30009 0.00232401 0.00024 0.00758625
4.31009 0.00232255 0.00024 0.00758656
4.32009 0.0023224 0.00024 0.00758766
4.33009 0.00231375 0.00024 0.00759271
4.34009 0.00232177 0.00024 0.00758792
4.35009 0.00232219 0.00024 0.00758828
4.36009 0.0023212 0.00024 0.00758839
4.37009 0.00233078 0.00024 0.00757427
4.38009 0.00231859 0.00024 0.00758521
4.39009 0.00232036 0.00024 0.00758839
4.4001 0.00231016 0.00024 0.00758266
4.4101 0.00231453 0.00024 0.00758615
4.42009 0.00232104 0.00024 0.00758547
4.43009 0.00232161 0.00024 0.0075875
4.44009 0.00232068 0.00024 0.00758688
4.45009 0.00232271 0.00024 0.00758683
4.46009 0.00232109 0.00024 0.00758797
4.47009 0.00232073 0.00024 0.00758917
4.48009 0.00233937 0.00024 0.00757052
4.4901 0.00231599 0.00024 0.00758604
4.50009 0.00232193 0.00024 0.00758578
4.51009 0.00232073 0.00024 0.00758844
4.52009 0.00232078 0.00024 0.00758891
4.53009 0.00231734 0.00024 0.00758875
4.54009 0.00232224 0.00024 0.00758771
4.55009 0.00232026 0.00024 0.00758917
4.56009 0.00232177 0.00024 0.00758828
4.57009 0.00231474 0.00024 0.00759177
4.58008 0.00232161 0.00024 0.00759146
4.59009 0.00232078 0.00024 0.00758813
4.60009 0.00233807 0.00024 0.00757162
4.61009 0.00232042 0.00024 0.00758547
4.62009 0.00232188 0.00024 0.00758667
4.63009 0.00233703 0.00024 0.00757261
4.64009 0.00232323 0.00024 0.0075837
4.65009 0.00231995 0.00024 0.0075874
4.66009 0.00232354 0.00024 0.00758625
4.67009 0.00232198 0.00024 0.00758823
4.68009 0.00232141 0.00024 0.00758802
4.6902 0.00224604 0.00024 0.00754771
4.70011 0.0033462 0.00024 0.00653813
4.71011 0.00234354 0.00024 0.00754427
4.72011 0.00234453 0.00024 0.00754459
4.73011 0.0033451 0.00024 0.00654
4.74011 0.00234188 0.00024 0.00754662
4.75011 0.00234349 0.00024 0.00754656
4.76011 0.00234411 0.00024 0.00754693
4.77011 0.00233661 0.00024 0.00754771
4.78011 0.00234328 0.00024 0.00754745
4.79015 0.00256776 0.00024 0.0072736
4.80013 0.00235984 0.00024 0.00750261
4.81012 0.00233943 0.00024 0.00753797
4.82011 0.00334411 0.00024 0.0065411
4.8301 0.00234495 0.00024 0.00755052
4.84011 0.00334464 0.00024 0.00654229
4.85011 0.00234484 0.00024 0.00754537
4.86011 0.00234307 0.00024 0.00754448
4.87011 0.00234438 0.00024 0.00754433
4.88011 0.00234521 0.00024 0.00754474
4.89018 0.00227219 0.00024 0.00754125
4.90011 0.00233495 0.00024 0.00755328
4.91011 0.00334927 0.00024 0.00653927
4.92011 0.00234745 0.00024 0.00754422
4.93011 0.00233995 0.00024 0.00754443
4.94012 0.00235974 0.00024 0.00751735
4.95011 0.00334484 0.00024 0.00653891
4.96011 0.00234469 0.00024 0.00754662
4.97011 0.00343188 0.00024 0.00645214
4.98011 0.0023449 0.00024 0.00754078
4.99011 0.00234807 0.00024 0.00754136
5.00011 0.00238073 0.00024 0.0075074
5.01012 0.00237604 0.00024 0.00750464
5.02011 0.00233917 0.00024 0.00754401
5.03012 0.00234307 0.00024 0.00753558
5.04012 0.0023387 0.00024 0.00754255
5.05011 0.00335323 0.00024 0.00653328
5.06011 0.00234318 0.00024 0.00754448
5.07011 0.00234432 0.00024 0.00754495
5.08011 0.00233698 0.00024 0.00755323
5.09011 0.00239016 0.00024 0.00749886
5.10011 0.0033513 0.00024 0.00653625
5.1101 0.00234526 0.00024 0.00755136
5.12011 0.00334932 0.00024 0.00653828
5.13011 0.00234552 0.00024 0.00754422
5.14011 0.0023438 0.00024 0.00754552
5.15011 0.00234516 0.00024 0.0075462
5.16011 0.00234484 0.00024 0.0075449
5.17011 0.00234667 0.00024 0.00753755
5.18011 0.00234354 0.00024 0.00754448
5.19011 0.00239333 0.00024 0.00749745
5.20011 0.00338219 0.00024 0.00650594
5.21011 0.00234672 0.00024 0.00754057
5.22011 0.0023451 0.00024 0.00754396
5.23011 0.00234406 0.00024 0.00754459
5.24011 0.00234422 0.00024 0.00754433
5.25011 0.00235193 0.00024 0.00753755
5.26011 0.00234599 0.00024 0.00754427
5.27011 0.00334906 0.00024 0.00653573
5.28011 0.00234427 0.00024 0.00754433
5.29011 0.00360141 0.00024 0.00628261
5.30011 0.00234151 0.00024 0.00754047
5.31011 0.0023449 0.00024 0.00754542
5.32011 0.00233802 0.00024 0.00755287
5.3301 0.00234781 0.00024 0.00754771
5.34011 0.00234318 0.00024 0.00754563
5.35011 0.00234333 0.00024 0.00754677
5.36011 0.00234432 0.00024 0.00754636
5.37011 0.00233776 0.00024 0.00754683
5.38011 0.0033549 0.00024 0.00653391
5.39011 0.00234365 0.00024 0.00754433
5.40016 0.00233177 0.00024 0.00750563
5.41012 0.00234536 0.00024 0.00753547
5.42011 0.00334526 0.00024 0.0065399
5.43011 0.00234417 0.00024 0.00754406
5.44011 0.00234787 0.00024 0.00754307
5.45011 0.00234599 0.00024 0.00754313
5.46011 0.00234359 0.00024 0.00754537
5.47011 0.0023437 0.00024 0.00754568
5.48011 0.00236828 0.00024 0.00752177
5.49011 0.00234516 0.00024 0.00753907
5.50011 0.00240167 0.00024 0.00748802
5.51011 0.00334943 0.00024 0.00653839
5.52011 0.00234406 0.00024 0.00754698
5.53011 0.00339828 0.00024 0.00648573
5.54011 0.00335 0.00024 0.00653797
5.55011 0.00234599 0.00024 0.00754589
5.56011 0.00236422 0.00024 0.0075263
5.57011 0.00334417 0.00024 0.00653781
5.5801 0.00234542 0.00024 0.00755089
5.59011 0.00234438 0.00024 0.00754568
5.60011 0.00242365 0.00024 0.00746615
5.61012 0.00234156 0.00024 0.00753849
5.62011 0.00334583 0.00024 0.00654057
5.63011 0.00234474 0.00024 0.00754537
5.64011 0.00234901 0.00024 0.00754073
5.65011 0.00234406 0.00024 0.00754235
5.66011 0.00234135 0.00024 0.00754453
5.67011 0.00234453 0.00024 0.00754537
5.68011 0.0023474 0.00024 0.00754313
5.69011 0.00334323 0.00024 0.00654021
5.70011 0.0023451 -0.00954 0.00754672
5.71015 0.00229839 0.00024 0.00754537
5.72011 0.00235104 0.00024 0.00754016
5.73011 0.00334391 0.00024 0.00653979
5.7401 0.00234099 0.00024 0.00755308
5.75011 0.00234302 0.00024 0.00754526
5.76011 0.00234589 0.00024 0.00754406
5.77011 0.00334365 0.00024 0.00653985
5.78011 0.002345 0.00024 0.00754542
5.79011 0.00234354 0.00024 0.00754756
5.80011 0.0023449 0.00024 0.00754542
5.81016 0.00229234 0.00024 0.00754099
5.82011 0.00334792 0.00024 0.00653943
5.8301 0.00234354 0.00024 0.00755182
5.84011 0.00234505 0.00024 0.00754511
5.85011 0.00234276 0.00024 0.00754656
5.86011 0.0023437 0.00024 0.00754656
5.87011 0.00234391 0.00024 0.00754537
5.88011 0.00234526 0.00024 0.00754552
5.89011 0.00334568 0.00024 0.00653766
5.90011 0.00234333 0.00024 0.00754703
5.91011 0.00239359 0.00024 0.00749834
5.92011 0.00234302 0.00024 0.00754604
5.93011 0.00432255 0.00024 0.00555755
5.94012 0.00233568 0.00024 0.0075361
5.95011 0.00340281 0.00024 0.00648193
5.96011 0.00334906 0.00024 0.00653802
5.97011 0.00234411 0.00024 0.00754521
5.98011 0.00234573 0.00024 0.00754433
5.99011 0.00234344 0.00024 0.00754688
6.00011 0.00234464 0.00024 0.00754683
6.01012 0.00239526 0.00024 0.00748026
6.02012 0.0023387 0.00024 0.00754188
6.03011 0.00234771 0.00024 0.00754188
6.04011 0.00234536 0.00024 0.00754547
6.05011 0.0023451 0.00024 0.00754433
6.06011 0.0023425 0.00024 0.00754636
6.07011 0.00234453 0.00024 0.00754651
6.08011 0.00233833 0.00024 0.00755266
6.09011 0.00234417 0.00024 0.00754464
6.10011 0.00234609 0.00024 0.00754521
6.11011 0.00234307 0.00024 0.00754756
6.12011 0.00234245 0.00024 0.00754479
6.13011 0.00334521 0.00024 0.0065375
6.14011 0.00234432 0.00024 0.00754641
6.15011 0.00234245 0.00024 0.00754756
6.16011 0.00233771 0.00024 0.00755323
6.17011 0.00334714 0.00024 0.00653828
6.18011 0.00234396 0.00024 0.00754667
6.19011 0.0023525 0.00024 0.00753787
6.20011 0.00234578 0.00024 0.00754469
6.21012 0.00233786 0.00024 0.00753969
6.22016 0.0022937 0.00024 0.00754334
6.23011 0.00234833 0.00024 0.00754021
6.24011 0.00334568 0.00024 0.00654334
6.25011 0.00234469 0.00024 0.007545
6.26011 0.00234417 0.00024 0.00754558
6.27011 0.00235229 0.00024 0.00753766
6.28011 0.00234469 0.00024 0.00754506
6.29011 0.00334448 0.00024 0.00653974
6.30011 0.00234604 0.00024 0.00754349
6.31011 0.00234391 0.00024 0.00754693
6.32011 0.00239036 0.00024 0.00750026
6.33011 0.00351859 0.00024 0.00636459
6.34011 0.00234448 0.00024 0.00754188
6.35011 0.00234526 0.00024 0.00754266
6.36011 0.00234672 0.00024 0.00754334
6.37011 0.00233453 0.00024 0.00754964
6.38011 0.00335479 0.00024 0.00653136
6.39011 0.00334604 0.00024 0.00653828
6.40011 0.00234411 0.00024 0.00754625
6.41012 0.00233896 0.00024 0.00753766
6.42011 0.00239547 0.00024 0.00748641
6.43011 0.00334469 0.00024 0.00654125
6.44011 0.00234266 0.00024 0.00754537
6.45011 0.00234365 0.00024 0.00754552
6.46011 0.00234214 0.00024 0.00754511
6.47011 0.00234213 0.00024 0.00754677
6.48011 0.00234646 0.00024 0.00754417
6.49012 0.00233453 0.00024 0.00754089
6.50011 0.00335385 0.00024 0.00653255
6.51011 0.0033488 0.00024 0.00653808
6.52011 0.00239771 0.00024 0.00749339
6.53011 0.00334307 0.00024 0.00653959
6.54011 0.00234391 0.00024 0.00754568
6.55011 0.0023449 0.00024 0.00754599
6.56011 0.00234604 0.00024 0.00754537
6.57011 0.00233833 0.00024 0.00754552
6.58011 0.00233875 0.00024 0.00755261
6.59011 0.00334927 0.00024 0.00653771
6.60011 0.00234406 0.00024 0.00754448
6.61012 0.00233948 0.00024 0.00753714
6.62012 0.00233516 0.00024 0.00754521
6.63011 0.00334682 0.00024 0.00654193
6.64011 0.0033462 0.00024 0.00654256
6.6501 0.00235563 0.00024 0.0075398
6.66011 0.00334458 0.00024 0.00654308
6.67011 0.00234391 0.00024 0.00754646
6.68011 0.00234583 0.00024 0.00754459
6.69011 0.00334318 0.00024 0.00653974
6.70011 0.00234547 0.00024 0.00754625
6.71011 0.00234354 0.00024 0.00754761
6.72011 0.00234463 0.00024 0.0075462
6.73016 0.00229469 0.00024 0.00754662
6.74011 0.00234271 0.00024 0.0075463
6.75011 0.00334906 0.00024 0.00653797
6.76011 0.00234386 0.00024 0.00754599
6.77011 0.00334516 0.00024 0.00653912
6.78011 0.00234594 0.00024 0.00754563
6.79011 0.00233901 0.00024 0.00755255
6.80011 0.00335089 0.00024 0.00653636
6.81012 0.00233844 0.00024 0.00753781
6.82011 0.00233864 0.00024 0.00754302
6.83011 0.00238609 0.00024 0.00750308
6.84012 0.0023351 0.00024 0.00754547
6.85011 0.00234281 0.00024 0.00754703
6.86011 0.00234349 0.00024 0.0075461
6.87011 0.00234828 0.00024 0.00754089
6.88011 0.00234609 0.00024 0.00754542
6.89011 0.00233911 0.00024 0.00754667
6.9001 0.002345 0.00024 0.00754703
6.91011 0.00234411 0.00024 0.00754542
6.92011 0.00234495 0.00024 0.007545
6.93011 0.00339469 0.00024 0.00649099
6.94011 0.00234432 0.00024 0.0075461
6.95011 0.00234859 0.00024 0.00753985
6.96011 0.00234521 0.00024 0.00754459
6.97011 0.00233818 0.00024 0.00754719
6.98011 0.00234208 0.00024 0.00754568
6.99011 0.0023426 0.00024 0.00754808
7.00011 0.00233714 0.00024 0.00755386
7.01012 0.00233828 0.00024 0.00754146
7.02011 0.00349797 0.00024 0.00638292
7.03012 0.00234656 0.00024 0.00753235
7.04018 0.00227729 0.00024 0.00753745
7.05011 0.00343672 0.00024 0.00645058
7.06011 0.00335104 0.00024 0.00653573
7.07011 0.00234677 0.00024 0.00754422
7.08011 0.00233964 0.00024 0.00755131
7.09011 0.00334734 0.00024 0.00653948
7.10011 0.00234969 0.00024 0.00753896
7.11011 0.00234307 0.00024 0.00754563
7.12011 0.00234474 0.00024 0.00754537
7.13011 0.0033438 0.00024 0.00654131
7.14011 0.00239479 0.00024 0.007495
7.15011 0.00234188 0.00024 0.00754745
7.16011 0.00234443 0.00024 0.00754433
7.17011 0.00233953 0.00024 0.00754469
7.18011 0.00235052 0.00024 0.00753808
7.19011 0.00234286 0.00024 0.00754568
7.20011 0.00234578 0.00024 0.00754433
7.21013 0.00232463 0.00024 0.00754334
7.22011 0.00234036 0.00024 0.00754302
7.23011 0.00234365 0.00024 0.00754479
7.24011 0.00234542 0.00024 0.00754386
7.25011 0.00234448 0.00024 0.00754573
7.26011 0.0023413 0.00024 0.00754688
7.27011 0.00234463 0.00024 0.00754433
7.28011 0.00234484 0.00024 0.00754547
7.29011 0.00233771 0.00024 0.00754589
7.30011 0.00234547 0.00024 0.00754563
7.31011 0.00234458 0.00024 0.00754646
7.32011 0.00234599 0.00024 0.00754438
7.33011 0.00333839 0.00024 0.00654667
7.34011 0.00234359 0.00024 0.00754474
7.35015 0.00229823 0.00024 0.00754386
7.36011 0.00234354 0.00024 0.00754709
7.37011 0.00233203 0.00024 0.00755297
7.38011 0.00335271 0.00024 0.00653511
7.39011 0.00334682 0.00024 0.00653964
7.40011 0.00234271 0.00024 0.00754563
7.41012 0.00234349 0.00024 0.0075373
7.42011 0.00233333 0.00024 0.00755
7.43011 0.00337505 0.00024 0.00651032
7.44011 0.00334812 0.00024 0.00654
7.45011 0.00234792 0.00024 0.00754318
7.46011 0.00234276 0.00024 0.00754584
7.47011 0.00234583 0.00024 0.00754391
7.48011 0.00234458 0.00024 0.00754448
7.49012 0.00233906 0.00024 0.00753953
7.50011 0.00334719 0.00024 0.00653719
7.51011 0.0023449 0.00024 0.00754532
7.52011 0.00234422 0.00024 0.00754547
7.53011 0.00233979 0.00024 0.00754453
7.54011 0.00234292 0.00024 0.00754506
7.55011 0.0024 0.00024 0.00749099
7.56011 0.00234068 0.00024 0.00754563
7.57011 0.0023387 0.00024 0.00754605
7.58011 0.00234422 0.00024 0.00754651
7.59014 0.00233016 0.00024 0.00752605
7.60012 0.00233896 0.00024 0.00753964
7.61012 0.00233505 0.00024 0.00753641
7.62011 0.00234432 0.00024 0.00753969
7.63011 0.00233792 0.00024 0.00755032
7.64011 0.00234083 0.00024 0.00754485
7.65011 0.002405 -0.00954 0.00747927
7.66012 0.00233521 0.00024 0.00754542
7.67011 0.00234443 0.00024 0.00754433
7.68011 0.00234323 0.00024 0.00754667
7.69011 0.00334625 0.00024 0.00653813
7.70011 0.00234318 0.00024 0.00754516
7.71011 0.00234349 0.00024 0.00754532
7.72011 0.00234411 0.00024 0.00754662
7.73011 0.00335099 0.00024 0.00653469
7.74011 0.00235552 0.00024 0.00753604
7.75011 0.00234422 0.00024 0.0075449
7.76016 0.00228969 0.00024 0.00755052
7.77011 0.00334286 0.00024 0.00653818
7.78011 0.00234427 0.00024 0.00754589
7.79011 0.00234432 0.00024 0.00754542
7.80011 0.00234563 0.00024 0.00754579
7.81012 0.00234005 0.00024 0.00753631
7.82011 0.00236302 0.00024 0.0075198
7.83011 0.00334406 0.00024 0.00654453
7.8401 0.00234484 0.00024 0.0075511
7.85011 0.00334536 0.00024 0.00654198
7.86016 0.00229042 0.00024 0.00754532
7.87011 0.00234568 0.00024 0.0075436
7.88011 0.00234453 0.00024 0.00754526
7.89011 0.00334427 0.00024 0.00654047
7.90011 0.00234552 0.00024 0.00754282
7.91011 0.00234495 0.00024 0.00754516
7.92011 0.00234521 0.00024 0.00754573
7.93011 0.00334422 0.00024 0.00654136
7.94011 0.00234484 0.00024 0.00754563
7.95011 0.0023451 0.00024 0.0075462
7.96011 0.0023899 0.00024 0.00749985
7.97011 0.00336219 0.00024 0.00652006
7.98011 0.00234578 0.00024 0.00754532
7.99011 0.00234516 0.00024 0.00754422
8.00011 0.00234531 0.00024 0.00754532
8.01012 0.00233474 0.00024 0.00754271
8.02011 0.00334708 0.00024 0.00654063
8.03011 0.00234443 0.00024 0.00754605
8.04011 0.00234495 0.00024 0.00754433
8.05011 0.00234807 0.00024 0.00754219
8.06011 0.00339531 0.00024 0.00649302
8.07011 0.00334745 0.00024 0.00654089
8.0801 0.002345 0.00024 0.00755162
8.09011 0.00234588 0.00024 0.00754308
8.10011 0.00234406 0.00024 0.0075449
8.11011 0.00234443 0.00024 0.00754521
8.12011 0.00234453 0.00024 0.00754651
8.13011 0.00334349 0.00024 0.00654131
8.14011 0.00234552 0.00024 0.00754631
8.15011 0.00234474 0.00024 0.00754552
8.16011 0.00234427 0.00024 0.00754542
8.17016 0.00229286 0.00024 0.00754495
8.18011 0.00234474 0.00024 0.0075461
8.19011 0.00234385 0.00024 0.00754672
8.20011 0.00234443 0.00024 0.00754646
8.21012 0.00234354 0.00024 0.00753381
8.22011 0.00234026 0.00024 0.00754282
8.23011 0.00234354 0.00024 0.00754427
8.24011 0.00234417 0.00024 0.00754412
8.25011 0.00234427 0.00024 0.00754552
8.26011 0.00233615 0.00024 0.00755339
8.27011 0.00234563 0.00024 0.00754292
8.28011 0.00234375 0.00024 0.00754511
8.29011 0.00334745 0.00024 0.00653667
8.30011 0.00234479 0.00024 0.00754662
8.31011 0.00234766 0.00024 0.00754261
8.32011 0.00234271 0.00024 0.00754766
8.33011 0.0033524 0.00024 0.00653204
8.34011 0.0023451 0.00024 0.00754537
8.35011 0.00234354 0.00024 0.00754703
8.36011 0.0023437 0.00024 0.00754438
8.37011 0.00334656 0.00024 0.00653688
8.38011 0.00241781 0.00024 0.00747271
8.39017 0.00239667 0.00024 0.00742105
8.40023 0.00229125 0.00024 0.00746297
8.41018 0.0023238 0.00024 0.00749006
8.42022 0.00550745 0.00024 0.00426209
8.43019 0.00234745 0.00024 0.00744907
8.4402 0.00232771 0.00024 0.00745813
8.45014 0.00234036 0.00024 0.00751573
8.46014 0.0024176 0.00024 0.00743599
8.47017 0.00234438 0.00024 0.00747287
8.48012 0.0023687 0.00024 0.00750276
8.49012 0.00236422 0.00024 0.00750709
8.50012 0.00236198 0.00024 0.00751282
8.51012 0.0023676 0.00024 0.00750693
8.52013 0.00234849 0.00024 0.00751297
8.53012 0.00239312 0.00024 0.00748063
8.54012 0.00235776 0.00024 0.00750985
8.55012 0.00235354 0.00024 0.00752146
8.56012 0.00236839 0.00024 0.00751058
8.57013 0.00245 0.00024 0.00740938
8.58011 0.00234453 0.00024 0.00753558
8.59011 0.00234391 0.00024 0.00754214
8.60013 0.00229552 0.00024 0.00756959
8.6101 0.00237547 0.00024 0.00752287
8.62009 0.00231776 0.00024 0.0075849
8.63009 0.00231937 0.00024 0.0075924
8.64009 0.00232063 0.00024 0.00758829
8.65008 0.00232156 0.00024 0.00759131
8.66009 0.0023213 0.00024 0.00758745
8.67009 0.00232052 0.00024 0.0075886
8.68009 0.00232422 0.00024 0.00758818
8.69009 0.00232161 0.00024 0.0075875
8.70009 0.00232281 0.00024 0.00758901
8.71009 0.00232271 0.00024 0.00758865
8.72009 0.00232286 0.00024 0.00758912
8.73009 0.00231792 0.00024 0.00758912
8.74009 0.00232026 0.00024 0.00758974
8.75009 0.00232182 0.00024 0.0075887
8.76009 0.00232094 0.00024 0.00758917
8.77009 0.00232031 0.00024 0.00758808
8.78009 0.00232349 0.00024 0.00758881
8.79009 0.00232188 0.00024 0.00759037
8.80009 0.0023299 0.00024 0.00758276
8.81009 0.0023488 0.00024 0.00755724
8.82009 0.00232266 0.00024 0.00758625
8.83008 0.00232213 0.00024 0.00759151
8.84008 0.0023212 0.00024 0.00759276
8.85008 0.00232693 0.00024 0.00758714
8.86009 0.00232448 0.00024 0.00758803
8.87009 0.00232193 0.00024 0.00758912
8.88009 0.0023225 0.00024 0.00758938
8.89009 0.00231891 0.00024 0.0075887
8.90009 0.00232177 0.00024 0.00758849
8.91009 0.00232313 0.00024 0.00758948
8.92009 0.0023237 0.00024 0.0075887
8.93009 0.00231818 0.00024 0.00759037
8.94009 0.0023225 0.00024 0.00758933
8.95009 0.00232276 0.00024 0.0075899
8.96009 0.00232281 0.00024 0.00758985
8.97009 0.00231875 0.00024 0.00758943
8.98009 0.00232323 0.00024 0.00758891
8.99009 0.0023225 0.00024 0.00758922
9.00008 0.00232281 0.00024 0.00759037
9.01009 0.00233766 0.00024 0.00757042
9.02009 0.0023299 0.00024 0.0075823
9.03009 0.00232088 0.00024 0.00758948
9.04008 0.00232448 0.00024 0.00758943
9.05008 0.00232271 0.00024 0.00759219
9.06009 0.00232203 0.00024 0.00758912
9.07009 0.00232229 0.00024 0.00758917
9.08009 0.00232333 0.00024 0.00758907
9.09009 0.00232359 0.00024 0.00758855
9.10009 0.00232354 0.00024 0.00758855
9.11009 0.00232109 0.00024 0.00758959
9.12009 0.00232271 0.00024 0.00758953
9.13009 0.00231729 0.00024 0.00758995
9.14009 0.00232297 0.00024 0.00758745
9.15009 0.0023224 0.00024 0.00758917
9.16009 0.00232375 0.00024 0.00758891
9.17009 0.00231917 0.00024 0.00758974
9.18009 0.00232167 0.00024 0.00759063
9.19009 0.0023237 0.00024 0.00758865
9.20009 0.00232208 0.00024 0.00758943
9.21009 0.00231703 0.00024 0.00759131
9.22039 0.00202026 0.00024 0.00758818
9.23008 0.00271771 0.00024 0.00719443
9.2401 0.00231411 0.00024 0.00758271
9.25009 0.00232422 0.00024 0.00758703
9.26009 0.00232318 0.00024 0.00758709
9.27009 0.00234052 0.00024 0.00757105
9.28026 0.00219349 0.00024 0.00754162
9.29011 0.00334036 0.00024 0.00654417
9.3001 0.00234474 0.00024 0.00754829
9.3101 0.00234438 0.00024 0.00754928
9.32011 0.00234208 0.00024 0.00754896
9.33011 0.00233823 0.00024 0.00754928
9.3401 0.00234208 0.00024 0.00755021
9.3501 0.00234448 0.00024 0.00754907
9.3601 0.00234302 0.00024 0.00755089
9.37011 0.00233672 0.00024 0.00754974
9.38014 0.00233198 0.00024 0.00751995
9.39011 0.00233599 0.00024 0.00754953
9.40011 0.00233937 0.00024 0.00755078
9.41011 0.00233531 0.00024 0.00755162
9.42012 0.00233089 0.00024 0.00754453
9.4301 0.00236167 0.00024 0.00753058
9.4401 0.00234307 0.00024 0.00755318
9.4501 0.00234771 0.00024 0.00755058
9.4601 0.00337057 0.00024 0.00652193
9.4701 0.00234313 0.00024 0.00754896
9.48016 0.00229083 0.00024 0.00754907
9.49012 0.00232964 0.00024 0.00754427
9.50011 0.00233922 0.00024 0.00754907
9.5101 0.00234208 0.00024 0.00754995
9.52011 0.00234172 0.00024 0.00754917
9.53011 0.00234219 0.00024 0.00754849
9.54011 0.0023399 0.00024 0.00755042
9.5501 0.00234219 0.00024 0.00755125
9.5601 0.00234432 0.00024 0.00755021
9.57011 0.00233682 0.00024 0.00754974
9.58015 0.00229505 0.00024 0.00754938
9.5901 0.0023438 0.00024 0.00754881
9.6001 0.00234505 0.00024 0.00754865
9.61011 0.00233922 0.00024 0.00754787
9.62012 0.00233073 0.00024 0.00754579
9.6301 0.00234198 0.00024 0.00755141
9.6401 0.00234042 0.00024 0.00755412
9.6501 0.00234099 0.00024 0.00755292
9.6601 0.00233969 0.00024 0.00755412
9.67011 0.00234214 0.00024 0.00754948
9.6801 0.00236573 0.00024 0.00752615
9.69011 0.00233589 0.00024 0.00754896
9.7001 0.00234359 0.00024 0.00754995
9.7101 0.00234432 0.00024 0.00754917
9.7201 0.00234307 0.00024 0.0075498
9.73011 0.0023376 0.00024 0.00754995
9.74011 0.00234141 0.00024 0.00755052
9.7501 0.00234302 0.00024 0.00755032
9.7601 0.0023424 0.00024 0.0075499
9.77011 0.00234604 0.00024 0.00753709
9.78011 0.00334588 0.00024 0.00653771
9.79011 0.00334526 0.00024 0.00654349
9.8001 0.00234474 0.00024 0.00754943
9.81011 0.00242156 0.00024 0.00746657
9.82014 0.00231912 0.00024 0.00753828
9.83011 0.00233708 0.00024 0.00755125
9.8401 0.00234141 0.00024 0.00755328
9.8501 0.00234615 0.00024 0.0075512
9.8601 0.00234021 0.00024 0.00755339
9.8701 0.00234318 0.00024 0.00754938
9.8801 0.00241422 0.00024 0.00747787
9.89011 0.00334089 0.00024 0.00654276
9.90011 0.00234219 0.00024 0.00754943
9.9101 0.0023449 0.00024 0.00754922
9.9201 0.00234365 0.00024 0.00754886
9.93011 0.00233844 0.00024 0.00754881
9.9401 0.0023424 0.00024 0.00755027
9.95011 0.00234182 0.00024 0.00754928
9.96011 0.00234182 0.00024 0.0075499
9.97011 0.00233448 0.00024 0.00754959
9.9801 0.00238828 0.00024 0.00750552
9.99011 0.00234188 0.00024 0.0075498
10.0001 0.00234193 0.00024 0.00754974
10.0101 0.00233833 0.00024 0.00754912
10.0201 0.00233385 0.00024 0.00754427
10.0301 0.00334745 0.00024 0.00654594
10.0401 0.00234078 0.00024 0.00755506
10.0501 0.00234417 0.00024 0.00755365
10.0601 0.00234359 0.00024 0.00755412
10.0701 0.00234443 0.00024 0.00754891
10.0801 0.00239708 0.00024 0.00749641
10.0901 0.00234458 0.00024 0.00754761
10.1001 0.00234052 0.00024 0.00755
10.1101 0.00234156 0.00024 0.00754875
10.1201 0.00234245 0.00024 0.00755
10.1301 0.00233792 0.00024 0.00754881
10.1401 0.00234338 0.00024 0.00754964
10.1501 0.0023426 0.00024 0.00755037
10.1601 0.00234271 0.00024 0.00754969
10.1701 0.00235563 0.00024 0.00753204
10.1801 0.00234302 0.00024 0.00755037
10.1901 0.00230214 0.00024 0.00754995
10.2001 0.00234208 0.00024 0.00754995
10.2101 0.00233812 -0.00954 0.00754943
10.2201 0.0023262 0.00024 0.00755198
10.2301 0.00333901 0.00024 0.00655027
