1.198e-06 0.00237047 0.00024 0.0176122
0.0202051 0.00213052 0.00024 0.0176577
0.0401023 0.00223891 0.00024 0.0176558
0.060094 0.00223172 0.00024 0.017672
0.0800877 0.00223526 0.00024 0.0176746
0.100087 0.00223672 0.00024 0.0176739
0.120096 0.00223318 0.00024 0.0176634
0.140094 0.00228932 0.00024 0.017614
0.160109 0.00225693 0.00024 0.0176298
0.180116 0.00225411 0.00024 0.0176256
0.200113 0.00225271 0.00024 0.0176305
0.220108 0.00226141 0.00024 0.0176274
0.240107 0.00231401 0.00024 0.017576
0.26011 0.00225458 0.00024 0.0176313
0.280117 0.0022512 0.00024 0.0176278
0.30011 0.00225391 0.00024 0.0176317
0.320115 0.00225719 0.00024 0.0176234
0.340114 0.00231198 0.00024 0.0175704
0.360108 0.00225693 0.00024 0.0176318
0.380107 0.00225911 0.00024 0.0176313
0.400106 0.00225745 0.00024 0.0176331
0.420105 0.00225865 0.00024 0.0176326
0.440105 0.00225797 0.00024 0.017633
0.460105 0.00225906 0.00024 0.0176326
0.480112 0.00225474 0.00024 0.0176298
0.500106 0.00225766 0.00024 0.0176326
0.520111 0.00225802 0.00024 0.0176244
0.54011 0.00225484 0.00024 0.017632
0.560106 0.00226 0.00024 0.0176302
0.580108 0.00225729 0.00024 0.0176307
0.600107 0.00225484 0.00024 0.017635
0.620105 0.00225901 0.00024 0.0176328
0.64011 0.00225531 0.00024 0.0176309
0.660274 0.00210495 0.00024 0.0176124
0.680122 0.00224724 0.00024 0.0176268
0.700112 0.00225391 0.00024 0.0176306
0.720115 0.00225901 0.00024 0.0176206
0.740112 0.00225287 0.00024 0.0176314
0.760183 0.00218479 0.00024 0.0176256
0.780115 0.00225052 0.00024 0.0176313
0.800116 0.00224854 0.00024 0.0176318
0.820108 0.00226198 0.00024 0.0176269
0.840109 0.00225359 0.00024 0.0176344
0.860107 0.00230552 0.00024 0.0175846
0.880113 0.00225458 0.00024 0.0176284
0.90011 0.00225396 0.00024 0.0176321
0.920111 0.00225958 0.00024 0.0176238
0.940114 0.00225724 0.00024 0.0176245
0.960108 0.00225771 0.00024 0.0176316
0.980163 0.00220339 0.00024 0.0176296
1.00011 0.00225807 0.00024 0.0176323
1.02011 0.00225891 0.00024 0.0176316
1.04011 0.00226828 0.00024 0.017622
1.06011 0.00226167 0.00024 0.0176268
1.08015 0.00221875 0.00024 0.01763
1.10011 0.00225776 0.00024 0.0176319
1.12011 0.00226396 -0.00954 0.0176233
1.14011 0.00225146 0.00024 0.0176315
1.16011 0.00225724 0.00024 0.0176332
1.18015 0.00220906 0.00024 0.0176318
1.20011 0.00225609 0.00024 0.0176333
1.22011 0.00225766 0.00024 0.0176324
1.24011 0.00225474 0.00024 0.0176352
1.26011 0.00225818 0.00024 0.0176323
1.28011 0.00225594 0.00024 0.0176338
1.30011 0.00225849 0.00024 0.017632
1.32011 0.00225729 0.00024 0.0176282
1.34011 0.0022525 0.00024 0.0176316
1.36011 0.00225703 0.00024 0.0176326
1.38011 0.00225906 0.00024 0.0176318
1.40011 0.00225495 0.00024 0.0176348
1.42011 0.00225813 0.00024 0.0176331
1.44011 0.00229625 0.00024 0.0175945
1.46011 0.00225698 0.00024 0.0176319
1.48011 0.00225911 0.00024 0.0176318
1.50011 0.00225656 0.00024 0.0176337
1.52011 0.00225615 0.00024 0.0176278
1.54011 0.00225359 0.00024 0.0176314
1.56011 0.00225932 0.00024 0.0176318
1.5801 0.00230516 0.00024 0.0175869
1.60011 0.00224828 0.00024 0.0176392
1.62011 0.00226083 0.00024 0.0176291
1.64011 0.00225531 0.00024 0.0176295
1.66011 0.00225589 0.00024 0.017631
1.68011 0.00225844 0.00024 0.017632
1.70016 0.00220839 0.00024 0.0176323
1.72011 0.00226156 0.00024 0.0176223
1.74011 0.00225443 0.00024 0.0176284
1.76011 0.00226088 0.00024 0.017626
1.78011 0.00225318 0.00024 0.0176316
1.80016 0.00220187 0.00024 0.0176314
1.82011 0.00225776 0.00024 0.0176312
1.84011 0.00225948 0.00024 0.0176317
1.86011 0.00225885 0.00024 0.0176319
1.88011 0.00225573 0.00024 0.0176346
1.90016 0.00220911 0.00024 0.0176305
1.92012 0.00225365 0.00024 0.0176249
1.94011 0.00225922 0.00024 0.017626
1.96011 0.0022574 0.00024 0.0176309
1.98011 0.00225818 0.00024 0.0176328
2.00011 0.00225849 0.00024 0.0176322
2.02014 0.00223818 0.00024 0.0176114
2.04012 0.00224599 0.00024 0.0176292
2.06011 0.0022613 0.00024 0.017625
2.08011 0.00225776 0.00024 0.0176299
2.10011 0.0023287 0.00024 0.0175601
2.12012 0.00226151 0.00024 0.0176168
2.14011 0.0022699 0.00024 0.0176123
2.16011 0.00225432 0.00024 0.0176299
2.18011 0.00225719 0.00024 0.0176316
2.20011 0.00225609 0.00024 0.0176333
2.22016 0.00221057 0.00024 0.0176251
2.24011 0.00225828 0.00024 0.0176316
2.26011 0.00225813 0.00024 0.0176315
2.28011 0.00225724 0.00024 0.0176327
2.30011 0.00229776 -0.00954 0.0175934
2.32016 0.00220526 0.00024 0.0176251
2.34011 0.00225536 0.00024 0.0176276
2.36011 0.00225641 0.00024 0.0176295
2.38011 0.00225896 0.00024 0.0176302
2.40011 0.00225755 0.00024 0.0176331
2.4201 0.0023049 0.00024 0.0175871
2.44011 0.00225891 0.00024 0.0176317
2.4601 0.00225688 0.00024 0.0176351
2.48011 0.00226047 0.00024 0.0176288
2.50011 0.00225604 0.00024 0.0176348
2.52011 0.00225781 0.00024 0.0176259
2.54011 0.00225474 0.00024 0.0176283
2.56011 0.00226005 0.00024 0.0176302
2.58011 0.00225807 0.00024 0.0176321
2.60011 0.00225635 0.00024 0.0176347
2.6201 0.00225963 0.00024 0.0176321
2.64011 0.0022601 0.00024 0.0176292
2.66011 0.00225745 0.00024 0.0176313
2.68011 0.00225995 0.00024 0.0176314
2.70011 0.00225713 -0.00954 0.017634
2.72011 0.00225964 0.00024 0.0176268
2.74017 0.00219922 0.00024 0.0176304
2.76011 0.00225901 0.00024 0.0176293
2.78013 0.0022476 0.00024 0.0176146
2.80012 0.00224432 0.00024 0.017633
2.82011 0.00225484 0.00024 0.0176259
2.84011 0.00226385 0.00024 0.0176235
2.86011 0.00225651 0.00024 0.0176292
2.88011 0.0022474 0.00024 0.0176352
2.90011 0.00225693 0.00024 0.0176325
2.92012 0.00225578 0.00024 0.0176224
2.94011 0.00226458 0.00024 0.0176218
2.96011 0.00225745 0.00024 0.0176317
2.98011 0.00226385 0.00024 0.0176261
3.00011 0.00225516 0.00024 0.0176335
3.02011 0.00225896 0.00024 0.0176317
3.0401 0.00226437 0.00024 0.0176277
3.06011 0.00225813 0.00024 0.0176304
3.08011 0.00225646 0.00024 0.0176325
3.10011 0.00225802 0.00024 0.0176335
3.12012 0.00225854 0.00024 0.0176175
3.14011 0.00230911 0.00024 0.0175793
3.16011 0.00225734 0.00024 0.0176327
3.18011 0.00226234 0.00024 0.0176292
3.20011 0.00225875 0.00024 0.0176327
3.22011 0.00225958 0.00024 0.0176321
3.2401 0.00225953 0.00024 0.0176326
3.26015 0.00221734 0.00024 0.0176315
3.28012 0.00225594 0.00024 0.0176242
3.30011 0.00225385 0.00024 0.0176311
3.32011 0.00227224 0.00024 0.0176154
3.34011 0.00225833 0.00024 0.0176288
3.36016 0.00220641 0.00024 0.0176298
3.38011 0.0022587 0.00024 0.0176318
3.40011 0.00225932 0.00024 0.0176322
3.42011 0.00226026 0.00024 0.0176309
3.4401 0.00225823 0.00024 0.0176335
3.4601 0.00226042 0.00024 0.0176315
3.48011 0.0022574 0.00024 0.0176338
3.50012 0.00224568 0.00024 0.0176279
3.52012 0.00225068 0.00024 0.0176232
3.54012 0.00224938 0.00024 0.0176286
3.56011 0.00226401 0.00024 0.0176229
3.58011 0.00225635 0.00024 0.0176318
3.60011 0.00225635 0.00024 0.0176344
3.62011 0.00225724 0.00024 0.0176328
3.64012 0.00225214 0.00024 0.0176221
3.66012 0.0023087 0.00024 0.0175727
3.68011 0.00225375 0.00024 0.0176307
3.70011 0.00225562 -0.00954 0.0176301
3.72012 0.00225729 0.00024 0.0176203
3.74011 0.00225656 0.00024 0.017629
3.76011 0.00231573 0.00024 0.0175656
3.78018 0.00230573 0.00024 0.0175079
3.80024 0.00331458 0.00024 0.0164329
3.82021 0.00326052 0.00024 0.016508
3.84017 0.00230646 0.00024 0.0175083
3.86018 0.00326146 0.00024 0.0165469
3.88013 0.00227625 0.00024 0.0175837
3.90014 0.00225656 0.00024 0.0175964
3.92013 0.00228865 0.00024 0.0175719
3.94012 0.0022787 0.00024 0.0175885
3.96015 0.00329 0.00024 0.0165529
3.98015 0.00222521 0.00024 0.0176229
4.00012 0.00221682 0.00024 0.0176599
4.02011 0.0022212 0.00024 0.0176635
4.04009 0.00223401 0.00024 0.0176709
4.06009 0.00223578 0.00024 0.0176709
4.08009 0.00223448 0.00024 0.0176746
4.10009 0.00223406 0.00024 0.0176756
4.1201 0.00223062 0.00024 0.017663
4.14009 0.00223661 0.00024 0.0176709
4.16011 0.00222578 0.00024 0.0176565
4.1801 0.00222677 0.00024 0.0176713
4.2001 0.00223062 -0.00954 0.0176717
4.22009 0.00223537 0.00024 0.0176719
4.24009 0.00224167 0.00024 0.0176682
4.26009 0.00223437 0.00024 0.017672
4.28009 0.00223776 0.00024 0.0176722
4.30009 0.00223505 0.00024 0.0176744
4.3201 0.00223385 0.00024 0.0176606
4.34009 0.00223453 0.00024 0.0176705
4.36009 0.00223578 0.00024 0.017672
4.38009 0.0022374 0.00024 0.0176725
4.40009 0.00223547 0.00024 0.0176746
4.42009 0.00223422 0.00024 0.0176717
4.44009 0.00223583 0.00024 0.0176734
4.46009 0.00223537 0.00024 0.0176748
4.48009 0.00223109 0.00024 0.0176741
4.50009 0.00223432 0.00024 0.0176745
4.5201 0.00223359 0.00024 0.0176633
4.54009 0.00223375 0.00024 0.0176724
4.56009 0.00223437 0.00024 0.0176756
4.58009 0.00223625 0.00024 0.0176747
4.60009 0.00223401 0.00024 0.0176763
4.62009 0.00223542 0.00024 0.0176756
4.64009 0.00226328 0.00024 0.0176442
4.66009 0.00223724 0.00024 0.0176715
4.68026 0.00210318 0.00024 0.0176292
4.70011 0.00225495 0.00024 0.0176336
4.72012 0.00225234 0.00024 0.017624
4.74012 0.00225292 0.00024 0.0176278
4.76012 0.00225161 0.00024 0.0176257
4.78017 0.00219552 0.00024 0.0176294
4.80011 0.00225719 0.00024 0.0176321
4.82011 0.00226198 0.00024 0.0176291
4.84011 0.0022563 0.00024 0.0176329
4.86011 0.00225906 0.00024 0.0176319
4.88011 0.00230182 0.00024 0.0175867
4.90011 0.00225849 0.00024 0.0176328
4.92012 0.0022513 0.00024 0.0176248
4.94011 0.00225219 0.00024 0.017631
4.96011 0.00225974 0.00024 0.0176302
4.98011 0.00225932 -0.00954 0.0176322
5.00016 0.00220672 0.00024 0.0176344
5.0201 0.00225943 0.00024 0.017633
5.0401 0.00226349 0.00024 0.0176284
5.06011 0.00225323 0.00024 0.0176321
5.08011 0.00226088 0.00024 0.0176295
5.10015 0.00221 0.00024 0.0176334
5.12012 0.00225344 0.00024 0.0176248
5.14011 0.00225677 0.00024 0.0176301
5.16011 0.00225943 0.00024 0.0176316
5.18011 0.0022588 0.00024 0.017632
5.20011 0.00230443 0.00024 0.0175867
5.22011 0.00225953 0.00024 0.0176315
5.24011 0.00226193 0.00024 0.0176289
5.26011 0.00225662 0.00024 0.0176317
5.2801 0.0022575 0.00024 0.0176337
5.30011 0.0023012 0.00024 0.017589
5.32012 0.00225365 0.00024 0.0176236
5.34011 0.00225557 0.00024 0.0176323
5.36011 0.0022562 0.00024 0.0176338
5.38011 0.00225891 0.00024 0.0176318
5.40011 0.00225635 0.00024 0.0176347
5.42016 0.00220807 0.00024 0.0176316
5.44011 0.00225125 -0.00954 0.0176391
5.4601 0.00225922 0.00024 0.0176323
5.4801 0.00225688 0.00024 0.0176347
5.50011 0.00225833 0.00024 0.0176331
5.52016 0.00221047 0.00024 0.0176228
5.54011 0.00225562 0.00024 0.0176318
5.56011 0.00225979 0.00024 0.0176305
5.58011 0.00225974 0.00024 0.0176315
5.6001 0.00225755 0.00024 0.0176346
5.6201 0.00226219 0.00024 0.0176299
5.64011 0.00226052 0.00024 0.0176277
5.66011 0.00225682 0.00024 0.0176311
5.68014 0.00223719 0.00024 0.0176129
5.70012 0.00224552 0.00024 0.0176316
5.72012 0.00226219 0.00024 0.0176091
5.74012 0.00225198 0.00024 0.0176268
5.76011 0.00225333 0.00024 0.0176286
5.78011 0.00225849 0.00024 0.0176298
5.80011 0.00225505 0.00024 0.0176343
5.82012 0.00225724 0.00024 0.0176238
5.84011 0.00225505 0.00024 0.0176329
5.86011 0.00225859 0.00024 0.0176319
5.88011 0.00226078 0.00024 0.0176281
5.90011 0.00225453 0.00024 0.01763
5.92012 0.00226354 0.00024 0.0176089
5.94011 0.00225901 0.00024 0.0176247
5.96011 0.0022563 0.00024 0.0176307
5.98011 0.00225938 0.00024 0.0176308
6.00011 0.00225786 0.00024 0.0176325
6.02011 0.00228568 0.00024 0.0176039
6.04011 0.00225729 0.00024 0.0176305
6.0601 0.00226089 0.00024 0.0176309
6.08011 0.00225917 0.00024 0.0176312
6.10011 0.00225802 0.00024 0.0176316
6.12019 0.00227495 0.00024 0.0175271
6.14011 0.00225792 0.00024 0.0176288
6.16011 0.0022538 0.00024 0.0176351
6.18011 0.00225833 0.00024 0.0176325
6.2001 0.00225745 0.00024 0.0176345
6.22011 0.00230068 0.00024 0.0175904
6.24011 0.00225833 0.00024 0.0176317
6.2601 0.00226063 0.00024 0.0176318
6.28011 0.00225688 0.00024 0.0176338
6.30011 0.00225698 0.00024 0.0176338
6.32011 0.00231229 0.00024 0.0175689
6.34011 0.00226276 0.00024 0.0176255
6.36011 0.00225495 0.00024 0.017631
6.38011 0.00225745 0.00024 0.0176343
6.40011 0.00225484 0.00024 0.0176353
6.42011 0.00225688 0.00024 0.0176341
6.4401 0.00225958 0.00024 0.0176326
6.46011 0.00225464 0.00024 0.0176341
6.48011 0.00225875 0.00024 0.0176313
6.50011 0.00225703 0.00024 0.0176324
6.52012 0.00225135 0.00024 0.0176244
6.54011 0.00225318 0.00024 0.0176303
6.56011 0.00225724 0.00024 0.0176312
6.58011 0.0022587 0.00024 0.017632
6.60011 0.00225646 0.00024 0.0176343
6.62011 0.00225896 0.00024 0.017631
6.64011 0.00225323 0.00024 0.0176303
6.66011 0.00225766 0.00024 0.017631
6.68011 0.00225833 0.00024 0.0176316
6.70011 0.00225792 0.00024 0.0176332
6.72012 0.00225094 0.00024 0.0176296
6.74017 0.00220193 0.00024 0.017629
6.76012 0.00225583 0.00024 0.0176246
6.78012 0.00225734 0.00024 0.0176217
6.80011 0.00225276 0.00024 0.017632
6.82011 0.00225635 0.00024 0.0176279
6.84011 0.00230963 0.00024 0.0175804
6.86011 0.00225583 0.00024 0.0176308
6.88011 0.00225375 0.00024 0.0176356
6.90011 0.00225755 0.00024 0.0176323
6.92011 0.00227599 0.00024 0.0176148
6.94011 0.00230677 0.00024 0.017577
6.96011 0.00225495 0.00024 0.0176336
6.98011 0.00225635 0.00024 0.0176333
7.00011 0.00225719 0.00024 0.0176342
7.02014 0.00224177 0.00024 0.0176101
7.04012 0.00232536 0.00024 0.0175496
7.06011 0.00225297 0.00024 0.01763
7.08011 0.00225422 0.00024 0.0176334
7.10011 0.00225427 0.00024 0.0176342
7.12011 0.00229812 0.00024 0.0175895
7.14011 0.00225526 0.00024 0.0176286
7.16011 0.00225359 0.00024 0.0176309
7.18011 0.00226047 0.00024 0.0176297
7.20011 0.00225635 0.00024 0.0176328
7.22012 0.00225255 0.00024 0.0176282
7.24011 0.00225839 0.00024 0.0176319
7.26016 0.00220641 0.00024 0.0176304
7.28011 0.00225719 0.00024 0.0176319
7.30011 0.00225911 0.00024 0.0176323
7.32011 0.00229427 0.00024 0.0175951
7.34012 0.00225589 0.00024 0.017624
7.36016 0.00220635 0.00024 0.0176301
7.38011 0.00230338 0.00024 0.0175866
7.40011 0.00225578 0.00024 0.0176308
7.42011 0.00225651 0.00024 0.0176343
7.44011 0.00225698 0.00024 0.0176338
7.4601 0.0022601 0.00024 0.0176318
7.48011 0.00225823 0.00024 0.0176331
7.50011 0.00225849 0.00024 0.0176332
7.5201 0.00225745 0.00024 0.017635
7.54011 0.00225995 0.00024 0.0176235
7.56011 0.00225729 0.00024 0.0176295
7.58011 0.00225766 0.00024 0.0176319
7.6001 0.00225844 0.00024 0.0176334
7.62011 0.00225875 0.00024 0.017633
7.64011 0.00225651 0.00024 0.0176307
7.66011 0.00230302 0.00024 0.0175866
7.68011 0.00225453 0.00024 0.0176315
7.70011 0.00225786 0.00024 0.0176328
7.72011 0.00225646 0.00024 0.0176351
7.74011 0.00226208 0.00024 0.0176255
7.76012 0.00224943 0.00024 0.0176276
7.78013 0.00224938 0.00024 0.0176122
7.80012 0.00224594 0.00024 0.017632
7.82011 0.0022575 0.00024 0.0176303
7.84011 0.0022575 0.00024 0.0176331
7.86011 0.00225542 0.00024 0.0176303
7.88011 0.00225662 0.00024 0.017628
7.90011 0.00225552 0.00024 0.0176308
7.92011 0.00225844 0.00024 0.0176313
7.94012 0.00226219 0.00024 0.0176171
7.96011 0.00225792 0.00024 0.0176287
7.98017 0.00220146 0.00024 0.0176245
8.00011 0.00225016 0.00024 0.0176393
8.0201 0.00226172 0.00024 0.0176307
8.04011 0.00225677 0.00024 0.0176341
8.0601 0.00226026 0.00024 0.0176314
8.08011 0.00225922 0.00024 0.0176313
8.10011 0.00225813 0.00024 0.0176333
8.12011 0.00225734 0.00024 0.0176343
8.14011 0.00226156 0.00024 0.0176188
8.16011 0.00225979 0.00024 0.0176292
8.18011 0.00230708 0.00024 0.017581
8.20011 0.00225531 0.00024 0.017635
8.2201 0.00225953 0.00024 0.0176323
8.24011 0.00225943 0.00024 0.0176316
8.26011 0.00225927 0.00024 0.0176322
8.28011 0.00225516 -0.00954 0.0176351
8.30015 0.00221615 0.00024 0.0176333
8.32022 0.00332213 0.00024 0.0164404
8.34024 0.00332276 0.00024 0.016424
8.36024 0.00322208 0.00024 0.0165215
8.38015 0.00227177 0.00024 0.0175634
8.4002 0.00321635 0.00024 0.0165752
8.42014 0.00227203 0.00024 0.0175795
8.44013 0.0022838 0.00024 0.0175743
8.46013 0.00228552 0.00024 0.0175801
8.48015 0.00228583 0.00024 0.0175581
8.50013 0.00326474 0.00024 0.0165954
8.52012 0.0022499 0.00024 0.0176177
8.54012 0.00221969 0.00024 0.0176578
8.5601 0.00222568 0.00024 0.0176713
8.58009 0.00223594 0.00024 0.0176731
8.60009 0.00227396 0.00024 0.0176356
8.62009 0.002235 0.00024 0.0176744
8.64009 0.0022362 0.00024 0.0176719
8.66009 0.00223349 0.00024 0.0176726
8.68009 0.00223427 0.00024 0.0176753
8.70009 0.00223542 0.00024 0.0176756
8.72009 0.00223526 0.00024 0.0176757
8.74009 0.0022387 0.00024 0.017668
8.7601 0.00222698 0.00024 0.0176688
8.78009 0.00223286 0.00024 0.0176729
8.80009 0.0022337 0.00024 0.0176758
8.82009 0.00223745 0.00024 0.0176728
8.84009 0.00223427 0.00024 0.0176752
8.86009 0.00223917 0.00024 0.0176713
8.88009 0.00223344 0.00024 0.017673
8.90009 0.00223214 0.00024 0.0176742
8.92009 0.00223271 0.00024 0.0176768
8.94009 0.00223359 0.00024 0.0176688
8.96009 0.00223214 0.00024 0.0176734
8.98009 0.00223844 0.00024 0.0176725
9.00009 0.00223521 0.00024 0.017676
9.02009 0.00223505 0.00024 0.0176756
9.04009 0.00224062 0.00024 0.0176697
9.06009 0.00223521 0.00024 0.0176731
9.08009 0.00223448 0.00024 0.017674
9.10009 0.00223578 0.00024 0.0176755
9.12012 0.00222307 0.00024 0.0176545
9.14011 0.00222891 0.00024 0.0176619
9.16009 0.0022349 0.00024 0.0176708
9.18009 0.00223859 0.00024 0.0176718
9.20009 0.00223495 0.00024 0.0176746
9.22029 0.00208125 0.00024 0.0176259
9.24011 0.00225365 0.00024 0.0176305
9.26011 0.00225911 0.00024 0.0176306
9.28011 0.00225427 0.00024 0.0176351
9.30011 0.00225766 0.00024 0.0176318
9.32015 0.0022137 0.00024 0.0176315
9.34011 0.00225583 0.00024 0.0176242
9.36011 0.00225422 0.00024 0.0176303
9.38011 0.0022601 0.00024 0.0176305
9.4001 0.00225823 0.00024 0.017634
9.42015 0.00221 0.00024 0.0176337
9.44011 0.00225724 0.00024 0.017634
9.46012 0.00224891 0.00024 0.0176226
9.48012 0.00225307 0.00024 0.0176243
9.50011 0.00225104 0.00024 0.0176319
9.52016 0.00220531 0.00024 0.0176296
9.54012 0.00225641 0.00024 0.0176229
9.56011 0.00225359 0.00024 0.0176308
9.58011 0.00230271 0.00024 0.0175868
9.60011 0.00225526 0.00024 0.0176341
9.62011 0.0022612 0.00024 0.0176299
9.64011 0.00225177 0.00024 0.0176302
9.66011 0.00225891 0.00024 0.0176307
9.68011 0.00225693 0.00024 0.0176345
9.70011 0.00226021 0.00024 0.0176313
9.7201 0.00230693 0.00024 0.0175857
9.74011 0.00225599 0.00024 0.0176252
9.76012 0.00225031 0.00024 0.0176236
9.78011 0.00225713 0.00024 0.0176295
9.80011 0.00225713 0.00024 0.0176331
9.82011 0.00231396 0.00024 0.0175769
9.84011 0.00225604 0.00024 0.0176311
9.86011 0.00225891 0.00024 0.0176318
9.88011 0.00225432 0.00024 0.017635
9.90011 0.00225505 0.00024 0.0176323
9.92011 0.00225927 0.00024 0.0176304
9.94011 0.00225604 0.00024 0.0176242
9.96011 0.00225776 0.00024 0.01763
9.98011 0.00225995 0.00024 0.0176313
10.0001 0.00225667 0.00024 0.0176341
10.0201 0.00225766 0.00024 0.0176343
10.0402 0.0022088 0.00024 0.0176327
10.0601 0.00225932 0.00024 0.0176321
10.0801 0.00225713 0.00024 0.0176343
10.1001 0.00225901 0.00024 0.0176337
10.1201 0.00225906 0.00024 0.0176328
10.1402 0.00221224 0.00024 0.0176246
10.1601 0.00225359 0.00024 0.0176307
10.1801 0.00225922 0.00024 0.0176322
10.2001 0.00225667 0.00024 0.0176352
10.2201 0.00226016 0.00024 0.0176322
10.2401 0.0022599 0.00024 0.0176317
10.2601 0.00225422 0.00024 0.0176317
10.2801 0.0022599 0.00024 0.0176306
10.3001 0.00225792 0.00024 0.0176338
10.3201 0.00226042 0.00024 0.0176318
10.3401 0.00226406 0.00024 0.0176187
10.3601 0.00225651 0.00024 0.0176312
10.3801 0.00225974 0.00024 0.0176308
10.4001 0.00225667 0.00024 0.0176346
10.4201 0.00225901 0.00024 0.0176329
10.4401 0.00226531 0.00024 0.0176264
10.4601 0.0022549 0.00024 0.0176349
10.4801 0.00225766 0.00024 0.0176314
10.5001 0.00225797 0.00024 0.0176322
10.5201 0.00225833 0.00024 0.0176325
10.5401 0.00230484 0.00024 0.0175748
10.5601 0.00225297 0.00024 0.017631
10.5801 0.00226068 0.00024 0.0176304
10.6001 0.00225781 0.00024 0.0176316
10.6201 0.00225844 0.00024 0.017632
10.6401 0.00226115 0.00024 0.0176264
10.6601 0.00225292 0.00024 0.0176315
10.6801 0.0022451 0.00024 0.0176138
10.7001 0.00224906 0.00024 0.01763
10.7201 0.00225625 0.00024 0.0176322
10.7401 0.00226271 0.00024 0.0176169
10.7601 0.00224891 0.00024 0.0176233
10.7801 0.00225276 0.00024 0.0176309
10.8001 0.00225542 0.00024 0.0176341
10.8201 0.0022513 0.00024 0.017627
10.8401 0.00225729 0.00024 0.0176312
10.8602 0.00220495 0.00024 0.0176307
10.8801 0.00225745 0.00024 0.0176314
10.9001 0.00225651 0.00024 0.0176311
10.9201 0.00225729 0.00024 0.0176319
10.9401 0.0023013 0.00024 0.0175786
10.9602 0.00220042 0.00024 0.0176286
10.9801 0.0022537 0.00024 0.01763
11.0001 0.00225818 0.00024 0.0176314
11.0201 0.00225906 -0.00954 0.0176312
11.0401 0.00225865 0.00024 0.0176314
11.0601 0.00225922 0.00024 0.0176268
11.0801 0.00225542 0.00024 0.0176329
11.1001 0.00225849 0.00024 0.0176327
11.1201 0.00225792 0.00024 0.0176335
11.1401 0.00225578 0.00024 0.0176175
11.1601 0.0022549 0.00024 0.0176289
11.1801 0.00226224 0.00024 0.0176268
11.2001 0.00225542 0.00024 0.0176342
11.2201 0.0022563 0.00024 0.0176329
11.2401 0.00225589 0.00024 0.0176345
11.2601 0.00230141 0.00024 0.0175889
11.2801 0.00225797 0.00024 0.0176318
11.3001 0.00225781 0.00024 0.0176328
11.3201 0.00224693 -0.00954 0.017623
11.3401 0.00225135 0.00024 0.0176171
11.3601 0.00231161 0.00024 0.0175621
11.3801 0.00226401 0.00024 0.0176214
11.4001 0.00224797 0.00024 0.0176248
11.4201 0.00225135 0.00024 0.0176299
11.4401 0.00225693 0.00024 0.0176312
11.4601 0.00225641 0.00024 0.0176317
11.4802 0.0022037 0.00024 0.0176312
11.5001 0.00225583 0.00024 0.0176339
11.5201 0.00225755 0.00024 0.0176328
11.5401 0.0022588 0.00024 0.0176163
11.5601 0.00225031 0.00024 0.0176264
11.5802 0.0021988 0.00024 0.01763
11.6001 0.0022563 0.00024 0.0176317
11.6201 0.00225844 0.00024 0.0176313
11.6401 0.00226406 0.00024 0.0176263
11.6601 0.00225266 0.00024 0.0176309
11.6801 0.00234729 0.00024 0.0175422
11.7001 0.0022563 0.00024 0.0176309
11.7201 0.00225797 0.00024 0.0176323
11.7401 0.00225865 0.00024 0.0176204
11.7601 0.00225823 0.00024 0.0176187
11.7801 0.00230958 0.00024 0.017578
11.8001 0.00225734 0.00024 0.0176304
11.8201 0.00226094 0.00024 0.0176312
11.8401 0.00225271 0.00024 0.0176376
11.8601 0.00225849 0.00024 0.0176315
11.8801 0.00225786 0.00024 0.017633
11.9001 0.00225437 0.00024 0.0176319
11.9201 0.0022588 0.00024 0.0176325
11.9401 0.00225542 0.00024 0.0176242
11.9601 0.00225776 0.00024 0.0176301
11.9801 0.00225875 0.00024 0.0176325
12.0002 0.00220813 0.00024 0.0176339
12.0201 0.00231302 0.00024 0.0175728
12.0401 0.00222786 0.00024 0.0176182
12.0601 0.00225109 0.00024 0.0176307
12.0801 0.00225896 0.00024 0.0176298
12.1002 0.00218406 0.00024 0.0176306
12.1201 0.00225536 0.00024 0.0176319
12.1401 0.00225391 0.00024 0.0176206
12.1601 0.00224385 0.00024 0.0176293
12.1801 0.00225688 0.00024 0.0176307
12.2001 0.00231417 0.00024 0.017577
12.2201 0.00226052 0.00024 0.0176257
12.2401 0.00225703 0.00024 0.017632
12.2601 0.00225886 0.00024 0.0176314
12.2801 0.00225813 0.00024 0.0176318
12.3001 0.00230026 0.00024 0.0175908
12.3201 0.00225943 0.00024 0.0176305
12.3401 0.00225193 0.00024 0.0176176
12.3601 0.00225489 0.00024 0.0176312
12.3801 0.00225792 0.00024 0.017632
12.4001 0.0022576 0.00024 0.0176316
12.4201 0.00225635 0.00024 0.0176203
12.4401 0.00225542 0.00024 0.0176304
12.4601 0.00225823 0.00024 0.0176324
12.4801 0.0022562 0.00024 0.0176312
12.5001 0.00225594 0.00024 0.0176337
12.5202 0.00220667 0.00024 0.0176331
12.5401 0.00226026 0.00024 0.0176166
12.5601 0.00225578 0.00024 0.0176285
12.5801 0.00226141 0.00024 0.0176296
12.6001 0.00225818 0.00024 0.0176323
12.6202 0.00220719 0.00024 0.0176305
12.6401 0.00226948 0.00024 0.0176184
12.6601 0.00225615 0.00024 0.0176311
12.6801 0.00226021 0.00024 0.0176314
12.7001 0.00225901 0.00024 0.0176317
12.7202 0.0022112 0.00024 0.0176307
12.7401 0.00226021 0.00024 0.0176185
12.7601 0.00225432 0.00024 0.017623
12.7803 0.0031776 0.00024 0.0165508
12.8001 0.00224734 0.00024 0.0176262
12.8202 0.00218208 0.00024 0.0176289
12.8401 0.0022862 0.00024 0.0175879
12.8602 0.00325083 0.00024 0.0165108
12.8898 0.00267422 0.00024 0.00751266
12.9002 0.00320917 0.00024 0.0165726
12.9202 0.00323745 0.00024 0.0165509
12.9401 0.00227391 0.00024 0.0175775
12.9601 0.0022712 0.00024 0.017574
12.9801 0.00228838 0.00024 0.0175704
13.0001 0.00225729 0.00024 0.0175942
13.0201 0.00224641 0.00024 0.017611
13.0401 0.00225021 0.00024 0.0176087
13.0601 0.00221495 0.00024 0.0176375
13.0801 0.00222823 0.00024 0.0176698
13.1001 0.00223526 0.00024 0.0176726
13.1201 0.00223589 0.00024 0.017674
13.1401 0.00223287 0.00024 0.0176596
13.1601 0.00223641 0.00024 0.0176676
13.1801 0.00223297 0.00024 0.0176738
13.2001 0.00223516 0.00024 0.017675
13.2201 0.00223537 0.00024 0.0176752
13.2401 0.00223588 0.00024 0.0176756
13.2601 0.00223521 0.00024 0.0176757
13.2801 0.00226151 0.00024 0.0176472
13.3001 0.00223495 0.00024 0.0176753
13.3201 0.00223568 0.00024 0.0176756
13.3401 0.0022313 0.00024 0.0176674
13.3601 0.00223146 0.00024 0.017671
13.3801 0.00223495 0.00024 0.017674
13.4001 0.00223401 0.00024 0.0176758
13.4201 0.0022363 0.00024 0.017673
13.4401 0.00223448 0.00024 0.0176757
13.4601 0.00223495 0.00024 0.017676
13.4801 0.00224057 0.00024 0.017671
13.5001 0.00223583 0.00024 0.0176754
13.5201 0.00223552 0.00024 0.017676
13.5401 0.00223469 0.00024 0.0176678
13.5601 0.00223193 0.00024 0.0176728
13.5801 0.00223469 0.00024 0.0176748
13.6001 0.00223464 0.00024 0.0176756
13.6201 0.00223589 0.00024 0.0176752
13.6401 0.0022438 0.00024 0.0176678
13.6601 0.00223156 0.00024 0.0176747
13.6801 0.00223505 0.00024 0.0176763
13.7001 0.00223464 0.00024 0.0176739
13.7201 0.00223505 0.00024 0.0176759
13.7401 0.00226859 0.00024 0.0176193
13.7601 0.0022537 0.00024 0.0176212
13.7801 0.00230245 -0.00954 0.0175833
13.8001 0.0022551 0.00024 0.0176328
13.8201 0.00225953 0.00024 0.0176317
13.8402 0.00219995 0.00024 0.0176318
13.8601 0.00225771 0.00024 0.0176335
13.8801 0.00225516 0.00024 0.017633
13.9001 0.0022575 0.00024 0.0176306
13.9201 0.00225818 0.00024 0.0176305
13.9402 0.00220443 0.00024 0.0176151
13.9601 0.00226187 0.00024 0.0176216
13.9801 0.00225984 0.00024 0.017629
14.0001 0.00225792 0.00024 0.0176334
14.0201 0.00225823 0.00024 0.0176327
14.0401 0.00226151 0.00024 0.0176304
14.0601 0.00225786 0.00024 0.0176341
14.0801 0.00225896 0.00024 0.0176329
14.1001 0.00225875 0.00024 0.0176317
14.1201 0.00225698 0.00024 0.017634
14.1401 0.00225859 0.00024 0.017601
14.1601 0.00225568 0.00024 0.0176189
14.1801 0.00225641 0.00024 0.0176287
14.2001 0.00225594 0.00024 0.0176329
14.2201 0.00226005 0.00024 0.01763
14.2401 0.00231766 0.00024 0.0175731
14.2601 0.00225354 0.00024 0.0176308
14.2801 0.00225979 0.00024 0.0176295
14.3001 0.00225818 0.00024 0.0176327
14.3201 0.00226187 0.00024 0.0176291
14.3401 0.00231729 0.00024 0.0175632
14.3601 0.00225167 0.00024 0.0176297
14.3801 0.00225828 0.00024 0.017631
14.4001 0.00225312 0.00024 0.0176381
14.4201 0.00225568 0.00024 0.0176327
14.4401 0.00225651 0.00024 0.0176338
14.4602 0.00221031 0.00024 0.0176338
14.4801 0.00225489 0.00024 0.0176303
14.5001 0.00225599 0.00024 0.0176338
14.5201 0.00225995 0.00024 0.0176305
14.5401 0.00227979 0.00024 0.0176089
14.5602 0.00220458 0.00024 0.0176261
14.5801 0.00225578 0.00024 0.0176292
14.6001 0.00225615 0.00024 0.0176329
14.6201 0.00225984 0.00024 0.0176308
14.6401 0.00227167 0.00024 0.0176184
14.6601 0.00230443 0.00024 0.0175829
14.6801 0.0022575 0.00024 0.0176315
14.7001 0.00225844 0.00024 0.0176323
14.7201 0.00225682 0.00024 0.0176329
14.7401 0.00228193 0.00024 0.0175886
14.7601 0.00231281 0.00024 0.0175579
14.7801 0.00225698 0.00024 0.017628
14.8001 0.00225938 0.00024 0.0176314
14.8201 0.00225745 0.00024 0.0176318
14.8401 0.00225604 0.00024 0.017635
14.8601 0.00225859 0.00024 0.0176329
14.8801 0.00230021 0.00024 0.0175893
14.9001 0.00225547 0.00024 0.0176339
14.9201 0.00225849 0.00024 0.0176333
14.9401 0.00228547 0.00024 0.0176041
14.9601 0.0022562 0.00024 0.0176241
14.9801 0.00225537 0.00024 0.0176299
15.0001 0.00225792 0.00024 0.0176327
15.0201 0.00226083 0.00024 0.0176318
15.0401 0.00225635 0.00024 0.0176339
15.0601 0.00225943 0.00024 0.0176294
15.0801 0.00225745 0.00024 0.0176329
15.1001 0.00225734 0.00024 0.0176341
15.1201 0.00225797 0.00024 0.0176334
15.1401 0.00225755 0.00024 0.0176305
15.1601 0.00226651 0.00024 0.0176185
15.1801 0.00225838 0.00024 0.0176258
15.2001 0.00225766 0.00024 0.0176322
15.2201 0.00225901 0.00024 0.0176319
15.2401 0.00225688 0.00024 0.0176341
15.2601 0.00225943 0.00024 0.0176298
15.2802 0.00221109 0.00024 0.017631
15.3001 0.00225661 0.00024 0.0176339
15.3201 0.00225938 0.00024 0.0176327
15.3401 0.00225781 0.00024 0.0176326
15.3601 0.00226557 0.00024 0.0176216
15.3802 0.0022112 0.00024 0.0176282
15.4001 0.00225859 0.00024 0.0176334
15.4201 0.00225974 0.00024 0.0176314
15.4401 0.00225641 0.00024 0.0176341
15.4601 0.00225833 0.00024 0.0176335
15.4801 0.00230099 0.00024 0.01759
15.5001 0.00225719 0.00024 0.0176326
15.5201 0.00225891 0.00024 0.0176331
15.5401 0.00225875 0.00024 0.0176327
15.5601 0.00226125 0.00024 0.0176258
15.5801 0.00229953 0.00024 0.0175874
15.6001 0.00225854 0.00024 0.0176334
15.6201 0.00225818 0.00024 0.0176333
15.6401 0.00227026 0.00024 0.0176213
15.6601 0.00225537 0.00024 0.0176315
15.6801 0.00231864 0.00024 0.0175305
15.7001 0.00224557 0.00024 0.0176289
15.7201 0.00225724 0.00024 0.0176321
15.7401 0.0022575 0.00024 0.0176335
15.7601 0.00231776 0.00024 0.0175566
15.7801 0.00225391 0.00024 0.0176254
15.8001 0.00225224 0.00024 0.0176324
15.8201 0.00227995 0.00024 0.0176112
15.8401 0.00225391 0.00024 0.0176319
15.8601 0.00225927 0.00024 0.0176307
15.8801 0.0022538 0.00024 0.017634
15.9001 0.00225922 0.00024 0.0176297
15.9201 0.00225755 0.00024 0.0176314
15.9401 0.00226146 0.00024 0.0176282
15.9601 0.00226031 0.00024 0.0176188
15.9801 0.00225818 0.00024 0.0176269
16.0002 0.00221005 0.00024 0.0176302
16.0201 0.00225802 0.00024 0.0176284
16.0401 0.00226 0.00024 0.0176302
16.0601 0.00225964 0.00024 0.0176313
16.0801 0.00225953 0.00024 0.0176321
16.1001 0.00221323 0.00024 0.0176339
16.1201 0.00225562 0.00024 0.0176359
16.1401 0.00229562 0.00024 0.0175945
16.1601 0.00225672 0.00024 0.0176254
16.1801 0.00225604 0.00024 0.0176245
16.2002 0.00221292 0.00024 0.0176313
16.2201 0.0022587 0.00024 0.0176318
16.2401 0.00225724 0.00024 0.0176338
16.2601 0.00225922 0.00024 0.0176326
16.2801 0.00225927 0.00024 0.0176326
16.3001 0.00229927 0.00024 0.0175924
16.3201 0.00225807 0.00024 0.0176328
16.3401 0.00225932 0.00024 0.0176325
16.3601 0.00225963 0.00024 0.0176246
16.3801 0.00225552 0.00024 0.0176298
16.4001 0.00225896 0.00024 0.0176332
16.4202 0.00221214 0.00024 0.0176312
16.4401 0.00225896 0.00024 0.0176325
16.4601 0.00225609 0.00024 0.0176357
16.4801 0.00225599 0.00024 0.0176313
16.5001 0.00225245 0.00024 0.0176331
16.5201 0.0022575 0.00024 0.0176332
16.5401 0.00225766 0.00024 0.0176332
16.5601 0.00226427 0.00024 0.0176229
16.5801 0.00225323 0.00024 0.0176312
16.6001 0.00225662 0.00024 0.0176338
16.6201 0.00229703 0.00024 0.017593
16.6401 0.00226792 0.00024 0.0176203
16.6601 0.00225693 0.00024 0.0176314
16.6801 0.00225594 0.00024 0.0176335
16.7001 0.0022574 0.00024 0.0176327
16.7201 0.00226089 0.00024 0.0176295
16.7401 0.00225854 0.00024 0.017632
16.7601 0.00225604 0.00024 0.017624
16.7801 0.00225713 0.00024 0.0176283
16.8001 0.00225641 0.00024 0.0176311
16.8201 0.00226312 0.00024 0.0176263
16.8401 0.00225995 0.00024 0.0176299
16.8601 0.00225901 0.00024 0.0176312
16.8801 0.00225932 0.00024 0.0176309
16.9001 0.00225766 0.00024 0.0176316
16.9201 0.00229812 0.00024 0.0175915
16.9401 0.00225865 0.00024 0.017632
16.9601 0.00225911 0.00024 0.0176239
16.9801 0.00225641 0.00024 0.0176308
17.0001 0.00225979 0.00024 0.0176322
17.0201 0.00225667 0.00024 0.0176338
17.0401 0.00224083 0.00024 0.0176152
17.0601 0.00224417 0.00024 0.0176299
17.0801 0.00225162 0.00024 0.0176319
17.1001 0.00225698 0.00024 0.0176334
17.1201 0.00230833 0.00024 0.0175821
17.1402 0.00219375 0.00024 0.017631
17.1601 0.00225964 0.00024 0.0176222
17.1801 0.00225292 0.00024 0.0176274
17.2001 0.00225708 0.00024 0.0176327
17.2201 0.00225745 -0.00954 0.0176285
17.2401 0.0022649 0.00024 0.0176258
17.2601 0.00226182 0.00024 0.0176258
17.2801 0.0022563 0.00024 0.0176319
17.3001 0.00225813 0.00024 0.0176324
17.3201 0.00225828 0.00024 0.0176319
17.3401 0.00230011 0.00024 0.0175897
17.3601 0.00225974 0.00024 0.017623
17.3802 0.0023075 0.00024 0.017525
17.4002 0.00327938 0.00024 0.0165012
17.4202 0.0032501 0.00024 0.0165164
17.4402 0.00261542 0.00024 0.0172144
17.4602 0.00225115 0.00024 0.0175858
17.4801 0.00230359 0.00024 0.0175577
17.5001 0.00226547 0.00024 0.0175935
17.5201 0.00227385 0.00024 0.0175834
17.5401 0.00228234 0.00024 0.0175793
17.5601 0.00225349 0.00024 0.0176179
17.5801 0.00223219 0.00024 0.0176179
17.6001 0.00222203 0.00024 0.0176709
17.6201 0.00223672 0.00024 0.0176719
17.6401 0.0022525 0.00024 0.0176579
17.6601 0.0022363 0.00024 0.0176722
17.6801 0.00223401 0.00024 0.017676
17.7001 0.00223479 0.00024 0.0176744
17.7201 0.00223406 0.00024 0.0176754
17.7401 0.00223891 0.00024 0.0176719
17.7601 0.00223672 0.00024 0.0176612
17.7801 0.00310813 0.00024 0.0167952
17.8001 0.00222807 0.00024 0.017663
17.8201 0.00223182 0.00024 0.0176713
17.8401 0.00223281 0.00024 0.0176746
17.8601 0.00227911 0.00024 0.0176318
17.8801 0.00223719 0.00024 0.0176711
17.9001 0.00223828 0.00024 0.0176688
17.9201 0.0022351 0.00024 0.0176734
17.9401 0.00223745 0.00024 0.0176732
17.9601 0.00223755 0.00024 0.0176646
17.9801 0.00223547 0.00024 0.0176703
18.0001 0.00223792 0.00024 0.0176756
18.0201 0.00223766 0.00024 0.0176731
18.0401 0.00223552 0.00024 0.0176753
18.0601 0.00223646 0.00024 0.0176756
18.0801 0.00223594 0.00024 0.017675
18.1001 0.00223588 -0.00954 0.0176757
18.1201 0.00223516 0.00024 0.0176763
18.1401 0.00223557 0.00024 0.0176756
18.1601 0.00223838 0.00024 0.0176635
18.1801 0.00223464 0.00024 0.0176708
18.2001 0.00223437 0.00024 0.0176747
18.2201 0.00223661 0.00024 0.0176742
18.2401 0.00223333 0.00024 0.0176766
18.2601 0.00226271 0.00024 0.0176283
18.2801 0.00225729 0.00024 0.017632
18.3001 0.00225896 0.00024 0.0176328
18.3201 0.00226146 0.00024 0.0176296
18.3401 0.00226036 0.00024 0.0176317
18.3601 0.00225625 0.00024 0.0176224
18.3801 0.00225521 0.00024 0.0176284
18.4001 0.00225578 0.00024 0.0176327
18.4201 0.00226031 0.00024 0.0176311
18.4401 0.00225865 0.00024 0.0176324
18.4602 0.00220615 0.00024 0.0176335
18.4801 0.00225583 0.00024 0.0176308
18.5001 0.00225651 0.00024 0.0176332
18.5201 0.00225802 0.00024 0.0176321
18.5401 0.00225953 0.00024 0.0176315
18.5602 0.00220864 0.00024 0.0176185
18.5801 0.00225354 0.00024 0.0176274
18.6001 0.00226505 0.00024 0.0176328
18.6201 0.00225781 0.00024 0.0176313
18.6401 0.00226974 0.00024 0.0176195
18.6601 0.00226005 0.00024 0.0176291
18.6801 0.00225656 0.00024 0.017632
18.7001 0.00225516 0.00024 0.0176352
18.7201 0.00225682 0.00024 0.0176338
18.7401 0.00225922 0.00024 0.0176318
18.7601 0.00227083 0.00024 0.017609
18.7801 0.00225708 0.00024 0.0176256
18.8001 0.00225771 0.00024 0.017631
18.8201 0.00226 0.00024 0.0176288
18.8401 0.00226219 0.00024 0.0176279
18.8601 0.00225771 0.00024 0.017628
18.8801 0.00225792 0.00024 0.0176312
18.9001 0.00225833 0.00024 0.0176319
18.9201 0.00225906 0.00024 0.017632
18.9401 0.00225948 0.00024 0.0176321
18.9601 0.00225318 0.00024 0.0176267
18.9801 0.00226052 0.00024 0.0176295
19.0001 0.00225547 0.00024 0.0176329
19.0201 0.00226057 0.00024 0.017631
19.0401 0.00225708 0.00024 0.0176351
19.0601 0.00230328 0.00024 0.0175863
19.0801 0.0022563 0.00024 0.0176338
19.1001 0.00226 0.00024 0.0176338
19.1201 0.00225708 0.00024 0.0176349
19.1401 0.00224615 0.00024 0.0176153
19.1601 0.00231708 0.00024 0.0175481
19.1801 0.00225641 0.00024 0.0176224
19.2001 0.00225698 0.00024 0.0176294
19.2201 0.00226016 0.00024 0.0176297
19.2401 0.00225745 0.00024 0.0176314
19.2601 0.00225818 0.00024 0.0176319
19.2802 0.0022099 0.00024 0.0176317
19.3001 0.00225661 0.00024 0.0176302
19.3201 0.00225938 0.00024 0.017631
19.3401 0.00225063 0.00024 0.0176372
19.3601 0.00226089 0.00024 0.0176164
19.3802 0.00221141 0.00024 0.0176219
19.4001 0.00225776 0.00024 0.0176316
19.4201 0.00226042 0.00024 0.0176307
19.4401 0.00226057 0.00024 0.0176318
19.4601 0.00225932 0.00024 0.0176329
19.4801 0.00226333 0.00024 0.017631
19.5001 0.00225766 0.00024 0.0176336
19.5201 0.00225255 0.00024 0.0176402
19.5401 0.00225802 0.00024 0.0176344
19.5601 0.00225823 0.00024 0.0176225
19.5801 0.00226266 0.00024 0.017622
19.6001 0.00225344 0.00024 0.0176321
19.6201 0.00225823 0.00024 0.0176318
19.6401 0.00226557 0.00024 0.0176249
19.6601 0.00225437 0.00024 0.0176316
19.6801 0.00230448 0.00024 0.0175859
19.7001 0.00225536 0.00024 0.0176336
19.7201 0.00229573 0.00024 0.0175946
19.7401 0.00225682 0.00024 0.0176332
19.7601 0.00227443 0.00024 0.0176055
19.7801 0.00230536 0.00024 0.0175743
19.8001 0.00225417 0.00024 0.017631
19.8201 0.00225615 0.00024 0.0176313
19.8401 0.00225729 0.00024 0.0176327
19.8601 0.00226161 0.00024 0.0176312
19.8801 0.00225688 0.00024 0.017632
19.9001 0.0022563 0.00024 0.0176319
19.9201 0.00225844 0.00024 0.0176324
19.9401 0.00225729 0.00024 0.0176339
19.9601 0.00225963 0.00024 0.0176183
19.9801 0.00226667 0.00024 0.0176203
20.0001 0.00225719 0.00024 0.0176295
20.0201 0.00225917 0.00024 0.0176314
20.0401 0.00225729 0.00024 0.0176342
20.0601 0.00225948 0.00024 0.0176332
20.0801 0.00225938 0.00024 0.0176336
20.1001 0.00221656 0.00024 0.0176329
20.1201 0.00225958 0.00024 0.0176322
20.1401 0.00225865 0.00024 0.0176336
20.1601 0.00225854 0.00024 0.0176225
20.1801 0.00225578 0.00024 0.0176296
20.2002 0.00220911 0.00024 0.0176322
20.2201 0.0022587 0.00024 0.0176307
20.2401 0.00225734 0.00024 0.0176341
20.2601 0.00225724 0.00024 0.0176329
20.2801 0.00225911 0.00024 0.017633
20.3001 0.00225838 0.00024 0.0176328
20.3201 0.00225854 0.00024 0.0176321
20.3401 0.00226099 0.00024 0.0176308
20.3601 0.00226141 0.00024 0.0176184
20.3801 0.00225885 0.00024 0.0176279
20.4001 0.00225969 0.00024 0.0176301
20.4201 0.00226135 0.00024 0.0176298
20.4401 0.00225708 0.00024 0.0176342
20.4601 0.00225656 0.00024 0.0176352
