1.51e-06 0.00281448 0.00024 -0.00183458
0.00284292 0.0029513 0.00024 -0.00379802
0.00580359 0.00301104 0.00024 -0.00581823
0.00882458 0.00296922 0.00024 -0.00779786
0.0118047 0.00293286 0.00024 -0.0097426
0.0147464 0.00200115 0.00024 -0.0107509
0.0167544 0.00198083 0.00024 -0.0117378
0.0187413 0.0019901 0.00024 -0.0127339
0.0207369 0.00199443 0.00024 -0.0137339
0.0227369 0.00199635 0.00024 -0.0147358
0.0247389 0.00199812 0.00024 -0.0157395
0.0267427 0.0019912 0.00024 -0.0167364
0.0287394 0.00199547 0.00024 -0.0177374
0.0307406 0.00199115 0.00024 -0.0187344
0.0327374 0.00199318 0.00024 -0.019733
0.034736 0.00200245 0.00024 -0.020741
0.0367443 0.00198891 0.00024 -0.0217357
0.0387386 0.00199245 0.00024 -0.0227336
0.0407367 0.00199359 0.00024 -0.0237329
0.042736 0.00199474 0.00024 -0.0247333
0.0447364 0.0020149 0.00024 -0.0257539
0.0467574 0.00198604 0.00024 -0.0267461
0.0487498 0.0019913 -0.00954 -0.0277436
0.0507467 0.00199276 0.00024 -0.0287419
0.0527449 0.0019962 0.00024 -0.0297436
0.0547466 0.00199563 0.00024 -0.0307447
0.0567478 0.00199281 0.00024 -0.0317431
0.0587462 0.00199422 -0.00954 -0.0327429
0.0607459 0.00199417 0.00024 -0.0337425
0.0627455 0.00199359 0.00024 -0.0347416
0.0647447 0.00199583 0.00024 -0.0357431
0.0667461 0.00199229 0.00024 -0.0367409
0.068744 0.00199672 0.00024 -0.0377432
0.0707462 0.00199125 0.00024 -0.0387402
0.0727432 0.00199708 0.00024 -0.0397428
0.0747458 0.00203219 0.00024 -0.0407806
0.0767837 0.00295729 0.00024 -0.0427434
0.0797472 0.0019924 0.00024 -0.0437421
0.0817451 0.00199479 0.00024 -0.0447424
0.0837454 0.00200042 0.00024 -0.0457484
0.0857514 0.0020301 0.00024 -0.0467849
0.0877894 0.00295365 0.00024 -0.0487464
0.0907497 0.00200844 0.00024 -0.0497608
0.0927646 0.0019776 0.00024 -0.0507451
0.0947481 0.00200734 0.00024 -0.0517582
0.096762 0.00200839 0.00024 -0.0527735
0.0987778 0.0029638 0.00024 -0.0547441
0.101748 0.00199172 0.00024 -0.0557425
0.103746 0.00199865 0.00024 -0.0567469
0.105751 0.00199005 0.00024 -0.0577433
0.107746 0.00200948 0.00024 -0.0587585
0.109763 0.00197193 0.00024 -0.0597376
0.111741 0.00199281 0.00024 -0.0607359
0.113739 0.00203026 0.00024 -0.0617719
0.115775 0.00195818 0.00024 -0.0627356
0.117739 0.00199266 0.00024 -0.0637339
0.119737 0.00199583 0.00024 -0.0647354
0.121738 0.00199411 0.00024 -0.0657351
0.123738 0.00202776 0.00024 -0.0667684
0.125772 0.00196172 0.00024 -0.0677359
0.127739 0.00199427 0.00024 -0.0687358
0.129739 0.00199453 0.00024 -0.0697359
0.131739 0.00199443 0.00024 -0.0707359
0.133739 0.00201266 0.00024 -0.0717543
0.135757 0.00199943 0.00024 -0.0727597
0.137766 0.00196885 0.00024 -0.073737
0.13974 0.00199328 0.00024 -0.0747358
0.141739 0.00199396 0.00024 -0.0757354
0.143738 0.00203682 0.00024 -0.0767784
0.145782 0.00293917 0.00024 -0.0787246
0.148728 0.00198786 0.00024 -0.0797176
0.15072 0.00199594 0.00024 -0.0807182
0.152721 0.00199505 0.00024 -0.081718
0.154721 0.00200896 0.00024 -0.0827318
0.156734 0.00198661 0.00024 -0.0837232
0.158726 0.00199573 0.00024 -0.0847237
0.160726 0.00199526 0.00024 -0.0857238
0.162726 0.00199484 0.00024 -0.0867234
0.164726 0.00199573 -0.00954 -0.0877248
0.166727 0.0019938 0.00024 -0.0887233
0.168726 0.00199536 0.00024 -0.0897234
0.170726 0.00199505 0.00024 -0.0907233
0.172726 0.00199536 0.00024 -0.0917233
0.174726 0.00199901 0.00024 -0.0927271
0.17673 0.00199172 0.00024 -0.0937236
0.178726 0.00199526 0.00024 -0.0947237
0.180726 0.00199463 0.00024 -0.0957231
0.182726 0.00199563 0.00024 -0.0967236
0.184726 0.00199625 0.00024 -0.0977247
0.186727 0.00199625 0.00024 -0.0987258
0.188728 0.00199255 0.00024 -0.0997231
0.190726 0.00199563 0.00024 -0.100723
0.192726 0.00199469 0.00024 -0.101723
0.194726 0.00199698 0.00024 -0.102725
0.196727 0.00199953 0.00024 -0.103729
0.198733 0.00198911 0.00024 -0.104724
0.200727 0.0019924 0.00024 -0.105722
0.202725 0.00199651 0.00024 -0.106723
0.204726 0.00199667 0.00024 -0.107725
0.206727 0.00199411 0.00024 -0.108724
0.208726 0.00199865 0.00024 -0.109727
0.21073 0.00198484 0.00024 -0.110717
0.21272 0.00199443 0.00024 -0.111717
0.214719 0.00199833 0.00024 -0.11272
0.216723 0.00199177 0.00024 -0.113718
0.21872 0.00202734 0.00024 -0.11475
0.220752 0.00196276 0.00024 -0.115717
0.22272 0.00199417 0.00024 -0.116716
0.224719 0.00199943 0.00024 -0.117721
0.226724 0.00199047 0.00024 -0.118717
0.22872 0.00199443 0.00024 -0.119716
0.230719 0.0019951 0.00024 -0.120716
0.232719 0.00199609 0.00024 -0.121717
0.23472 0.00199662 0.00024 -0.122719
0.236721 0.00199453 0.00024 -0.123718
0.238721 0.0019937 -0.00954 -0.124717
0.240719 0.00199662 0.00024 -0.125718
0.242721 0.00199599 0.00024 -0.126719
0.244721 0.0020474 0.00024 -0.127771
0.246774 0.00194136 0.00024 -0.128717
0.24872 0.00199427 0.00024 -0.129716
0.250719 0.00199594 0.00024 -0.130717
0.25272 0.00199516 0.00024 -0.131717
0.25472 0.00199932 0.00024 -0.132721
0.256724 0.00199245 0.00024 -0.133718
0.258721 0.00199443 0.00024 -0.134718
0.26072 0.00199542 0.00024 -0.135718
0.26272 0.00199401 0.00024 -0.136717
0.264719 0.00200672 0.00024 -0.137728
0.266731 0.00198995 0.00024 -0.138724
0.268726 0.00199583 0.00024 -0.139724
0.270727 0.00199375 0.00024 -0.140723
0.272725 0.00199724 0.00024 -0.141725
0.274727 0.00199448 0.00024 -0.142724
0.276727 0.00199479 0.00024 -0.143724
0.278726 0.0019951 0.00024 -0.144723
0.280726 0.0019949 0.00024 -0.145723
0.282726 0.00199604 0.00024 -0.146724
0.284727 0.00199536 0.00024 -0.147724
0.286727 0.00202344 0.00024 -0.148756
0.28876 0.00196604 0.00024 -0.149728
0.290731 0.00199104 0.00024 -0.150724
0.292727 0.00199547 0.00024 -0.151725
0.294727 0.00200286 0.00024 -0.152733
0.296736 0.00198615 0.00024 -0.153724
0.298726 0.00199479 0.00024 -0.154723
0.300726 0.00199495 -0.00954 -0.155723
0.302726 0.00199552 0.00024 -0.156723
0.304726 0.00200016 0.00024 -0.157728
0.306731 0.00199448 0.00024 -0.158728
0.308731 0.00200146 0.00024 -0.159735
0.310738 0.00197974 0.00024 -0.16072
0.312722 0.0019938 0.00024 -0.161718
0.314721 0.00199807 0.00024 -0.162721
0.316724 0.00199109 0.00024 -0.163717
0.31872 0.00199344 0.00024 -0.164715
0.320718 0.0019975 0.00024 -0.165718
0.32272 0.00199536 0.00024 -0.166718
0.32472 0.00199755 0.00024 -0.16772
0.326723 0.00199255 0.00024 -0.168717
0.32872 0.00199458 0.00024 -0.169717
0.330719 0.00199557 0.00024 -0.170717
0.33272 0.00199479 0.00024 -0.171717
0.334719 0.00199818 0.00024 -0.17272
0.336723 0.00199313 0.00024 -0.173718
0.338721 0.00199339 0.00024 -0.174716
0.340719 0.00200661 0.00024 -0.175728
0.34273 0.00198562 0.00024 -0.176718
0.344721 0.00204838 0.00024 -0.177771
0.346775 0.00194188 0.00024 -0.178719
0.348722 0.00199417 0.00024 -0.179718
0.350721 0.0019937 0.00024 -0.180716
0.352719 0.00199568 0.00024 -0.181717
0.354719 0.0019988 0.00024 -0.18272
0.356723 0.00202781 0.00024 -0.183753
0.358755 0.00195938 0.00024 -0.184717
0.360719 0.00199542 0.00024 -0.185717
0.362719 0.00199495 0.00024 -0.186717
0.364719 0.00199797 0.00024 -0.187719
0.366722 0.00199297 0.00024 -0.188717
0.368719 0.00199557 0.00024 -0.189717
0.37072 0.00199453 0.00024 -0.190716
0.372719 0.0019962 0.00024 -0.191717
0.37472 0.00199703 0.00024 -0.192719
0.376721 0.00199365 0.00024 -0.193717
0.37872 0.001995 0.00024 -0.194717
0.380719 0.00199787 0.00024 -0.19572
0.382722 0.00199229 0.00024 -0.196717
0.384719 0.00200406 0.00024 -0.197725
0.386728 0.00199422 0.00024 -0.198724
0.388727 0.00199547 0.00024 -0.199725
0.390727 0.00199662 0.00024 -0.200726
0.392729 0.00199286 0.00024 -0.201724
0.394726 0.00199599 0.00024 -0.202725
0.396727 0.00199656 0.00024 -0.203726
0.398728 0.00199307 0.00024 -0.204724
0.400726 0.00199484 0.00024 -0.205723
0.402726 0.00199656 0.00024 -0.206724
0.404728 0.00199667 0.00024 -0.207726
0.406729 0.0019926 0.00024 -0.208724
0.408726 0.00199141 0.00024 -0.20972
0.410722 0.00199365 0.00024 -0.210718
0.412721 0.00199469 0.00024 -0.211718
0.41472 0.00199823 0.00024 -0.212721
0.416723 0.00199177 0.00024 -0.213717
0.41872 0.00199516 0.00024 -0.214717
0.420719 0.00199594 0.00024 -0.215717
0.42272 0.00199385 0.00024 -0.216716
0.424719 0.00200042 0.00024 -0.217721
0.426724 0.00199411 0.00024 -0.21872
0.428723 0.00199234 0.00024 -0.219717
0.43072 0.00199594 0.00024 -0.220718
0.43272 0.00199406 0.00024 -0.221717
0.434719 0.00199797 0.00024 -0.222719
0.436722 0.00199458 0.00024 -0.223718
0.438721 0.00199365 0.00024 -0.224717
0.440719 0.00199521 0.00024 -0.225717
0.442719 0.00199474 0.00024 -0.226716
0.444719 0.00200307 0.00024 -0.227724
0.446726 0.00203219 0.00024 -0.228761
0.448764 0.00195771 0.00024 -0.229723
0.450726 0.00199349 0.00024 -0.230722
0.452724 0.00199604 0.00024 -0.231722
0.454725 0.0019963 0.00024 -0.232723
0.456726 0.00199427 0.00024 -0.233722
0.458725 0.00199604 0.00024 -0.234723
0.460726 0.00199547 0.00024 -0.235723
0.462726 0.00199531 0.00024 -0.236723
0.464726 0.00199573 0.00024 -0.237724
0.466726 0.00199328 0.00024 -0.238721
0.468724 0.00199729 0.00024 -0.239723
0.470726 0.00199422 0.00024 -0.240722
0.472725 0.00199677 0.00024 -0.241724
0.474726 0.001995 0.00024 -0.242723
0.476726 0.00199568 0.00024 -0.243724
0.478726 0.00199401 -0.00954 -0.244722
0.480725 0.00199599 0.00024 -0.245723
0.482726 0.00199417 0.00024 -0.246722
0.484724 0.00199609 0.00024 -0.247723
0.486725 0.00202547 0.00024 -0.248753
0.488759 0.00196344 0.00024 -0.249726
0.490729 0.00199281 0.00024 -0.250724
0.492726 0.00199438 0.00024 -0.251723
0.494725 0.00200073 0.00024 -0.252728
0.496731 0.00199063 0.00024 -0.253724
0.498727 0.00199417 0.00024 -0.254723
0.500725 0.00199458 0.00024 -0.255722
0.502725 0.00199495 0.00024 -0.256722
0.504724 0.00199708 0.00024 -0.257725
0.506727 0.00199391 0.00024 -0.258723
0.508726 0.0020026 0.00024 -0.259731
0.510734 0.00198266 0.00024 -0.260718
0.512721 0.00199474 0.00024 -0.261718
0.51472 0.00200271 0.00024 -0.262726
0.516729 0.00198552 0.00024 -0.263717
0.518719 0.00199594 0.00024 -0.264717
0.52072 0.00199516 0.00024 -0.265717
0.52272 0.00199609 0.00024 -0.266718
0.52472 0.00199672 0.00024 -0.267719
0.526722 0.00199333 0.00024 -0.268717
0.52872 0.00199505 0.00024 -0.269717
0.530719 0.00199464 0.00024 -0.270716
0.532719 0.00199536 0.00024 -0.271716
0.534719 0.0019976 0.00024 -0.272719
0.536721 0.00199453 0.00024 -0.273718
0.53872 0.00199406 0.00024 -0.274717
0.540719 0.00199521 0.00024 -0.275717
0.542719 0.00199776 0.00024 -0.276719
0.544722 0.00200203 0.00024 -0.277726
0.546728 0.00203688 0.00024 -0.278767
0.548771 0.00194995 0.00024 -0.279723
0.550727 0.00199344 0.00024 -0.280722
0.552725 0.00199609 0.00024 -0.281723
0.554726 0.00199547 0.00024 -0.282723
0.556726 0.00199552 0.00024 -0.283723
0.558726 0.0019937 0.00024 -0.284722
0.560724 0.00199693 0.00024 -0.285723
0.562726 0.00200104 0.00024 -0.286729
0.564732 0.00198995 -0.00954 -0.287724
0.566727 0.00199307 0.00024 -0.288722
0.568724 0.00199693 0.00024 -0.289723
0.570726 0.00199484 0.00024 -0.290723
0.572726 0.00199573 0.00024 -0.291723
0.574726 0.00199578 0.00024 -0.292724
0.576727 0.00199432 0.00024 -0.293723
0.578726 0.0019962 0.00024 -0.294724
0.580727 0.00199401 0.00024 -0.295723
0.582725 0.00199599 0.00024 -0.296723
0.584726 0.00200115 0.00024 -0.297729
0.586732 0.00199005 0.00024 -0.298724
0.588727 0.00199516 0.00024 -0.299724
0.590727 0.00199297 0.00024 -0.300722
0.592725 0.00199682 0.00024 -0.301723
0.594726 0.00199536 0.00024 -0.302724
0.596726 0.00199458 0.00024 -0.303723
0.598726 0.00199536 0.00024 -0.304723
0.600726 0.00199401 0.00024 -0.305722
0.602724 0.00199615 0.00024 -0.306723
0.604725 0.00200005 0.00024 -0.307727
0.60673 0.00199063 0.00024 -0.308723
0.608726 0.0019988 0.00024 -0.309726
0.610729 0.00198614 0.00024 -0.310718
0.612721 0.00199427 0.00024 -0.311717
0.61472 0.00199922 0.00024 -0.312721
0.616724 0.00199141 0.00024 -0.313718
0.61872 0.00199453 0.00024 -0.314717
0.62072 0.00199531 0.00024 -0.315717
0.62272 0.00199531 0.00024 -0.316717
0.624719 0.00199875 0.00024 -0.31772
0.626723 0.00199052 0.00024 -0.318717
0.628719 0.00199547 0.00024 -0.319717
0.63072 0.00199448 0.00024 -0.320717
0.632719 0.00199526 0.00024 -0.321717
0.634719 0.0019988 0.00024 -0.32272
0.636723 0.00199297 0.00024 -0.323718
0.638721 0.00199417 0.00024 -0.324717
0.640719 0.00199505 0.00024 -0.325716
0.642719 0.00199552 0.00024 -0.326717
0.644719 0.00200333 0.00024 -0.327725
0.646727 0.00199344 0.00024 -0.328723
0.648725 0.00199661 0.00024 -0.329724
0.650727 0.00199375 0.00024 -0.330722
0.652725 0.00199521 0.00024 -0.331722
0.654725 0.00199656 0.00024 -0.332723
0.656726 0.00199438 0.00024 -0.333723
0.658726 0.0019963 0.00024 -0.334724
0.660727 0.00199484 0.00024 -0.335724
0.662726 0.001995 0.00024 -0.336723
0.664726 0.00199526 0.00024 -0.337723
0.666726 0.00199365 0.00024 -0.338722
0.668724 0.00199641 0.00024 -0.339723
0.670725 0.00199604 0.00024 -0.340723
0.672726 0.00199453 0.00024 -0.341723
0.674726 0.00199557 0.00024 -0.342723
0.676726 0.00199505 0.00024 -0.343723
0.678726 0.00199516 0.00024 -0.344723
0.680725 0.00202505 0.00024 -0.345752
0.682755 0.00196609 0.00024 -0.346723
0.684726 0.00199521 0.00024 -0.347723
0.686726 0.00203255 0.00024 -0.348761
0.688766 0.00195938 0.00024 -0.349728
0.690731 0.00199088 0.00024 -0.350724
0.692726 0.00199448 0.00024 -0.351723
0.694726 0.0020037 0.00024 -0.352731
0.696734 0.00198802 0.00024 -0.353725
0.698727 0.00199375 0.00024 -0.354723
0.700726 0.00199427 0.00024 -0.355722
0.702725 0.0019962 0.00024 -0.356723
0.704726 0.0019999 0.00024 -0.357728
0.70673 0.00199146 0.00024 -0.358724
0.708727 0.00200271 0.00024 -0.359731
0.710734 0.00198151 0.00024 -0.360718
0.71272 0.00199526 0.00024 -0.361718
0.71472 0.00200427 0.00024 -0.362726
0.716729 0.00198641 0.00024 -0.363718
0.71872 0.00199386 0.00024 -0.364716
0.720719 0.00199552 0.00024 -0.365716
0.722719 0.00199563 0.00024 -0.366717
0.724719 0.0019999 0.00024 -0.367721
0.726724 0.00202547 0.00024 -0.368751
0.728754 0.00196182 0.00024 -0.369718
0.73072 0.0019938 0.00024 -0.370716
0.732719 0.00199568 0.00024 -0.371717
0.734719 0.00199828 0.00024 -0.37272
0.736722 0.00199286 0.00024 -0.373718
0.73872 0.00199463 0.00024 -0.374717
0.74072 0.00199453 0.00024 -0.375717
0.742719 0.00199505 0.00024 -0.376716
0.744719 0.00200417 0.00024 -0.377725
0.746728 0.00199344 0.00024 -0.378723
0.748726 0.00203583 0.00024 -0.379764
0.750766 0.00195307 0.00024 -0.380722
0.752724 0.00199745 0.00024 -0.381724
0.754726 0.00199563 0.00024 -0.382724
0.756727 0.00199401 0.00024 -0.383723
0.758726 0.00199276 0.00024 -0.384721
0.760723 0.00199776 0.00024 -0.385723
0.762726 0.0019951 0.00024 -0.386723
0.764726 0.00199578 0.00024 -0.387724
0.766726 0.00199339 0.00024 -0.388722
0.768724 0.00199604 0.00024 -0.389723
0.770726 0.00199526 0.00024 -0.390723
0.772726 0.00199516 0.00024 -0.391723
0.774725 0.00199635 0.00024 -0.392724
0.776727 0.00199479 0.00024 -0.393723
0.778726 0.00199463 0.00024 -0.394723
0.780725 0.00199531 0.00024 -0.395723
0.782725 0.00199469 0.00024 -0.396722
0.784725 0.00199682 0.00024 -0.397724
0.786727 0.00199443 0.00024 -0.398723
0.788726 0.00199443 0.00024 -0.399722
0.790725 0.00199516 0.00024 -0.400722
0.792725 0.00199625 0.00024 -0.401723
0.794726 0.00199536 -0.00954 -0.402723
0.796726 0.00202417 0.00024 -0.403753
0.798755 0.00196625 0.00024 -0.404723
0.800727 0.0019925 0.00024 -0.405721
0.802724 0.00199609 0.00024 -0.406722
0.804726 0.00199531 0.00024 -0.407723
0.806726 0.00199474 0.00024 -0.408722
0.808725 0.00200026 0.00024 -0.409728
0.81073 0.00198406 0.00024 -0.410717
0.812719 0.00199635 0.00024 -0.411718
0.814721 0.00199714 0.00024 -0.41272
0.816722 0.00199214 0.00024 -0.413717
0.818719 0.00199568 0.00024 -0.414717
0.82072 0.00199568 0.00024 -0.415718
0.82272 0.001995 0.00024 -0.416717
0.82472 0.00199787 0.00024 -0.41772
0.826723 0.0019924 0.00024 -0.418717
0.82872 0.00199505 0.00024 -0.419717
0.83072 0.00199411 0.00024 -0.420716
0.832719 0.00199557 0.00024 -0.421716
0.834719 0.00199984 0.00024 -0.422721
0.836724 0.00199177 0.00024 -0.423718
0.838721 0.00199422 0.00024 -0.424717
0.84072 0.00199932 0.00024 -0.425721
0.842724 0.00199281 0.00024 -0.426719
0.844722 0.00199578 0.00024 -0.42772
0.846723 0.00199359 0.00024 -0.428718
0.848721 0.00199313 0.00024 -0.429717
0.850719 0.00250026 0.00024 -0.431223
0.853227 0.00258766 0.00024 -0.432818
0.855826 0.0028987 0.00024 -0.434727
0.85873 0.00198516 0.00024 -0.435718
0.86072 0.00199542 0.00024 -0.436718
0.862721 0.0019937 0.00024 -0.437717
0.864719 0.00200182 0.00024 -0.438723
0.866727 0.00202745 0.00024 -0.439757
0.86876 0.00195682 0.00024 -0.440719
0.870722 0.00199391 0.00024 -0.441718
0.87272 0.00199599 0.00024 -0.442718
0.874721 0.0019975 0.00024 -0.443721
0.876724 0.00199125 0.00024 -0.444717
0.87872 0.0019938 0.00024 -0.445716
0.880719 0.00199667 0.00024 -0.446717
0.88272 0.0019949 0.00024 -0.447717
0.88472 0.00200641 0.00024 -0.448729
0.886731 0.00199193 0.00024 -0.449726
0.888729 0.00201943 0.00024 -0.450751
0.890757 0.00197411 0.00024 -0.451734
0.892737 0.00198568 0.00024 -0.452725
0.894727 0.00200313 0.00024 -0.453733
0.896736 0.00198693 0.00024 -0.454726
0.898729 0.00199224 0.00024 -0.455723
0.900726 0.00199531 0.00024 -0.456723
0.902726 0.0019951 0.00024 -0.457723
0.904726 0.00199786 0.00024 -0.458726
0.906729 0.00199229 0.00024 -0.459723
0.908727 0.00200802 0.00024 -0.460737
0.910741 0.00197427 0.00024 -0.461718
0.912721 0.00203313 0.00024 -0.462756
0.914758 0.00196078 -0.00954 -0.463722
0.916725 0.00199063 0.00024 -0.464718
0.91872 0.00199385 0.00024 -0.465717
0.920719 0.00199563 0.00024 -0.466717
0.92272 0.00199583 0.00024 -0.467717
0.92472 0.00199839 0.00024 -0.468721
0.926723 0.00199104 0.00024 -0.469717
0.928719 0.00199542 -0.00954 -0.470717
0.93072 0.00199505 0.00024 -0.471717
0.93272 0.001995 0.00024 -0.472717
0.934719 0.00200135 0.00024 -0.473723
0.936726 0.00199036 0.00024 -0.474719
0.938722 0.00199302 0.00024 -0.475717
0.940719 0.00199552 0.00024 -0.476717
0.94272 0.00199479 0.00024 -0.477717
0.944719 0.00200922 0.00024 -0.478731
0.946734 0.00198797 0.00024 -0.479724
0.948726 0.00199458 0.00024 -0.480723
0.950726 0.00204427 0.00024 -0.481772
0.952775 0.00194953 0.00024 -0.482726
0.954729 0.00199563 0.00024 -0.483728
0.956731 0.00199141 0.00024 -0.484724
0.958727 0.00199417 0.00024 -0.485723
0.960726 0.00199516 0.00024 -0.486723
0.962726 0.00199568 0.00024 -0.487724
0.964726 0.00199563 0.00024 -0.488724
0.966727 0.00199365 0.00024 -0.489722
0.968725 0.00199625 0.00024 -0.490724
0.970726 0.00199484 0.00024 -0.491723
0.972726 0.00199766 0.00024 -0.492726
0.974728 0.00199276 0.00024 -0.493723
0.976726 0.00199511 0.00024 -0.494723
0.978726 0.00199557 0.00024 -0.495723
0.980726 0.00199516 0.00024 -0.496723
0.982726 0.00199578 0.00024 -0.497724
0.984727 0.00199557 0.00024 -0.498724
0.986727 0.00199432 0.00024 -0.499724
0.988726 0.00199547 0.00024 -0.500724
0.990726 0.00199516 0.00024 -0.501724
0.992726 0.00199516 0.00024 -0.502724
0.994726 0.00199552 0.00024 -0.503724
0.996727 0.00199479 0.00024 -0.504724
0.998726 0.00199516 0.00024 -0.505723
1.00073 0.00199365 0.00024 -0.506722
1.00272 0.00199708 0.00024 -0.507724
1.00473 0.00199578 0.00024 -0.508725
1.00673 0.00199661 0.00024 -0.509726
1.00873 0.00200771 0.00024 -0.510738
1.01074 0.00197344 0.00024 -0.511718
1.01272 0.001995 0.00024 -0.512717
1.01472 0.00199912 -0.00954 -0.513721
1.01672 0.00199073 0.00024 -0.514717
1.01872 0.00199552 0.00024 -0.515717
1.02072 0.00199511 0.00024 -0.516717
1.02272 0.00199495 0.00024 -0.517717
1.02472 0.00199781 0.00024 -0.51872
1.02672 0.00199292 0.00024 -0.519717
1.02872 0.00202807 0.00024 -0.52075
1.03075 0.00196255 0.00024 -0.521718
1.03272 0.00199411 0.00024 -0.522716
1.03472 0.0019987 0.00024 -0.52372
1.03672 0.00199214 0.00024 -0.524717
1.03872 0.00199411 0.00024 -0.525716
1.04072 0.00199771 0.00024 -0.526718
1.04272 0.0019938 0.00024 -0.527717
1.04472 0.00200516 0.00024 -0.528727
1.04673 0.00199286 0.00024 -0.529725
1.04873 0.00199411 0.00024 -0.530723
1.05073 0.00203443 0.00024 -0.531763
1.05277 0.00196036 0.00024 -0.532728
1.05473 0.00199151 0.00024 -0.533724
1.05673 0.00198812 0.00024 -0.534717
1.05872 0.00199453 0.00024 -0.535717
1.06072 0.00199583 0.00024 -0.536717
1.06272 0.00199484 0.00024 -0.537717
1.06472 0.00200432 0.00024 -0.538726
1.06673 0.00199094 0.00024 -0.539722
1.06872 0.0019963 0.00024 -0.540723
1.07073 0.00199521 0.00024 -0.541723
1.07273 0.00199516 0.00024 -0.542723
1.07473 0.00199583 0.00024 -0.543724
1.07673 0.00199542 0.00024 -0.544724
1.07873 0.0019938 0.00024 -0.545722
1.08073 0.00199568 0.00024 -0.546723
1.08273 0.00199552 0.00024 -0.547723
1.08473 0.001995 0.00024 -0.548723
1.08673 0.00199427 0.00024 -0.549722
1.08872 0.00202151 0.00024 -0.550749
1.09075 0.0019725 0.00024 -0.551729
1.09273 0.00198937 0.00024 -0.552725
1.09473 0.0019987 0.00024 -0.553729
1.09673 0.00198917 0.00024 -0.554724
1.09873 0.00199547 0.00024 -0.555724
1.10073 0.00199276 0.00024 -0.556722
1.10272 0.00199578 0.00024 -0.557723
1.10473 0.00199937 0.00024 -0.558727
1.10673 0.00199078 0.00024 -0.559722
1.10873 0.00200406 0.00024 -0.560732
1.11073 0.00198172 0.00024 -0.561719
1.11272 0.00199474 0.00024 -0.562718
1.11472 0.00199859 0.00024 -0.563722
1.11673 0.00198995 0.00024 -0.564718
1.11872 0.00199458 0.00024 -0.565718
1.12072 0.00199448 0.00024 -0.566717
1.12272 0.00199604 0.00024 -0.567718
1.12472 0.0019975 0.00024 -0.56872
1.12672 0.00199438 0.00024 -0.569719
1.12872 0.00199318 0.00024 -0.570717
1.13072 0.00199458 0.00024 -0.571717
1.13272 0.00199547 0.00024 -0.572717
1.13472 0.00199797 0.00024 -0.57372
1.13672 0.00201208 0.00024 -0.574737
1.13874 0.00197646 0.00024 -0.575721
1.14072 0.00199005 0.00024 -0.576717
1.14272 0.00199495 0.00024 -0.577717
1.14472 0.00200781 0.00024 -0.578729
1.14673 0.00198958 0.00024 -0.579724
1.14873 0.00199547 0.00024 -0.580724
1.15073 0.00199292 0.00024 -0.581722
1.15272 0.00204338 0.00024 -0.58277
1.15477 0.0019524 0.00024 -0.583728
1.15673 0.00199135 0.00024 -0.584724
1.15873 0.00199453 0.00024 -0.585723
1.16073 0.00199448 0.00024 -0.586722
1.16273 0.00199557 0.00024 -0.587723
1.16473 0.00199578 0.00024 -0.588723
1.16673 0.00199401 0.00024 -0.589722
1.16872 0.00199687 0.00024 -0.590724
1.17073 0.00199438 0.00024 -0.591723
1.17273 0.00199443 0.00024 -0.592722
1.17472 0.00199677 0.00024 -0.593724
1.17673 0.00199339 0.00024 -0.594722
1.17872 0.00199609 0.00024 -0.595723
1.18073 0.00199453 0.00024 -0.596722
1.18272 0.00199594 0.00024 -0.597723
1.18473 0.00199568 0.00024 -0.598723
1.18673 0.00199406 0.00024 -0.599722
1.18873 0.00199531 0.00024 -0.600723
1.19073 0.00202448 0.00024 -0.601752
1.19276 0.00196562 0.00024 -0.602723
1.19473 0.00199625 0.00024 -0.603724
1.19673 0.00199391 0.00024 -0.604723
1.19873 0.00199443 0.00024 -0.605722
1.20072 0.00199542 0.00024 -0.606722
1.20272 0.0019963 -0.00954 -0.607723
1.20473 0.00199557 0.00024 -0.608724
1.20673 0.00199438 0.00024 -0.609723
1.20873 0.00200135 0.00024 -0.610729
1.21073 0.00198391 0.00024 -0.611718
1.21272 0.0019938 0.00024 -0.612717
1.21472 0.00199958 0.00024 -0.613721
1.21672 0.00199193 0.00024 -0.614718
1.21872 0.00199474 0.00024 -0.615718
1.22072 0.00199479 0.00024 -0.616717
1.22272 0.00199469 0.00024 -0.617717
1.22472 0.00199729 0.00024 -0.618719
1.22672 0.001995 0.00024 -0.619719
1.22872 0.00199391 0.00024 -0.620717
1.23072 0.00199573 0.00024 -0.621718
1.23272 0.00199495 0.00024 -0.622717
1.23472 0.00199807 0.00024 -0.62372
1.23672 0.00199161 0.00024 -0.624717
1.23872 0.00199547 0.00024 -0.625717
1.24072 0.00199578 0.00024 -0.626718
1.24272 0.00199526 0.00024 -0.627718
1.24472 0.00200167 0.00024 -0.628725
1.24673 0.00199411 0.00024 -0.629724
1.24873 0.00199484 0.00024 -0.630724
1.25073 0.0019937 0.00024 -0.631722
1.25272 0.00203734 0.00024 -0.632764
1.25477 0.00195495 0.00024 -0.633724
1.25673 0.00199469 0.00024 -0.634723
1.25873 0.00199453 0.00024 -0.635723
1.26073 0.00199526 0.00024 -0.636723
1.26273 0.00199516 0.00024 -0.637723
1.26473 0.00199599 0.00024 -0.638724
1.26673 0.00199417 0.00024 -0.639723
1.26873 0.00199583 0.00024 -0.640723
1.27073 0.00199427 0.00024 -0.641722
1.27272 0.00199615 0.00024 -0.642723
1.27473 0.00199573 0.00024 -0.643724
1.27673 0.00199406 0.00024 -0.644723
1.27873 0.0019951 0.00024 -0.645723
1.28073 0.00199568 0.00024 -0.646723
1.28273 0.00199563 0.00024 -0.647724
1.28473 0.00199432 0.00024 -0.648723
1.28673 0.00199604 0.00024 -0.649723
1.28873 0.00202745 0.00024 -0.650756
1.29076 0.00196615 0.00024 -0.651729
1.29273 0.0019912 0.00024 -0.652725
1.29473 0.00199901 0.00024 -0.653729
1.29673 0.00198922 0.00024 -0.654723
1.29873 0.00199557 0.00024 -0.655723
1.30073 0.00199401 0.00024 -0.656722
1.30272 0.00199635 0.00024 -0.657723
1.30473 0.00199771 0.00024 -0.658726
1.30673 0.00202677 0.00024 -0.659757
1.30876 0.00197031 0.00024 -0.660733
1.31074 0.0019799 0.00024 -0.661718
1.31272 0.00199615 0.00024 -0.662719
1.31472 0.00199672 0.00024 -0.66372
1.31672 0.00199047 0.00024 -0.664717
1.31872 0.00199521 0.00024 -0.665717
1.32072 0.0019949 0.00024 -0.666716
1.32272 0.00199563 0.00024 -0.667717
1.32472 0.0019975 -0.00954 -0.668719
1.32672 0.0019937 0.00024 -0.669718
1.32872 0.00199531 0.00024 -0.670718
1.33072 0.00199568 0.00024 -0.671718
1.33272 0.00199302 0.00024 -0.672716
1.33472 0.00199917 0.00024 -0.67372
1.33672 0.00199281 0.00024 -0.674718
1.33872 0.0019949 0.00024 -0.675717
1.34072 0.00199995 0.00024 -0.676722
1.34272 0.00199057 0.00024 -0.677717
1.34472 0.00199734 0.00024 -0.67872
1.34672 0.00199448 0.00024 -0.679719
1.34872 0.00199271 0.00024 -0.680716
1.35072 0.00199568 0.00024 -0.681717
1.35272 0.00199729 0.00024 -0.682719
1.35472 0.00200365 0.00024 -0.683727
1.35673 0.00198667 0.00024 -0.684719
1.35872 0.00199349 0.00024 -0.685717
1.36072 0.00199568 0.00024 -0.686717
1.36272 0.00199516 0.00024 -0.687717
1.36472 0.00199917 0.00024 -0.688721
1.36672 0.00199245 0.00024 -0.689718
1.36872 0.00199417 -0.00954 -0.690717
1.37072 0.00199615 0.00024 -0.691718
1.37272 0.00199438 0.00024 -0.692717
1.37472 0.00199781 0.00024 -0.693719
1.37672 0.00199338 0.00024 -0.694718
1.37872 0.00199484 0.00024 -0.695717
1.38072 0.00199557 0.00024 -0.696717
1.38272 0.00199448 0.00024 -0.697717
1.38472 0.00200401 -0.00954 -0.698725
1.38673 0.00199333 0.00024 -0.699723
1.38873 0.00199469 0.00024 -0.700723
1.39073 0.00199599 0.00024 -0.701724
1.39273 0.0019937 0.00024 -0.702722
1.39472 0.00199781 0.00024 -0.703724
1.39673 0.00199406 0.00024 -0.704723
1.39873 0.00199615 0.00024 -0.705724
1.40073 0.00199375 0.00024 -0.706722
1.40272 0.00199589 0.00024 -0.707723
1.40473 0.00199521 0.00024 -0.708723
1.40673 0.00200151 0.00024 -0.709729
1.40873 0.00199427 0.00024 -0.710728
1.41073 0.00198438 0.00024 -0.711718
1.41272 0.00199458 0.00024 -0.712717
1.41472 0.00200047 0.00024 -0.713722
1.41673 0.00198771 0.00024 -0.714716
1.41872 0.001995 0.00024 -0.715716
1.42072 0.00199563 0.00024 -0.716716
1.42272 0.00199839 0.00024 -0.71772
1.42472 0.00199594 0.00024 -0.71872
1.42672 0.00199307 0.00024 -0.719718
1.42872 0.00199443 0.00024 -0.720717
1.43072 0.00199516 0.00024 -0.721717
1.43272 0.00199406 0.00024 -0.722716
1.43472 0.00199849 0.00024 -0.723719
1.43672 0.00199286 0.00024 -0.724716
1.43872 0.00199573 0.00024 -0.725717
1.44072 0.00199563 0.00024 -0.726717
1.44272 0.00199448 0.00024 -0.727716
1.44472 0.00200313 0.00024 -0.728726
1.44673 0.00199422 0.00024 -0.729725
1.44873 0.00199375 0.00024 -0.730723
1.45073 0.001995 0.00024 -0.731723
1.45273 0.00199479 0.00024 -0.732722
1.45472 0.00199906 0.00024 -0.733726
1.45673 0.00199302 -0.00954 -0.734724
1.45873 0.00199443 0.00024 -0.735723
1.46073 0.00199536 0.00024 -0.736723
1.46273 0.00199474 0.00024 -0.737722
1.46473 0.00199583 0.00024 -0.738723
1.46673 0.00199349 0.00024 -0.739721
1.46872 0.0019976 0.00024 -0.740724
1.47073 0.00199453 0.00024 -0.741723
1.47273 0.00199516 0.00024 -0.742723
1.47473 0.00199578 0.00024 -0.743723
1.47673 0.00199474 0.00024 -0.744722
1.47873 0.00199599 0.00024 -0.745723
1.48073 0.00199505 0.00024 -0.746723
1.48273 0.0019951 0.00024 -0.747723
1.48473 0.001995 0.00024 -0.748722
1.48672 0.00199614 0.00024 -0.749723
1.48873 0.00199505 0.00024 -0.750723
1.49073 0.00201396 0.00024 -0.751742
1.49275 0.00197729 0.00024 -0.752725
1.49473 0.00200088 0.00024 -0.753731
1.49673 0.00198724 0.00024 -0.754723
1.49873 0.00199547 -0.00954 -0.755723
1.50073 0.00199313 0.00024 -0.756721
1.50272 0.00199641 0.00024 -0.757722
1.50472 0.00199875 0.00024 -0.758726
1.50673 0.0019913 0.00024 -0.759723
1.50873 0.00200344 0.00024 -0.760731
1.51073 0.00198063 0.00024 -0.761717
1.51272 0.00199536 0.00024 -0.762717
1.51472 0.00199797 0.00024 -0.76372
1.51672 0.00199297 0.00024 -0.764718
1.51872 0.00199349 0.00024 -0.765716
1.52072 0.00199505 0.00024 -0.766716
1.52272 0.00199474 0.00024 -0.767716
1.52472 0.00199807 0.00024 -0.768718
1.52672 0.001995 0.00024 -0.769718
1.52872 0.0019938 0.00024 -0.770717
1.53072 0.00199542 0.00024 -0.771717
1.53272 0.00199432 0.00024 -0.772716
1.53472 0.00199802 0.00024 -0.773719
1.53672 0.00199417 0.00024 -0.774717
1.53872 0.00199432 0.00024 -0.775716
1.54072 0.00199578 0.00024 -0.776717
1.54272 0.00199521 0.00024 -0.777717
1.54472 0.00200344 0.00024 -0.778725
1.54673 0.00199344 0.00024 -0.779723
1.54873 0.00199536 0.00024 -0.780723
1.55073 0.00199401 0.00024 -0.781722
1.55272 0.0019962 0.00024 -0.782723
1.55473 0.00199912 0.00024 -0.783727
1.55673 0.00199208 0.00024 -0.784723
1.55873 0.00199464 0.00024 -0.785723
1.56073 0.00199542 0.00024 -0.786723
1.56273 0.00199573 0.00024 -0.787723
1.56473 0.00199818 0.00024 -0.788727
1.56673 0.00199 0.00024 -0.789722
1.56872 0.00199573 0.00024 -0.790722
1.57072 0.0019949 0.00024 -0.791722
1.57273 0.00199536 0.00024 -0.792722
1.57473 0.00199641 0.00024 -0.793724
1.57673 0.00199458 0.00024 -0.794723
1.57873 0.0019951 0.00024 -0.795723
1.58073 0.00199589 0.00024 -0.796723
1.58273 0.00199276 0.00024 -0.797721
1.58472 0.00199693 0.00024 -0.798722
1.58673 0.00199625 0.00024 -0.799723
1.58873 0.00199432 0.00024 -0.800722
1.59073 0.0019962 0.00024 -0.801723
1.59273 0.00199432 0.00024 -0.802722
1.59473 0.00199594 0.00024 -0.803723
1.59673 0.00199463 0.00024 -0.804722
1.59873 0.00199479 0.00024 -0.805722
1.60072 0.00199505 0.00024 -0.806722
1.60272 0.00199625 0.00024 -0.807723
1.60473 0.00199563 0.00024 -0.808723
1.60673 0.00202594 0.00024 -0.809754
1.60876 0.00196995 0.00024 -0.810729
1.61073 0.00198349 0.00024 -0.811717
1.61272 0.00199568 0.00024 -0.812717
1.61472 0.00199833 0.00024 -0.81372
1.61672 0.00199193 0.00024 -0.814717
1.61872 0.001995 0.00024 -0.815717
1.62072 0.00199526 0.00024 -0.816716
1.62272 0.00199458 0.00024 -0.817716
1.62472 0.00200391 0.00024 -0.818726
1.62673 0.00198521 0.00024 -0.819717
1.62872 0.00199505 0.00024 -0.820717
1.63072 0.00199526 0.00024 -0.821717
1.63272 0.00199479 0.00024 -0.822716
1.63472 0.00200193 0.00024 -0.823723
1.63673 0.0019888 0.00024 -0.824717
1.63872 0.00199469 0.00024 -0.825716
1.64072 0.00199557 -0.00954 -0.826717
1.64272 0.0019951 0.00024 -0.827716
1.64472 0.00200328 0.00024 -0.828725
1.64673 0.00199208 0.00024 -0.829722
1.64872 0.0019963 0.00024 -0.830723
1.65073 0.00199349 0.00024 -0.831721
1.65272 0.00199646 0.00024 -0.832722
1.65472 0.00200031 0.00024 -0.833727
1.65673 0.00199188 0.00024 -0.834724
1.65873 0.00199495 0.00024 -0.835724
1.66073 0.00199474 0.00024 -0.836723
1.66273 0.00199453 0.00024 -0.837722
1.66472 0.00199646 0.00024 -0.838723
1.66673 0.00199292 0.00024 -0.839722
1.66872 0.00199703 0.00024 -0.840723
1.67073 0.00199385 0.00024 -0.841722
1.67273 0.00199531 0.00024 -0.842723
1.67473 0.00199604 0.00024 -0.843724
1.67673 0.00202391 0.00024 -0.844752
1.67875 0.00196641 0.00024 -0.845723
1.68073 0.00199401 0.00024 -0.846723
1.68273 0.00199552 0.00024 -0.847723
1.68473 0.00199438 0.00024 -0.848722
1.68672 0.00199526 -0.00954 -0.849722
1.68872 0.00199578 0.00024 -0.850723
1.69073 0.0020199 0.00024 -0.851748
1.69275 0.00197406 0.00024 -0.852728
1.69473 0.00199448 0.00024 -0.853727
1.69673 0.00199151 0.00024 -0.854724
1.69873 0.00199307 0.00024 -0.855722
1.70073 0.00199812 0.00024 -0.856726
1.70273 0.00199318 0.00024 -0.857724
1.70473 0.00199589 0.00024 -0.858725
1.70673 0.00199359 0.00024 -0.859723
1.70873 0.00200328 0.00024 -0.860731
1.71073 0.00198771 0.00024 -0.861723
1.71273 0.00199448 0.00024 -0.862723
1.71473 0.00200026 0.00024 -0.863728
1.71673 0.00199026 0.00024 -0.864723
1.71873 0.00199484 0.00024 -0.865722
1.72073 0.00199583 0.00024 -0.866723
1.72273 0.00203094 0.00024 -0.867759
1.72476 0.00196391 0.00024 -0.868727
1.72673 0.00199021 0.00024 -0.869722
1.72872 0.00199604 0.00024 -0.870723
1.73073 0.00199463 0.00024 -0.871722
1.73273 0.001995 0.00024 -0.872723
1.73473 0.00199776 0.00024 -0.873725
1.73673 0.00199281 0.00024 -0.874722
1.73872 0.00199547 0.00024 -0.875722
1.74073 0.00199552 0.00024 -0.876723
1.74273 0.00199458 0.00024 -0.877722
1.74472 0.00200521 0.00024 -0.878732
1.74673 0.00199526 0.00024 -0.879732
1.74873 0.0019938 0.00024 -0.880731
1.75073 0.00199245 0.00024 -0.881728
1.75273 0.00199594 0.00024 -0.882728
1.75473 0.00199844 0.00024 -0.883731
1.75673 0.00199432 0.00024 -0.884731
1.75873 0.00199188 0.00024 -0.885727
1.76073 0.00199625 0.00024 -0.886728
1.76273 0.00199516 0.00024 -0.887728
1.76473 0.00199776 0.00024 -0.88873
1.76673 0.00199266 0.00024 -0.889728
1.76873 0.00202984 0.00024 -0.890762
1.77076 0.00196115 -0.00954 -0.891728
1.77273 0.00199479 0.00024 -0.892727
1.77473 0.00199792 0.00024 -0.89373
1.77673 0.00199453 0.00024 -0.894729
1.77873 0.00199708 0.00024 -0.895731
1.78073 0.00199406 0.00024 -0.89673
1.78273 0.00199297 0.00024 -0.897728
1.78473 0.00199687 0.00024 -0.898729
1.78673 0.00199411 0.00024 -0.899728
1.78873 0.00199552 0.00024 -0.900728
1.79073 0.00199526 0.00024 -0.901728
1.79273 0.00199693 0.00024 -0.90273
1.79473 0.00199568 0.00024 -0.903731
1.79673 0.00199448 0.00024 -0.90473
1.79873 0.00199589 0.00024 -0.90573
1.80073 0.00199229 0.00024 -0.906727
1.80273 0.00199599 0.00024 -0.907728
1.80473 0.00199818 0.00024 -0.908731
1.80673 0.00199146 0.00024 -0.909727
1.80873 0.00200026 0.00024 -0.910732
1.81073 0.00198604 0.00024 -0.911723
1.81273 0.00199599 0.00024 -0.912724
1.81473 0.00202906 0.00024 -0.913758
1.81676 0.00196109 0.00024 -0.914724
1.81873 0.00199521 0.00024 -0.915724
1.82073 0.0019937 0.00024 -0.916722
1.82273 0.00199573 0.00024 -0.917723
1.82473 0.00199776 0.00024 -0.918726
1.82673 0.00199208 0.00024 -0.919723
1.82873 0.00199547 0.00024 -0.920723
1.83073 0.00199505 0.00024 -0.921723
1.83273 0.00199495 0.00024 -0.922723
1.83473 0.0019974 0.00024 -0.923725
1.83673 0.00199292 0.00024 -0.924723
1.83873 0.00199698 0.00024 -0.925726
1.84073 0.00199687 0.00024 -0.926728
1.84273 0.0019849 0.00024 -0.927718
1.84472 0.00199875 0.00024 -0.928721
1.84672 0.00199141 -0.00954 -0.929718
1.84872 0.00199505 0.00024 -0.930717
1.85072 0.00199411 0.00024 -0.931716
1.85272 0.00199583 0.00024 -0.932717
1.85472 0.00200172 0.00024 -0.933723
1.85673 0.00198953 0.00024 -0.934718
1.85872 0.00199484 0.00024 -0.935717
1.86072 0.00199505 0.00024 -0.936717
1.86272 0.00199542 0.00024 -0.937717
1.86472 0.00199859 0.00024 -0.938721
1.86672 0.00199292 0.00024 -0.939719
1.86872 0.00199359 0.00024 -0.940717
1.87072 0.00199516 0.00024 -0.941717
1.87272 0.00199474 0.00024 -0.942716
1.87472 0.00199792 -0.00954 -0.943719
1.87672 0.00199375 0.00024 -0.944718
1.87872 0.00199391 0.00024 -0.945717
1.88072 0.00199682 -0.00954 -0.946718
1.88272 0.00199313 0.00024 -0.947716
1.88472 0.00200302 0.00024 -0.948724
1.88673 0.001995 0.00024 -0.949724
1.88873 0.00199458 0.00024 -0.950723
1.89073 0.00201719 0.00024 -0.951746
1.89275 0.00197219 0.00024 -0.952726
1.89473 0.00200109 0.00024 -0.953732
1.89673 0.0019874 0.00024 -0.954724
1.89873 0.001995 0.00024 -0.955724
1.90073 0.0019938 0.00024 -0.956722
1.90272 0.00199625 0.00024 -0.957723
1.90473 0.00199656 0.00024 -0.958725
1.90673 0.00199344 0.00024 -0.959723
1.90873 0.00200292 0.00024 -0.960731
1.91073 0.00198115 0.00024 -0.961718
1.91272 0.00199417 0.00024 -0.962717
1.91472 0.00199771 0.00024 -0.96372
1.91672 0.00199224 0.00024 -0.964717
1.91872 0.00199521 0.00024 -0.965717
1.92072 0.00199792 0.00024 -0.96672
1.92272 0.00199359 0.00024 -0.967718
1.92472 0.00200016 0.00024 -0.968723
1.92673 0.00198953 -0.00954 -0.969717
1.92872 0.00199563 0.00024 -0.970718
1.93072 0.00199583 0.00024 -0.971719
1.93272 0.00199396 0.00024 -0.972717
1.93472 0.00199698 0.00024 -0.973719
1.93672 0.00199333 0.00024 -0.974717
1.93872 0.00199526 0.00024 -0.975718
1.94072 0.00199438 0.00024 -0.976717
1.94272 0.00199484 0.00024 -0.977716
1.94472 0.00201172 0.00024 -0.978733
1.94674 0.00198573 0.00024 -0.979724
1.94873 0.00199427 0.00024 -0.980723
1.95073 0.00199417 0.00024 -0.981722
1.95272 0.00199599 0.00024 -0.982723
1.95473 0.0020412 0.00024 -0.983769
1.95677 0.00195 0.00024 -0.984724
1.95873 0.00199474 0.00024 -0.985724
1.96073 0.00199411 0.00024 -0.986722
1.96273 0.00199547 0.00024 -0.987723
1.96473 0.0019962 0.00024 -0.988724
1.96673 0.0019938 0.00024 -0.989722
1.96872 0.00199677 0.00024 -0.990724
1.97073 0.00199474 0.00024 -0.991723
1.97273 0.00199578 0.00024 -0.992724
1.97473 0.00199505 0.00024 -0.993723
1.97673 0.00199464 0.00024 -0.994723
1.97873 0.00199583 0.00024 -0.995723
1.98073 0.00199521 0.00024 -0.996723
1.98273 0.00199536 0.00024 -0.997723
1.98473 0.0019974 0.00024 -0.998726
1.98673 0.00199198 0.00024 -0.999723
1.98873 0.00199865 0.00024 -1.00073
1.99073 0.00199078 0.00024 -1.00172
1.99273 0.00199505 0.00024 -1.00272
1.99473 0.00199547 0.00024 -1.00372
1.99673 0.00199594 0.00024 -1.00472
1.99873 0.00199281 0.00024 -1.00572
2.00073 0.00199469 0.00024 -1.00672
2.00272 0.00201062 0.00024 -1.00774
2.00474 0.00198276 0.00024 -1.00873
2.00673 0.00198969 0.00024 -1.00972
2.00873 0.00200609 -0.00954 -1.01073
2.01074 0.00198198 0.00024 -1.01172
2.01272 0.00199109 0.00024 -1.01272
2.01472 0.00199912 0.00024 -1.01372
2.01672 0.00199261 0.00024 -1.01472
2.01872 0.00199505 0.00024 -1.01572
2.02072 0.00199844 0.00024 -1.01672
2.02272 0.00199234 0.00024 -1.01772
2.02472 0.00199771 0.00024 -1.01872
2.02672 0.00199193 0.00024 -1.01972
2.02872 0.00199448 0.00024 -1.02072
2.03072 0.00199453 0.00024 -1.02172
2.03272 0.00199474 0.00024 -1.02272
2.03472 0.00199927 0.00024 -1.02372
2.03672 0.00199266 0.00024 -1.02472
2.03872 0.00199391 0.00024 -1.02572
2.04072 0.00203146 0.00024 -1.02675
2.04276 0.00195922 0.00024 -1.02772
2.04472 0.00200323 0.00024 -1.02873
2.04673 0.00199328 0.00024 -1.02972
2.04873 0.00199448 0.00024 -1.03072
2.05073 0.00199474 0.00024 -1.03172
2.05273 0.00199604 0.00024 -1.03272
2.05473 0.00199417 0.00024 -1.03372
2.05673 0.00199698 0.00024 -1.03472
