1.51e-06 -0.0195408 0.0969476
0.100261 -0.0195408 0.0969668
0.200112 -0.0195408 0.0969693
0.300108 -0.0195408 0.0969699
0.400108 -0.0195408 0.0969277
0.500107 -0.0195408 0.096931
0.600111 -0.0195408 0.0969291
0.70011 -0.0195408 0.0969726
0.800107 -0.0195408 0.0969435
0.900112 -0.0195408 0.0969603
1.00015 -0.0195408 0.0969682
1.10017 -0.0195408 0.0969669
1.20016 -0.0195408 0.0969699
1.30011 -0.0195408 0.0969694
1.40011 -0.0195408 0.0969701
1.50011 -0.0195408 0.0969326
1.60011 -0.0195408 0.0969286
1.70011 -0.0195408 0.0969703
1.80011 -0.0195408 0.096973
1.90011 -0.0195408 0.0969739
2.00011 -0.0195408 0.0969723
2.10015 -0.0195408 0.0969738
2.20015 -0.0195408 0.0969724
2.30015 -0.0195408 0.0969722
2.40011 -0.0195408 0.096972
2.50011 -0.0195408 0.0969327
2.60011 -0.0195408 0.0969338
2.70011 -0.0195408 0.0969318
2.80011 -0.0195408 0.096972
2.90011 -0.0195408 0.096973
3.00014 -0.0195408 0.096973
3.10014 -0.0195408 0.0969732
3.20015 -0.0195408 0.0969729
3.30015 -0.0195408 0.0969729
3.40011 -0.0195408 0.096973
3.50011 -0.0195408 0.0969722
3.60011 -0.0195408 0.0969334
3.70011 -0.0195408 0.0969729
3.80011 -0.0195408 0.0969722
3.90011 -0.0195408 0.0969727
4.00015 -0.0195408 0.0969722
4.10015 -0.0195408 0.0969708
4.20011 -0.0195408 0.0969706
4.30012 -0.0195408 0.0969637
4.40012 -0.0195408 0.0969194
4.50011 -0.0195408 0.0969717
4.60011 -0.0195408 0.0969728
4.70015 -0.0195408 0.0969719
4.80015 -0.0195408 0.0969715
4.90011 -0.0195408 0.0969714
5.00011 -0.0195408 0.0969334
5.10011 -0.0195408 0.0969742
5.2001 -0.0195408 0.0969728
5.30011 -0.0195408 0.0969714
5.40011 -0.0195408 0.0969734
5.50015 -0.0195408 0.096972
5.60014 -0.0195408 0.0969735
5.70011 -0.0195408 0.0969721
5.80011 -0.0195408 0.0969328
5.90011 -0.0195408 0.0969313
6.00011 -0.0195408 0.0969722
6.10015 -0.0195408 0.0969734
6.2001 -0.0195408 0.0969722
6.30011 -0.0195408 0.0969337
6.40011 -0.0195408 0.0969728
6.50013 -0.0195408 0.0969626
6.60012 -0.0195408 0.0969641
6.70011 -0.0195408 0.0969698
6.80011 -0.0195408 0.0969711
6.90011 -0.0195408 0.0969696
7.00015 -0.0195408 0.0969712
7.1001 -0.0195408 0.096971
7.2001 -0.0195408 0.0969319
7.30011 -0.0195408 0.0969318
7.40011 -0.0195408 0.0969726
7.5001 -0.0195408 0.0969725
7.60011 -0.0195408 0.0969725
7.70011 -0.0195408 0.0969731
7.80015 -0.0195408 0.0969723
7.9001 -0.0195408 0.0969713
8.00011 -0.0195408 0.0969311
8.10011 -0.0195408 0.0969738
8.20012 -0.0195408 0.0969665
8.30011 -0.0195408 0.0969691
8.40015 -0.0195408 0.0969716
8.50011 -0.0195408 0.0969725
8.60011 -0.0195408 0.0969329
8.70011 -0.0195408 0.0969332
8.8001 -0.0195408 0.0969729
8.90011 -0.0195408 0.0969705
9.00011 -0.0195408 0.096972
9.10015 -0.0195408 0.0969711
9.20011 -0.0195408 0.0969715
9.30011 -0.0195408 0.0969662
9.40011 -0.0195408 0.0969285
9.50011 -0.0195408 0.09693
9.60011 -0.0195408 0.0969311
9.70011 -0.0195408 0.0969707
9.80011 -0.0195408 0.0969729
9.90014 -0.0195408 0.0969719
10.0001 -0.0195408 0.0969722
10.1001 -0.0195408 0.0969289
10.2001 -0.0195408 0.0969718
10.3001 -0.0195408 0.0969665
10.4001 -0.0195408 0.0969698
10.5002 -0.0195408 0.0969715
10.6001 -0.0195408 0.0969692
10.7001 -0.0195408 0.0969316
10.8001 -0.0195408 0.0969334
10.9001 -0.0195408 0.0969287
11.0001 -0.0195408 0.096879
11.1001 -0.0195408 0.0969744
11.2001 -0.0195408 0.0969681
11.3001 -0.0195408 0.0969691
11.4001 -0.0195408 0.0969693
11.5001 -0.0195408 0.0969701
11.6001 -0.0195408 0.0969757
11.7001 -0.0195408 0.0969697
11.8001 -0.0195408 0.0969684
11.9001 -0.0195408 0.0969274
12.0001 -0.0195408 0.0969662
12.1001 -0.0195408 0.0969758
12.2001 -0.0195408 0.0969691
12.3001 -0.0195408 0.0969697
12.4001 -0.0195408 0.0969695
12.5001 -0.0195408 0.0969694
12.6001 -0.0195408 0.0969767
12.7001 -0.0195408 0.0969371
12.8001 -0.0195408 0.0969712
12.9001 -0.0195408 0.0969704
13.0001 -0.0195408 0.0969694
13.1002 -0.0195408 0.096975
13.2002 -0.0195408 0.0969678
13.3001 -0.0195408 0.0969295
13.4001 -0.0195408 0.0969306
13.5001 -0.0195408 0.0969692
13.6001 -0.0195408 0.0969772
13.7001 -0.0195408 0.0969688
13.8001 -0.0195408 0.0969684
13.9001 -0.0195408 0.0969684
14.0001 -0.0195408 0.0969691
14.1001 -0.0195408 0.096939
14.2001 -0.0195408 0.0969292
14.3001 -0.0195408 0.0969698
14.4001 -0.0195408 0.096969
14.5001 -0.0195408 0.0969693
14.6001 -0.0195408 0.0969765
14.7001 -0.0195408 0.0969701
14.8001 -0.0195408 0.0969388
14.9001 -0.0195408 0.0969267
15.0001 -0.0195408 0.0969695
15.1001 -0.0195408 0.0969779
15.2001 -0.0195408 0.0969758
15.3001 -0.0195408 0.0969684
15.4001 -0.0195408 0.0969295
15.5001 -0.0195408 0.0969707
15.6001 -0.0195408 0.0969771
15.7001 -0.0195408 0.0969303
15.8001 -0.0195408 0.0969708
15.9001 -0.0195408 0.0969703
16.0001 -0.0195408 0.0969693
16.1001 -0.0195408 0.0969744
16.2001 -0.0195408 0.0969302
16.3001 -0.0195408 0.0969301
16.4001 -0.0195408 0.0969296
16.5001 -0.0195408 0.0969694
16.6001 -0.0195408 0.0969774
16.7001 -0.0293112 0.0969695
16.8001 -0.0195408 0.0969283
16.9001 -0.0195408 0.0969518
17.0001 -0.0195408 0.09697
17.1001 -0.0195408 0.0969762
17.2001 -0.0195408 0.0969716
17.3001 -0.0195408 0.0969307
17.4001 -0.0195408 0.0969303
17.5001 -0.0195408 0.0969705
17.6001 -0.0195408 0.096977
17.7001 -0.0195408 0.0969687
17.8001 -0.0195408 0.0969686
17.9001 -0.0195408 0.0969309
18.0001 -0.0195408 0.0969685
18.1001 -0.0195408 0.096977
18.2001 -0.0195408 0.0969692
18.3001 -0.0195408 0.0969703
18.4001 -0.0195408 0.0969276
18.5001 -0.0195408 0.0969711
18.6001 -0.0195408 0.0969765
18.7001 -0.0195408 0.0969704
18.8001 -0.0195408 0.0969692
18.9001 -0.0195408 0.09693
19.0001 -0.0195408 0.0969769
19.1001 -0.0195408 0.0969777
19.2001 -0.0195408 0.0969694
19.3001 -0.0195408 0.0969705
19.4001 -0.0195408 0.0969693
19.5001 -0.0195408 0.0969695
19.6001 -0.0195408 0.0969769
19.7001 -0.0195408 0.09693
19.8001 -0.0195408 0.0969699
19.9001 -0.0195408 0.0969701
20.0001 -0.0195408 0.0969777
20.1001 -0.0195408 0.0969762
20.2001 -0.0195408 0.0969691
20.3001 -0.0195408 0.0969303
20.4001 -0.0195408 0.0969371
20.5001 -0.0195408 0.0969285
20.6001 -0.0195408 0.0969762
20.7001 -0.0195408 0.0969692
20.8001 -0.0195408 0.0969701
20.9001 -0.0195408 0.0969693
21.0001 -0.0195408 0.0969694
21.1001 -0.0195408 0.0969776
21.2001 -0.0195408 0.0969303
21.3001 -0.0195408 0.0969705
21.4001 -0.0195408 0.0969694
21.5001 -0.0195408 0.096971
21.6001 -0.0195408 0.0969789
21.7001 -0.0195408 0.0969272
21.8001 -0.0195408 0.0969709
21.9001 -0.0195408 0.0969697
22.0001 -0.0195408 0.0969697
22.1001 -0.0195408 0.096977
22.2001 -0.0195408 0.0969708
22.3001 -0.0195408 0.0969697
22.4001 -0.0195408 0.0969703
22.5001 -0.0195408 0.0969692
22.6001 -0.0195408 0.0969757
22.7001 -0.0195408 0.096969
22.8001 -0.0195408 0.0969315
22.9001 -0.0195408 0.0969699
23.0001 -0.0195408 0.0969698
23.1002 -0.0195408 0.0969742
23.2001 -0.0195408 0.096975
23.3001 -0.0195408 0.0969317
23.4001 -0.0195408 0.0969308
23.5001 -0.0195408 0.0969312
23.6001 -0.0195408 0.0969765
23.7001 -0.0195408 0.0969698
23.8002 -0.0195408 0.0969697
23.9001 -0.0195408 0.0969312
24.0001 -0.0195408 0.0969695
24.1001 -0.0195408 0.0969782
24.2001 -0.0195408 0.0969697
24.3001 -0.0195408 0.09697
24.4001 -0.0195408 0.0969696
24.5001 -0.0195408 0.0969699
24.6001 -0.0195408 0.0969761
24.7001 -0.0195408 0.0969284
24.8001 -0.0195408 0.0969313
24.9001 -0.0195408 0.0969695
25.0001 -0.0195408 0.0969684
25.1001 -0.0195408 0.0969759
25.2001 -0.0195408 0.096932
25.3001 -0.0195408 0.0969765
25.4001 -0.0195408 0.0969691
25.5001 -0.0195408 0.0969689
25.6001 -0.0195408 0.0969762
25.7001 -0.0195408 0.0969693
25.8001 -0.0195408 0.0969312
25.9001 -0.0195408 0.0969313
26.0001 -0.0195408 0.0969292
26.1001 -0.0195408 0.0969761
26.2001 -0.0195408 0.0969695
26.3001 -0.0195408 0.0969684
26.4001 -0.0195408 0.0969709
26.5001 -0.0195408 0.0969693
26.6001 -0.0195408 0.0969766
26.7001 -0.0195408 0.096969
26.8001 -0.0195408 0.0969299
26.9001 -0.0195408 0.0969685
27.0001 -0.0195408 0.0969688
27.1001 -0.0195408 0.0969773
27.2001 -0.0195408 0.0969704
27.3001 -0.0195408 0.0969697
27.4001 -0.0195408 0.0969764
27.5001 -0.0195408 0.0969719
27.6001 -0.0195408 0.0969763
27.7001 -0.0195408 0.0969299
27.8001 -0.0195408 0.0969699
27.9001 -0.0195408 0.0969691
28.0001 -0.0195408 0.0969695
28.1001 -0.0195408 0.0969754
28.2001 -0.0195408 0.0969306
28.3001 -0.0195408 0.0969309
28.4001 -0.0195408 0.0969695
28.5001 -0.0195408 0.0969719
28.6001 -0.0195408 0.0969774
28.7002 -0.0195408 0.0969678
28.8001 -0.0195408 0.0969698
28.9001 -0.0195408 0.0969609
29.0001 -0.0195408 0.096915
29.1001 -0.0195408 0.096974
29.2001 -0.0195408 0.0969652
29.3001 -0.0195408 0.0969667
29.4001 -0.0195408 0.0969697
29.5001 -0.0195408 0.0969769
29.6001 -0.0195408 0.0969353
29.7001 -0.0195408 0.0969292
29.8001 -0.0195408 0.0969278
29.9001 -0.0195408 0.0969694
30.0001 -0.0195408 0.0969694
30.1001 -0.0195408 0.0969762
30.2001 -0.0195408 0.0969711
30.3001 -0.0195408 0.0969699
30.4001 -0.0195408 0.0969758
30.5001 -0.0195408 0.0969679
30.6002 -0.0195408 0.0969756
30.7001 -0.0195408 0.0969299
30.8001 -0.0195408 0.0969768
30.9001 -0.0195408 0.0969681
31.0001 -0.0195408 0.0969684
31.1002 -0.0195408 0.0969767
31.2001 -0.0195408 0.0969312
31.3001 -0.0195408 0.0969321
31.4001 -0.0195408 0.0969324
31.5001 -0.0195408 0.0969281
31.6001 -0.0195408 0.0969768
31.7001 -0.0195408 0.096971
31.8001 -0.0195408 0.0969694
31.9001 -0.0195408 0.0969692
32.0001 -0.0195408 0.0969695
32.1001 -0.0195408 0.0969773
32.2001 -0.0195408 0.096931
32.3001 -0.0195408 0.0969694
32.4001 -0.0195408 0.0969694
32.5001 -0.0195408 0.0969705
32.6001 -0.0195408 0.0969771
32.7001 -0.0195408 0.0969692
32.8001 -0.0195408 0.0969695
32.9001 -0.0195408 0.0969282
33.0001 -0.0195408 0.0969694
33.1001 -0.0195408 0.0969767
33.2001 -0.0195408 0.0969693
33.3001 -0.0195408 0.0969698
33.4001 -0.0195408 0.0969316
33.5001 -0.0195408 0.0969305
33.6001 -0.0195408 0.0969771
33.7001 -0.0195408 0.0969774
33.8001 -0.0195408 0.0969694
33.9001 -0.0195408 0.0969698
34.0002 -0.0195408 0.0969663
34.1001 -0.0195408 0.0969757
34.2001 -0.0195408 0.0969303
34.3001 -0.0195408 0.0969307
34.4001 -0.0195408 0.09697
34.5001 -0.0195408 0.0969695
34.6001 -0.0195408 0.0969773
34.7002 -0.0195408 0.0969698
34.8001 -0.0195408 0.096971
34.9001 -0.0195408 0.0969696
35.0001 -0.0195408 0.096902
35.1001 -0.0195408 0.0969377
35.2001 -0.0195408 0.0969309
35.3001 -0.0195408 0.0969688
35.4001 -0.0195408 0.0969699
35.5001 -0.0195408 0.0969687
35.6001 -0.0195408 0.0969762
35.7001 -0.0195408 0.09697
35.8001 -0.0195408 0.0969389
35.9001 -0.0195408 0.09693
36.0001 -0.0195408 0.0969758
36.1001 -0.0195408 0.0969756
36.2001 -0.0195408 0.0969704
36.3001 -0.0195408 0.0969703
36.4001 -0.0195408 0.0969698
36.5001 -0.0195408 0.0969689
36.6001 -0.0195408 0.0969767
36.7001 -0.0195408 0.0969293
36.8001 -0.0195408 0.09697
36.9001 -0.0195408 0.0969695
37.0001 -0.0195408 0.0969701
37.1001 -0.0195408 0.0969755
37.2001 -0.0195408 0.0969289
37.3001 -0.0195408 0.0969703
37.4001 -0.0195408 0.0969701
37.5001 -0.0195408 0.0969695
37.6001 -0.0195408 0.0969776
37.7001 -0.0195408 0.0969319
37.8001 -0.0195408 0.0969312
37.9001 -0.0195408 0.0969777
38.0001 -0.0195408 0.0969695
38.1001 -0.0195408 0.0969764
38.2001 -0.0195408 0.0969701
38.3001 -0.0195408 0.0969694
38.4001 -0.0195408 0.0969694
38.5001 -0.0195408 0.0969302
38.6001 -0.0195408 0.096938
38.7001 -0.0195408 0.096945
38.8001 -0.0195408 0.0969698
38.9001 -0.0195408 0.0969698
39.0001 -0.0195408 0.096971
39.1001 -0.0195408 0.0969771
39.2001 -0.0195408 0.0969697
39.3001 -0.0195408 0.0969693
39.4001 -0.0195408 0.0969309
39.5001 -0.0195408 0.0969302
39.6001 -0.0195408 0.0969762
39.7001 -0.0195408 0.0969711
39.8001 -0.0195408 0.096969
39.9001 -0.0195408 0.0969691
40.0001 -0.0195408 0.0969776
40.1001 -0.0195408 0.096937
40.2001 -0.0195408 0.0969701
40.3001 -0.0195408 0.0969693
40.4001 -0.0195408 0.0969706
40.5001 -0.0195408 0.0969629
40.6001 -0.0195408 0.0969732
40.7002 -0.0195408 0.0969701
40.8002 -0.0195408 0.0969762
40.9001 -0.0195408 0.0969678
41.0001 -0.0195408 0.0969285
41.1001 -0.0195408 0.0969769
41.2001 -0.0195408 0.0969772
41.3001 -0.0195408 0.0969677
41.4001 -0.0195408 0.0969685
41.5001 -0.0195408 0.0969698
41.6001 -0.0195408 0.0969758
41.7001 -0.0195408 0.0969681
41.8001 -0.0195408 0.0969298
41.9001 -0.0195408 0.0969478
42.0001 -0.0195408 0.0969698
42.1001 -0.0195408 0.0969766
42.2001 -0.0195408 0.0969682
42.3001 -0.0195408 0.0969299
42.4001 -0.0195408 0.0969313
42.5001 -0.0195408 0.0969696
42.6001 -0.0195408 0.0969774
42.7001 -0.0195408 0.0969699
42.8001 -0.0195408 0.0969695
42.9001 -0.0195408 0.0969456
43.0001 -0.0195408 0.0969699
43.1001 -0.0195408 0.0969771
43.2001 -0.0195408 0.0969284
43.3001 -0.0195408 0.0969298
43.4001 -0.0195408 0.0969688
43.5001 -0.0195408 0.0969705
43.6001 -0.0195408 0.0969757
43.7001 -0.0195408 0.0969314
43.8001 -0.0195408 0.0969303
43.9001 -0.0195408 0.0969704
44.0001 -0.0195408 0.0969703
44.1001 -0.0195408 0.0969767
44.2001 -0.0195408 0.0969764
44.3001 -0.0195408 0.09693
44.4001 -0.0195408 0.0969307
44.5001 -0.0195408 0.0969299
44.6001 -0.0195408 0.096977
44.7001 -0.0195408 0.0969696
44.8001 -0.0195408 0.0969681
44.9002 -0.0195408 0.09697
45.0001 -0.0195408 0.096969
45.1001 -0.0195408 0.0969378
45.2001 -0.0195408 0.0969309
45.3001 -0.0195408 0.0969298
45.4001 -0.0195408 0.0969291
45.5001 -0.0195408 0.0969695
45.6001 -0.0195408 0.0969769
45.7001 -0.0195408 0.0969697
45.8001 -0.0195408 0.0969693
45.9001 -0.0195408 0.0969694
46.0001 -0.0195408 0.0969705
46.1001 -0.0195408 0.0969765
46.2001 -0.0195408 0.0969699
46.3001 -0.0195408 0.0969774
46.4001 -0.0195408 0.096977
46.5001 -0.0195408 0.0969302
46.6001 -0.0195408 0.0969765
46.7001 -0.0195408 0.0969695
46.8001 -0.0195408 0.0969697
46.9001 -0.0195408 0.0969689
47.0001 -0.0195408 0.0969693
47.1001 -0.0195408 0.0969763
47.2001 -0.0195408 0.0969702
47.3001 -0.0195408 0.0969314
47.4001 -0.0195408 0.0969736
47.5001 -0.0195408 0.0969685
47.6001 -0.0195408 0.0969511
47.7001 -0.0195408 0.0969696
47.8001 -0.0195408 0.0969693
47.9001 -0.0195408 0.0969705
48.0001 -0.0195408 0.0969311
48.1001 -0.0195408 0.0969768
48.2001 -0.0195408 0.0969696
48.3001 -0.0195408 0.0969683
48.4001 -0.0195408 0.0969764
48.5001 -0.0195408 0.0969696
48.6001 -0.0195408 0.0969765
48.7001 -0.0195408 0.09697
48.8001 -0.0195408 0.0969684
48.9001 -0.0195408 0.0969303
49.0001 -0.0195408 0.0969697
49.1001 -0.0195408 0.0969778
49.2001 -0.0195408 0.096969
49.3001 -0.0195408 0.0969705
49.4001 -0.0195408 0.0969698
49.5001 -0.0195408 0.0969298
49.6001 -0.0195408 0.0969365
49.7001 -0.0195408 0.0969698
49.8001 -0.0195408 0.0969696
49.9001 -0.0195408 0.096968
50.0001 -0.0195408 0.0969308
50.1001 -0.0195408 0.0969769
50.2001 -0.0195408 0.0969711
50.3001 -0.0195408 0.0969688
50.4001 -0.0195408 0.0969687
50.5001 -0.0195408 0.096977
50.6001 -0.0195408 0.096975
50.7001 -0.0195408 0.0969684
50.8001 -0.0195408 0.0969303
50.9001 -0.0195408 0.0969282
51.0001 -0.0195408 0.0969291
51.1001 -0.0195408 0.0969771
51.2001 -0.0195408 0.096978
51.3001 -0.0195408 0.0969693
51.4001 -0.0195408 0.0969696
51.5001 -0.0195408 0.0969703
51.6001 -0.0195408 0.0969766
51.7001 -0.0195408 0.0969686
51.8001 -0.0195408 0.0969287
51.9001 -0.0195408 0.0969277
52.0001 -0.0195408 0.0969698
52.1001 -0.0195408 0.0969771
52.2001 -0.0195408 0.0969684
52.3001 -0.0195408 0.0969694
52.4001 -0.0195408 0.0969318
52.5001 -0.0195408 0.0969711
52.6001 -0.0195408 0.0969767
52.7001 -0.0195408 0.0969699
52.8001 -0.0195408 0.09697
52.9001 -0.0195408 0.096968
53.0001 -0.0195408 0.0969273
53.1001 -0.0195408 0.0969767
53.2001 -0.0195408 0.0969704
53.3001 -0.0195408 0.0969717
53.4001 -0.0195408 0.0969699
53.5001 -0.0195408 0.0969694
53.6001 -0.0195408 0.0969385
53.7001 -0.0195408 0.0969303
53.8001 -0.0195408 0.0969691
53.9001 -0.0195408 0.0969697
54.0001 -0.0195408 0.09697
54.1001 -0.0195408 0.0969389
54.2001 -0.0195408 0.0969311
54.3001 -0.0195408 0.0969304
54.4001 -0.0195408 0.0969707
54.5001 -0.0195408 0.0969702
54.6001 -0.0195408 0.0969767
54.7001 -0.0195408 0.0969772
54.8001 -0.0195408 0.0969677
54.9001 -0.0195408 0.0969305
55.0001 -0.0195408 0.0969304
55.1001 -0.0195408 0.0969768
55.2001 -0.0195408 0.0969706
55.3001 -0.0195408 0.0969696
55.4001 -0.0195408 0.0969684
55.5001 -0.0195408 0.0969696
55.6001 -0.0195408 0.0969771
55.7001 -0.0195408 0.0969305
55.8001 -0.0195408 0.09693
55.9001 -0.0195408 0.09693
56.0001 -0.0195408 0.0969272
56.1001 -0.0195408 0.0969771
56.2001 -0.0195408 0.0969689
56.3001 -0.0195408 0.0969696
56.4001 -0.0195408 0.0969708
56.5002 -0.0195408 0.0969674
56.6001 -0.0195408 0.0969776
56.7001 -0.0195408 0.0969307
56.8001 -0.0195408 0.0969766
56.9001 -0.0195408 0.0969647
57.0002 -0.0195408 0.0969665
57.1001 -0.0195408 0.096935
57.2001 -0.0195408 0.0969713
57.3001 -0.0195408 0.0969671
57.4001 -0.0195408 0.096968
57.5001 -0.0195408 0.0969694
57.6001 -0.0195408 0.0969764
57.7002 -0.0195408 0.0969685
57.8002 -0.0195408 0.0969681
57.9001 -0.0195408 0.0969684
58.0001 -0.0195408 0.0969676
58.1001 -0.0195408 0.0969381
58.2001 -0.0195408 0.0969298
58.3001 -0.0195408 0.0969306
58.4001 -0.0195408 0.0969698
58.5001 -0.0195408 0.0969696
58.6001 -0.0195408 0.0969774
58.7001 -0.0195408 0.0969316
58.8001 -0.0195408 0.0969296
58.9001 -0.0195408 0.0969772
59.0001 -0.0195408 0.0969697
59.1001 -0.0195408 0.0969771
59.2001 -0.0195408 0.0969646
59.3001 -0.0195408 0.096963
59.4002 -0.0195408 0.0969668
59.5001 -0.0195408 0.0969278
59.6001 -0.0195408 0.0969267
59.7001 -0.0195408 0.0969668
59.8001 -0.0195408 0.0969424
59.9001 -0.0195408 0.0969696
60.0001 -0.0195408 0.0969677
60.1001 -0.0195408 0.0969755
60.2001 -0.0195408 0.0969694
60.3001 -0.0195408 0.0969304
60.4001 -0.0195408 0.0969699
60.5001 -0.0195408 0.09697
60.6001 -0.0195408 0.0969765
60.7001 -0.0195408 0.0969697
60.8001 -0.0195408 0.0969697
60.9001 -0.0195408 0.096929
61.0001 -0.0195408 0.0969753
61.1001 -0.0195408 0.0969766
61.2001 -0.0195408 0.0969696
61.3001 -0.0195408 0.0969685
61.4001 -0.0195408 0.096971
61.5001 -0.0195408 0.0969706
61.6001 -0.0195408 0.0969767
61.7001 -0.0195408 0.0969693
61.8001 -0.0195408 0.0969695
61.9001 -0.0195408 0.0969313
62.0001 -0.0195408 0.0969777
62.1001 -0.0195408 0.0969756
62.2001 -0.0195408 0.0969699
62.3001 -0.0195408 0.096969
62.4001 -0.0195408 0.0969691
62.5001 -0.0195408 0.0969697
62.6001 -0.0195408 0.0969766
62.7001 -0.0195408 0.0969685
62.8001 -0.0195408 0.0969285
62.9001 -0.0195408 0.0969313
63.0001 -0.0195408 0.0969302
63.1001 -0.0195408 0.0969774
63.2001 -0.0195408 0.0969695
63.3001 -0.0195408 0.0969697
63.4001 -0.0195408 0.0969696
63.5001 -0.0195408 0.0969735
63.6001 -0.0195408 0.0969388
63.7001 -0.0195408 0.0969309
63.8001 -0.0195408 0.0969714
63.9001 -0.0195408 0.0969703
64.0001 -0.0195408 0.0969712
64.1001 -0.0195408 0.0969371
64.2001 -0.0195408 0.096969
64.3001 -0.0195408 0.0969652
64.4001 -0.0195408 0.0969679
64.5001 -0.0195408 0.096969
64.6001 -0.0195408 0.0969749
64.7001 -0.0195408 0.0969689
64.8001 -0.0195408 0.0969277
64.9001 -0.0195408 0.0969707
65.0001 -0.0195408 0.0969692
65.1001 -0.0195408 0.0969769
65.2001 -0.0195408 0.0969752
65.3001 -0.0195408 0.0969284
65.4001 -0.0195408 0.0969693
65.5001 -0.0195408 0.0969696
65.6001 -0.0195408 0.096978
65.7001 -0.0195408 0.0969701
65.8001 -0.0195408 0.0969284
65.9001 -0.0195408 0.0969712
66.0001 -0.0195408 0.0969686
66.1001 -0.0195408 0.0969772
66.2001 -0.0195408 0.0969689
66.3001 -0.0195408 0.0969686
66.4001 -0.0195408 0.0969707
66.5018 -0.0195408 0.0959645
66.6001 -0.0195408 0.0969222
66.7001 -0.0195408 0.0969671
66.8001 -0.0195408 0.0969681
66.9001 -0.0195408 0.0969692
67.0001 -0.0195408 0.0969693
67.1001 -0.0195408 0.0969767
67.2001 -0.0195408 0.0969369
67.3001 -0.0195408 0.096936
67.4001 -0.0195408 0.0969682
67.5001 -0.0195408 0.0969696
67.6001 -0.0195408 0.0969748
67.7001 -0.0195408 0.0969279
67.8001 -0.0195408 0.0969312
67.9001 -0.0195408 0.0969304
68.0001 -0.0195408 0.0969701
68.1001 -0.0195408 0.0969772
68.2001 -0.0195408 0.0969316
68.3001 -0.0195408 0.0969268
68.4001 -0.0195408 0.0969696
68.5001 -0.0195408 0.0969697
68.6001 -0.0195408 0.0969755
68.7001 -0.0195408 0.0969312
68.8001 -0.0195408 0.0969696
68.9001 -0.0195408 0.0969692
69.0001 -0.0195408 0.0969696
69.1001 -0.0195408 0.0969772
69.2001 -0.0195408 0.09697
69.3001 -0.0195408 0.0969687
69.4001 -0.0195408 0.0969754
69.5001 -0.0195408 0.096969
69.6001 -0.0195408 0.0969099
69.7001 -0.0195408 0.0969303
69.8001 -0.0195408 0.0969308
69.9001 -0.0195408 0.0969312
70.0001 -0.0195408 0.0969693
70.1001 -0.0195408 0.0969762
70.2001 -0.0195408 0.0969698
70.3001 -0.0195408 0.0969687
70.4001 -0.0195408 0.0969684
70.5001 -0.0195408 0.0969683
70.6001 -0.0195408 0.0969778
70.7001 -0.0195408 0.0969293
70.8001 -0.0195408 0.0969699
70.9001 -0.0195408 0.0969695
71.0001 -0.0195408 0.0969704
71.1001 -0.0195408 0.0969756
71.2001 -0.0195408 0.0969313
71.3001 -0.0195408 0.0969308
71.4001 -0.0195408 0.0969688
71.5001 -0.0195408 0.0969765
71.6001 -0.0195408 0.0969757
71.7001 -0.0195408 0.0969697
71.8001 -0.0195408 0.0969289
71.9001 -0.0195408 0.0969695
72.0001 -0.0195408 0.0969772
72.1001 -0.0195408 0.0969766
72.2001 -0.0195408 0.0969699
72.3001 -0.0195408 0.0969313
72.4001 -0.0195408 0.0969376
72.5001 -0.0195408 0.0969294
72.6001 -0.0195408 0.0969768
72.7001 -0.0195408 0.0969691
72.8001 -0.0195408 0.096969
72.9001 -0.0195408 0.0969689
73.0001 -0.0195408 0.0969688
73.1001 -0.0195408 0.0969327
73.2001 -0.0195408 0.0969685
73.3001 -0.0195408 0.0969688
73.4001 -0.0195408 0.0969689
73.5001 -0.0195408 0.0969695
73.6001 -0.0195408 0.0969773
73.7001 -0.0195408 0.096969
73.8001 -0.0195408 0.096968
73.9001 -0.0195408 0.0969302
74.0001 -0.0195408 0.0969694
74.1001 -0.0195408 0.0969771
74.2001 -0.0195408 0.096969
74.3001 -0.0195408 0.0969704
74.4001 -0.0195408 0.0969289
74.5001 -0.0195408 0.0969262
74.6001 -0.0195408 0.0969373
74.7001 -0.0195408 0.0969696
74.8001 -0.0195408 0.0969696
74.9001 -0.0195408 0.0969686
75.0001 -0.0195408 0.0969303
75.1001 -0.0195408 0.0969772
75.2001 -0.0195408 0.0969695
75.3001 -0.0195408 0.0969677
75.4001 -0.0195408 0.0969694
75.5001 -0.0195408 0.0969445
75.6001 -0.0195408 0.0969373
75.7001 -0.0195408 0.0969382
75.8001 -0.0195408 0.0969302
75.9001 -0.0195408 0.0969308
76.0001 -0.0195408 0.096929
76.1001 -0.0195408 0.0969775
76.2001 -0.0195408 0.0969712
76.3001 -0.0195408 0.0969686
76.4001 -0.0195408 0.0969293
76.5001 -0.0195408 0.0969447
76.6001 -0.0195408 0.0969759
76.7001 -0.0195408 0.0969696
76.8001 -0.0195408 0.0969697
76.9001 -0.0195408 0.0969682
77.0001 -0.0195408 0.0969696
77.1001 -0.0195408 0.0969764
77.2001 -0.0195408 0.0969316
77.3001 -0.0195408 0.0969309
77.4001 -0.0195408 0.09697
77.5001 -0.0195408 0.0969704
77.6001 -0.0195408 0.0969757
77.7001 -0.0195408 0.0969308
77.8001 -0.0195408 0.0969775
77.9001 -0.0195408 0.0969692
78.0001 -0.0195408 0.0969704
78.1001 -0.0195408 0.0969769
78.2001 -0.0195408 0.0969694
78.3001 -0.0195408 0.0969291
78.4001 -0.0195408 0.0969307
78.5001 -0.0195408 0.0969695
78.6001 -0.0195408 0.0969766
78.7001 -0.0195408 0.0969682
78.8001 -0.0195408 0.0969309
78.9001 -0.0195408 0.096931
79.0001 -0.0195408 0.0969309
79.1001 -0.0195408 0.0969776
79.2001 -0.0195408 0.0969708
79.3001 -0.0195408 0.0969698
79.4001 -0.0195408 0.0969686
79.5001 -0.0195408 0.0969704
79.6001 -0.0195408 0.0969759
79.7001 -0.0195408 0.0969695
79.8001 -0.0195408 0.0969694
79.9001 -0.0195408 0.0969761
80.0001 -0.0195408 0.0969701
80.1001 -0.0195408 0.0969383
80.2001 -0.0195408 0.0969735
80.3001 -0.0195408 0.0969695
80.4001 -0.0195408 0.0969685
80.5001 -0.0195408 0.09693
80.6001 -0.0195408 0.0969769
80.7001 -0.0195408 0.0969687
80.8001 -0.0195408 0.0969694
80.9001 -0.0195408 0.0969687
81.0001 -0.0195408 0.0969698
81.1001 -0.0195408 0.0969763
81.2001 -0.0195408 0.0969441
81.3001 -0.0195408 0.096931
81.4001 -0.0195408 0.0969702
81.5001 -0.0195408 0.0969696
81.6001 -0.0195408 0.0969377
81.7001 -0.0195408 0.096931
81.8001 -0.0195408 0.0969699
81.9001 -0.0195408 0.0969704
82.0001 -0.0195408 0.0969772
82.1001 -0.0195408 0.0969388
82.2001 -0.0195408 0.0969316
82.3001 -0.0195408 0.0969301
82.4001 -0.0195408 0.0969768
82.5001 -0.0195408 0.0969708
82.6001 -0.0195408 0.0969773
82.7001 -0.0195408 0.0969303
82.8001 -0.0195408 0.0969771
82.9001 -0.0195408 0.0969688
83.0001 -0.0195408 0.0969697
83.1001 -0.0195408 0.0969746
83.2001 -0.0195408 0.0969319
83.3001 -0.0195408 0.0969297
83.4001 -0.0195408 0.0969312
83.5001 -0.0195408 0.0969699
83.6001 -0.0195408 0.0969758
83.7001 -0.0195408 0.0969699
83.8001 -0.0195408 0.0969698
83.9001 -0.0195408 0.0969702
84.0001 -0.0195408 0.096931
84.1001 -0.0195408 0.096938
84.2001 -0.0195408 0.0969696
84.3001 -0.0195408 0.0969685
84.4001 -0.0195408 0.0969696
84.5001 -0.0195408 0.096969
84.6001 -0.0195408 0.0969389
84.7001 -0.0195408 0.0969314
84.8001 -0.0195408 0.0969702
84.9001 -0.0195408 0.0969678
85.0001 -0.0195408 0.0969696
85.1001 -0.0195408 0.0969767
85.2001 -0.0195408 0.096971
85.3001 -0.0195408 0.0969689
85.4001 -0.0195408 0.0969304
85.5001 -0.0195408 0.0969692
85.6001 -0.0195408 0.0969761
85.7001 -0.0195408 0.0969705
85.8001 -0.0195408 0.0969694
85.9001 -0.0195408 0.0969305
86.0001 -0.0195408 0.0969302
86.1001 -0.0195408 0.0969778
86.2001 -0.0195408 0.0969773
86.3001 -0.0195408 0.0969692
86.4001 -0.0195408 0.0969697
86.5001 -0.0195408 0.0969693
86.6001 -0.0195408 0.096977
86.7001 -0.0195408 0.0969694
86.8001 -0.0195408 0.0969695
86.9001 -0.0195408 0.0969693
87.0001 -0.0195408 0.0969293
87.1001 -0.0195408 0.0969746
87.2001 -0.0195408 0.0969696
87.3001 -0.0195408 0.0969698
87.4001 -0.0195408 0.0969685
87.5001 -0.0195408 0.0969696
87.6001 -0.0195408 0.0969766
87.7002 -0.0195408 0.0969673
87.8001 -0.0195408 0.0969691
87.9001 -0.0195408 0.0969715
88.0001 -0.0195408 0.0969376
88.1001 -0.0195408 0.096938
88.2001 -0.0195408 0.0969293
88.3001 -0.0195408 0.0969771
88.4001 -0.0195408 0.0969696
88.5001 -0.0195408 0.0969705
88.6001 -0.0195408 0.0969384
88.7001 -0.0195408 0.096931
88.8001 -0.0195408 0.0969697
88.9001 -0.0195408 0.0969694
89.0001 -0.0195408 0.0969703
89.1001 -0.0195408 0.0969743
89.2001 -0.0195408 0.0969284
89.3001 -0.0195408 0.0969712
89.4001 -0.0195408 0.0969701
89.5001 -0.0195408 0.09697
89.6002 -0.0195408 0.0959702
89.7002 -0.0195408 0.0969649
89.8001 -0.0195408 0.0969668
89.9001 -0.0195408 0.0969248
90.0001 -0.0195408 0.0969291
90.1001 -0.0195408 0.096935
90.2001 -0.0195408 0.0969695
90.3002 -0.0195408 0.0969686
90.4001 -0.0195408 0.0969736
90.5001 -0.0195408 0.0969298
90.6001 -0.0195408 0.0969762
90.7001 -0.0195408 0.0969692
90.8001 -0.0195408 0.0969695
90.9001 -0.0195408 0.0969687
91.0001 -0.0195408 0.0969696
91.1001 -0.0195408 0.0969773
91.2001 -0.0195408 0.096967
91.3001 -0.0195408 0.0969692
91.4001 -0.0195408 0.0969291
91.5001 -0.0195408 0.096969
91.6001 -0.0195408 0.0969773
91.7002 -0.0195408 0.0969697
91.8001 -0.0195408 0.0969699
91.9001 -0.0195408 0.0969303
92.0001 -0.0195408 0.0969711
92.1001 -0.0195408 0.0969772
92.2001 -0.0195408 0.0969689
92.3001 -0.0195408 0.0969693
92.4001 -0.0195408 0.0969702
92.5001 -0.0195408 0.0969388
92.6001 -0.0195408 0.0969386
92.7001 -0.0195408 0.0969307
92.8001 -0.0195408 0.0969776
92.9001 -0.0195408 0.0969695
93.0001 -0.0195408 0.0969699
93.1001 -0.0195408 0.096977
93.2001 -0.0195408 0.0969772
93.3001 -0.0195408 0.0969689
93.4001 -0.0195408 0.0969673
93.5001 -0.0195408 0.0969306
93.6001 -0.0195408 0.0969532
93.7001 -0.0195408 0.0969698
93.8001 -0.0195408 0.0969691
93.9001 -0.0195408 0.0969702
94.0001 -0.0195408 0.0969701
94.1001 -0.0195408 0.0969768
94.2001 -0.0195408 0.0969692
94.3001 -0.0195408 0.0969299
94.4001 -0.0195408 0.0969322
94.5001 -0.0195408 0.0969698
94.6001 -0.0195408 0.0969746
94.7001 -0.0195408 0.0969679
94.8001 -0.0195408 0.096971
94.9001 -0.0195408 0.0969264
95.0001 -0.0195408 0.0969704
95.1001 -0.0195408 0.0969764
95.2001 -0.0195408 0.0969688
95.3001 -0.0195408 0.0969701
95.4001 -0.0195408 0.0969681
95.5001 -0.0195408 0.0969295
95.6001 -0.0195408 0.0969392
95.7001 -0.0195408 0.0969306
95.8001 -0.0195408 0.0969302
95.9001 -0.0195408 0.0969694
96.0001 -0.0195408 0.0969685
96.1001 -0.0195408 0.0969772
96.2002 -0.0195408 0.0969708
96.3001 -0.0195408 0.096969
96.4001 -0.0195408 0.0969694
96.5001 -0.0195408 0.0969305
96.6001 -0.0195408 0.0969781
96.7001 -0.0195408 0.0969767
96.8001 -0.0195408 0.0969703
96.9001 -0.0195408 0.0969695
97.0001 -0.0195408 0.09697
97.1001 -0.0195408 0.0969768
97.2001 -0.0195408 0.0969686
97.3001 -0.0195408 0.0969312
97.4001 -0.0195408 0.0969306
97.5001 -0.0195408 0.0969683
97.6001 -0.0195408 0.096976
97.7001 -0.0195408 0.0969687
97.8001 -0.0195408 0.0969688
97.9001 -0.0195408 0.0969291
98.0001 -0.0195408 0.0969309
98.1001 -0.0195408 0.096938
98.2001 -0.0195408 0.0969696
98.3001 -0.0195408 0.0969689
98.4002 -0.0195408 0.0969743
98.5001 -0.0195408 0.0969667
98.6001 -0.0195408 0.0969746
98.7001 -0.0195408 0.0969042
98.8001 -0.0195408 0.0969387
98.9001 -0.0195408 0.0969312
99.0001 -0.0195408 0.0969282
99.1001 -0.0195408 0.0969773
99.2001 -0.0195408 0.0969702
99.3001 -0.0195408 0.0969705
99.4001 -0.0195408 0.0969703
99.5001 -0.0195408 0.0969677
99.6001 -0.0195408 0.096977
99.7001 -0.0195408 0.0969716
99.8001 -0.0195408 0.0969306
99.9001 -0.0195408 0.0969309
100 -0.0195408 0.0969314
100.1 -0.0195408 0.096976
100.2 -0.0195408 0.0969688
100.3 -0.0195408 0.0969709
100.4 -0.0195408 0.0969689
100.5 -0.0195408 0.0969692
100.6 -0.0195408 0.0969763
100.7 -0.0195408 0.0969694
100.8 -0.0195408 0.0969673
100.9 -0.0195408 0.0969339
101 -0.0195408 0.0969298
101.1 -0.0195408 0.0969772
101.2 -0.0195408 0.0969697
101.3 -0.0195408 0.0969694
101.4 -0.0195408 0.0969285
101.5 -0.0195408 0.0969699
101.6 -0.0195408 0.0969758
101.7 -0.0195408 0.0969683
101.8 -0.0195408 0.0969687
101.9 -0.0195408 0.096969
102 -0.0195408 0.0969302
102.1 -0.0195408 0.0969769
102.2 -0.0195408 0.0969699
102.3 -0.0195408 0.0969708
