1.719e-06 -0.0195408 0.00717615
0.0102264 -0.0195408 0.00719474
0.0201322 -0.0195408 0.00719677
0.0301076 -0.0195408 0.00720172
0.0400995 -0.0195408 0.00720021
0.0501067 -0.0195408 0.00720266
0.0601051 -0.0195408 0.00720391
0.0701047 -0.0195408 0.00720354
0.0801051 -0.0195408 0.00716932
0.0901061 -0.0195408 0.00720375
0.100106 -0.0195408 0.00720391
0.1101 -0.0195408 0.00720542
0.1201 -0.0195408 0.00720167
0.130106 -0.0195408 0.00720286
0.14011 -0.0195408 0.0071976
0.150108 -0.0195408 0.00720057
0.160106 -0.0195408 0.00720391
0.170106 -0.0195408 0.00720469
0.180105 -0.0195408 0.0072037
0.190104 -0.0195408 0.00720344
0.200105 -0.0195408 0.00720495
0.210104 -0.0195408 0.00720505
0.220104 -0.0195408 0.00715807
0.230106 -0.0195408 0.00720359
0.240105 -0.0195408 0.00720443
0.250098 -0.0195408 0.0072013
0.260105 -0.0195408 0.00720323
0.270106 -0.0195408 0.00720417
0.280104 -0.0195408 0.00720443
0.290105 -0.0195408 0.00720427
0.300105 -0.0195408 0.00720349
0.310104 -0.0195408 0.00720385
0.320105 -0.0195408 0.00720292
0.330147 -0.0195408 0.00720432
0.340105 -0.0195408 0.00720422
0.350104 -0.0195408 0.00720385
0.360106 -0.0195408 0.00720411
0.370099 -0.0195408 0.00720161
0.380105 -0.0195408 0.00720443
0.390104 -0.0195408 0.00720411
0.400105 -0.0195408 0.00720521
0.410104 -0.0195408 0.00720458
0.420105 -0.0195408 0.00720406
0.430105 -0.0195408 0.00719125
0.440106 -0.0195408 0.00719766
0.450105 -0.0195408 0.00720427
0.4601 -0.0195408 0.00720182
0.470105 -0.0195408 0.00720349
0.480105 -0.0195408 0.0072038
0.490104 -0.0195408 0.0072038
0.500105 -0.0195408 0.00720443
0.510099 -0.0195408 0.0071862
0.520106 -0.0195408 0.00719781
0.530105 -0.0195408 0.00715875
0.540107 -0.0195408 0.00720224
0.550105 -0.0195408 0.00720437
0.560105 -0.0195408 0.00720333
0.570104 -0.0195408 0.00717286
0.580105 -0.0195408 0.00720464
0.590105 -0.0195408 0.00720464
0.600105 -0.0195408 0.00720349
0.610106 -0.0195408 0.00720375
0.620099 -0.0195408 0.00720057
0.630106 -0.0195408 0.00720333
0.640147 -0.0195408 0.00720297
0.650107 -0.0195408 0.00720432
0.660105 -0.0195408 0.00720338
0.670099 -0.0195408 0.00720156
0.680105 -0.0195408 0.00720313
0.690105 -0.0195408 0.00720412
0.700106 -0.0195408 0.00720344
0.710105 -0.0195408 0.0072037
0.720104 -0.0195408 0.00720401
0.730104 -0.0195408 0.00720359
0.740104 -0.0195408 0.00720635
0.750105 -0.0195408 0.00720406
0.760106 -0.0195408 0.00720344
0.770105 -0.0195408 0.00720396
0.780105 -0.0195408 0.00720437
0.790105 -0.0195408 0.00720417
0.800106 -0.0195408 0.00720443
0.810105 -0.0195408 0.00720365
0.820105 -0.0195408 0.00720391
0.830104 -0.0195408 0.00720318
0.840106 -0.0195408 0.00716344
0.850106 -0.0195408 0.00720338
0.860106 -0.0195408 0.00720302
0.870098 -0.0195408 0.00720859
0.880099 -0.0195408 0.00720411
0.890105 -0.0195408 0.00720594
0.900105 -0.0195408 0.00720432
0.910105 -0.0195408 0.00720037
0.920106 -0.0195408 0.00720349
0.930105 -0.0195408 0.00720401
0.940104 -0.0195408 0.00720328
0.950145 -0.0195408 0.00720297
0.960107 -0.0195408 0.00720349
0.970105 -0.0195408 0.00720448
0.980105 -0.0195408 0.00720406
0.990105 -0.0195408 0.00718026
1.00011 -0.0195408 0.00720313
1.0101 -0.0195408 0.00720339
1.02011 -0.0195408 0.0072038
1.0301 -0.0195408 0.00720385
1.0401 -0.0195408 0.00720448
1.0501 -0.0195408 0.00716359
1.06011 -0.0195408 0.00720412
1.07011 -0.0195408 0.00720443
1.0801 -0.0195408 0.00720318
1.0901 -0.0195408 0.00720219
1.10011 -0.0195408 0.00720365
1.11011 -0.0195408 0.00720432
1.1201 -0.0195408 0.00720234
1.1301 -0.0195408 0.00720287
1.1401 -0.0195408 0.0072051
1.1501 -0.0195408 0.0072037
1.16015 -0.0195408 0.00720406
1.1701 -0.0195408 0.00720349
1.1801 -0.0195408 0.00720443
1.1901 -0.0195408 0.00720323
1.20011 -0.0195408 0.00720464
1.2101 -0.0195408 0.00720427
1.22011 -0.0195408 0.00720542
1.2301 -0.0195408 0.00720349
1.24011 -0.0195408 0.00720448
1.25011 -0.0195408 0.00720359
1.26014 -0.0195408 0.00720297
1.27011 -0.0195408 0.00720432
1.2801 -0.0195408 0.0072049
1.2901 -0.0195408 0.00720443
1.3001 -0.0195408 0.00720271
1.31011 -0.0195408 0.00720432
1.3201 -0.0195408 0.00720339
1.33011 -0.0195408 0.00718005
1.3401 -0.0195408 0.00720417
1.3501 -0.0195408 0.00720469
1.36014 -0.0195408 0.0072037
1.3701 -0.0195408 0.00720339
1.3801 -0.0195408 0.0072051
1.3901 -0.0195408 0.00720542
1.4001 -0.0195408 0.00720432
1.4101 -0.0195408 0.00720615
1.4201 -0.0195408 0.00720552
1.4301 -0.0195408 0.00720458
1.4401 -0.0195408 0.00720745
1.45011 -0.0195408 0.00720198
1.4601 -0.0195408 0.00716297
1.4701 -0.0195408 0.00720302
1.48011 -0.0195408 0.00720297
1.4901 -0.0195408 0.00720339
1.5001 -0.0195408 0.00721969
1.5101 -0.0195408 0.00720167
1.5201 -0.0195408 0.00720375
1.53011 -0.0195408 0.00720458
1.5401 -0.0195408 0.00720443
1.5501 -0.0195408 0.00720208
1.56011 -0.0195408 0.00716313
1.57011 -0.0195408 0.00720318
1.5801 -0.0195408 0.00720375
1.59011 -0.0195408 0.00720365
1.60011 -0.0195408 0.00720464
1.6101 -0.0195408 0.00720375
1.6201 -0.0195408 0.0072025
1.63011 -0.0195408 0.00720323
1.64011 -0.0195408 0.00720453
1.65011 -0.0195408 0.00720537
1.66011 -0.0195408 0.00720411
1.67015 -0.0195408 0.00717812
1.68011 -0.0195408 0.0072038
1.69011 -0.0195408 0.00720474
1.7001 -0.0195408 0.00720391
1.71011 -0.0195408 0.00720432
1.7201 -0.0195408 0.00720281
1.7301 -0.0195408 0.0072037
1.74011 -0.0195408 0.00720437
1.7501 -0.0195408 0.0072049
1.7601 -0.0195408 0.00720443
1.77015 -0.0195408 0.0072026
1.7801 -0.0195408 0.00720464
1.79011 -0.0195408 0.00720349
1.80011 -0.0195408 0.00720365
1.81011 -0.0195408 0.00720386
1.82011 -0.0195408 0.00720547
1.8301 -0.0195408 0.0072037
1.84011 -0.0195408 0.00720375
1.85011 -0.0195408 0.00720359
1.8601 -0.0195408 0.00720458
1.8701 -0.0195408 0.0072026
1.88011 -0.0195408 0.00720427
1.8901 -0.0195408 0.00720412
1.90011 -0.0195408 0.00720495
1.9101 -0.0195408 0.00720328
1.92011 -0.0195408 0.00720458
1.9301 -0.0195408 0.00720193
1.94011 -0.0195408 0.00720391
1.9501 -0.0195408 0.00720458
1.96011 -0.0195408 0.00720479
1.9701 -0.0195408 0.00716255
1.98011 -0.0195408 0.00720313
1.99011 -0.0195408 0.00720339
2.00011 -0.0195408 0.00720386
2.0101 -0.0195408 0.00717823
2.02011 -0.0195408 0.00720386
2.0301 -0.0195408 0.00720339
2.04011 -0.0195408 0.00720323
2.0501 -0.0195408 0.00720438
2.06011 -0.0195408 0.00720438
2.0701 -0.0195408 0.00720458
2.08015 -0.0195408 0.00720313
2.0901 -0.0195408 0.00720307
2.1001 -0.0195408 0.00720411
2.11011 -0.0195408 0.00720328
2.1201 -0.0195408 0.0072026
2.13011 -0.0195408 0.00720448
2.1401 -0.0195408 0.007205
2.15011 -0.0195408 0.00720432
2.16011 -0.0195408 0.00720484
2.17011 -0.0195408 0.00720396
2.18015 -0.0195408 0.00721078
2.1901 -0.0195408 0.00719776
2.20011 -0.0195408 0.00720302
2.21011 -0.0195408 0.0072037
2.2201 -0.0195408 0.0072037
2.2301 -0.0195408 0.00720458
2.2401 -0.0195408 0.00720349
2.2501 -0.0195408 0.00720276
2.2601 -0.0195408 0.0072038
2.27011 -0.0195408 0.0072038
2.28011 -0.0195408 0.00716318
2.29011 -0.0195408 0.00720318
2.30011 -0.0195408 0.007205
2.31011 -0.0195408 0.00720432
2.3201 -0.0195408 0.00720401
2.3301 -0.0195408 0.00717865
2.34011 -0.0195408 0.00720365
2.3501 -0.0195408 0.00720328
2.3601 -0.0195408 0.00720396
2.3701 -0.0195408 0.00720208
2.38011 -0.0195408 0.00720411
2.39015 -0.0195408 0.00720229
2.40011 -0.0195408 0.0072037
2.41011 -0.0195408 0.00720063
2.4201 -0.0195408 0.00720526
2.43011 -0.0195408 0.0072038
2.4401 -0.0195408 0.00720391
2.4501 -0.0195408 0.00720484
2.4601 -0.0195408 0.00720427
2.47011 -0.0195408 0.00720307
2.4801 -0.0195408 0.00720432
2.49015 -0.0195408 0.00720255
2.50011 -0.0195408 0.00720636
2.5101 -0.0195408 0.00720469
2.5201 -0.0195408 0.00720417
2.53011 -0.0195408 0.00720323
2.54011 -0.0195408 0.00720464
2.55011 -0.0195408 0.00720411
2.5601 -0.0195408 0.00720313
2.57011 -0.0195408 0.0072038
2.58011 -0.0195408 0.00720344
2.5901 -0.0195408 0.00719625
2.60011 -0.0195408 0.00720365
2.61011 -0.0195408 0.00720411
2.6201 -0.0195408 0.00720073
2.6301 -0.0195408 0.00720432
2.6401 -0.0195408 0.00720406
2.6501 -0.0195408 0.00720422
2.6601 -0.0195408 0.00720411
2.6701 -0.0195408 0.00720396
2.68011 -0.0195408 0.00720458
2.6901 -0.0195408 0.00716182
2.70011 -0.0195408 0.00720375
2.71011 -0.0195408 0.00720411
2.72011 -0.0195408 0.00720453
2.7301 -0.0195408 0.00720458
2.7401 -0.0195408 0.0072037
2.7501 -0.0195408 0.00720411
2.7601 -0.0195408 0.00720557
2.7701 -0.0195408 0.00720318
2.78011 -0.0195408 0.00720188
2.7901 -0.0195408 0.00720438
2.80015 -0.0195408 0.00720224
2.81011 -0.0195408 0.00720391
2.82011 -0.0195408 0.00720448
2.8301 -0.0195408 0.00720516
2.84011 -0.0195408 0.00720458
2.85011 -0.0195408 0.00720396
2.8601 -0.0195408 0.00720396
2.8701 -0.0195408 0.00720266
2.8801 -0.0195408 0.00720333
2.89011 -0.0195408 0.00720453
2.90015 -0.0195408 0.00720401
2.9101 -0.0195408 0.00720411
2.9201 -0.0195408 0.00720469
2.9301 -0.0195408 0.00720438
2.9401 -0.0195408 0.00720438
2.95011 -0.0195408 0.00720505
2.96011 -0.0195408 0.00720375
2.9701 -0.0195408 0.00720417
2.9801 -0.0195408 0.00720271
2.9901 -0.0195408 0.00720396
3.00011 -0.0195408 0.00720292
3.01011 -0.0195408 0.00720219
3.02011 -0.0195408 0.00720396
3.03011 -0.0195408 0.00720453
3.04011 -0.0195408 0.00720464
3.05011 -0.0195408 0.0072051
3.0601 -0.0195408 0.00720427
3.07011 -0.0195408 0.00720474
3.08011 -0.0195408 0.00720339
3.09011 -0.0195408 0.00717911
3.10011 -0.0195408 0.00716354
3.11011 -0.0195408 0.00720323
3.1201 -0.0195408 0.00720177
3.13011 -0.0195408 0.00720354
3.14011 -0.0195408 0.00720417
3.15011 -0.0195408 0.00720469
3.16011 -0.0195408 0.00720412
3.17011 -0.0195408 0.00720448
3.1801 -0.0195408 0.00720432
3.1901 -0.0195408 0.00720302
3.20011 -0.0195408 0.00716432
3.21011 -0.0195408 0.00720339
3.22011 -0.0195408 0.00720448
3.2301 -0.0195408 0.00719625
3.24011 -0.0195408 0.00720344
3.25011 -0.0195408 0.00720443
3.2601 -0.0195408 0.00720604
3.27011 -0.0195408 0.00720448
3.2801 -0.0195408 0.00720396
3.2901 -0.0195408 0.007205
3.30011 -0.0195408 0.00720469
3.31015 -0.0195408 0.00720339
3.32011 -0.0195408 0.00720427
3.33011 -0.0195408 0.0072037
3.34011 -0.0195408 0.00720453
3.3501 -0.0195408 0.00720448
3.36011 -0.0195408 0.00720479
3.3701 -0.0195408 0.00720292
3.38011 -0.0195408 0.00720375
3.3901 -0.0195408 0.00720448
3.4001 -0.0195408 0.00720557
3.41014 -0.0195408 0.00720271
3.42011 -0.0195408 0.00720427
3.4301 -0.0195408 0.00720302
3.4401 -0.0195408 0.00720396
3.45011 -0.0195408 0.00720412
3.4601 -0.0195408 0.00720427
3.4701 -0.0195408 0.00720432
3.4801 -0.0195408 0.00720484
3.49011 -0.0195408 0.00720427
3.5001 -0.0195408 0.00720427
3.51015 -0.0195408 0.00720333
3.5201 -0.0195408 0.00720323
3.53011 -0.0195408 0.00720412
3.5401 -0.0195408 0.00720458
3.55011 -0.0195408 0.00720432
3.56011 -0.0195408 0.00720448
3.57011 -0.0195408 0.0072036
3.5801 -0.0195408 0.00720412
3.5901 -0.0195408 0.00720521
3.6001 -0.0195408 0.00720438
3.61014 -0.0195408 0.00720891
3.6201 -0.0195408 0.00720943
3.6301 -0.0195408 0.00720255
3.64011 -0.0195408 0.00720417
3.6501 -0.0195408 0.00720292
3.6601 -0.0195408 0.00720333
3.67011 -0.0195408 0.00720474
3.68011 -0.0195408 0.00720526
3.6901 -0.0195408 0.00720354
3.7001 -0.0195408 0.00720412
3.7101 -0.0195408 0.0072026
3.7201 -0.0195408 0.00720505
3.7301 -0.0195408 0.00720354
3.74011 -0.0195408 0.00720396
3.75011 -0.0195408 0.0072038
3.7601 -0.0195408 0.0072038
3.77011 -0.0195408 0.0072025
3.78011 -0.0195408 0.00720354
3.7901 -0.0195408 0.00720427
3.8001 -0.0195408 0.00720438
3.8101 -0.0195408 0.00716339
3.8201 -0.0195408 0.00720281
3.83011 -0.0195408 0.00720391
3.84011 -0.0195408 0.00720313
3.85011 -0.0195408 0.00717958
3.86011 -0.0195408 0.00720333
3.8701 -0.0195408 0.00720307
3.8801 -0.0195408 0.00720349
3.8901 -0.0195408 0.00720417
3.9001 -0.0195408 0.00720365
3.9101 -0.0195408 0.00716354
3.92011 -0.0195408 0.00720328
3.9301 -0.0195408 0.0072038
3.94011 -0.0195408 0.00720245
3.9501 -0.0195408 0.00720438
3.9601 -0.0195408 0.00720417
3.9701 -0.0195408 0.00720443
3.98011 -0.0195408 0.00720432
3.9901 -0.0195408 0.00720427
4.0001 -0.0195408 0.00720484
4.01011 -0.0195408 0.0071637
4.02011 -0.0195408 0.0072111
4.0301 -0.0195408 0.00720281
4.0401 -0.0195408 0.00720375
4.05011 -0.0195408 0.0072038
4.0601 -0.0195408 0.00720943
4.07011 -0.0195408 0.00720318
4.08011 -0.0195408 0.00720448
4.0901 -0.0195408 0.00720365
4.1001 -0.0195408 0.00720328
4.11011 -0.0195408 0.00716391
4.1201 -0.0195408 0.00720297
4.13011 -0.0195408 0.00720328
4.14011 -0.0195408 0.00720427
4.15011 -0.0195408 0.0072038
4.1601 -0.0195408 0.00720318
4.17011 -0.0195408 0.00720438
4.18011 -0.0195408 0.00720422
4.19011 -0.0195408 0.00717917
4.20011 -0.0195408 0.00720443
4.2101 -0.0195408 0.0071625
4.22011 -0.0195408 0.00720406
4.2301 -0.0195408 0.00720339
4.2401 -0.0195408 0.00720365
4.2501 -0.0195408 0.00720406
4.26011 -0.0195408 0.00720438
4.2701 -0.0195408 0.00720307
4.28011 -0.0195408 0.00720406
4.29011 -0.0195408 0.00720412
4.30011 -0.0195408 0.0072037
4.31011 -0.0195408 0.0072037
4.32014 -0.0195408 0.00720354
4.3301 -0.0195408 0.00720448
4.34011 -0.0195408 0.007205
4.3501 -0.0195408 0.00720427
4.36011 -0.0195408 0.00720396
4.3701 -0.0195408 0.00720333
4.3801 -0.0195408 0.00720339
4.3901 -0.0195408 0.00720469
4.4001 -0.0195408 0.00720438
4.41011 -0.0195408 0.00720432
4.42014 -0.0195408 0.00720406
4.43011 -0.0195408 0.00720214
4.4401 -0.0195408 0.00720375
4.4501 -0.0195408 0.00720412
4.4601 -0.0195408 0.00720448
4.4701 -0.0195408 0.00720511
4.48011 -0.0195408 0.00720432
4.4901 -0.0195408 0.00720516
4.5001 -0.0195408 0.00720432
4.51011 -0.0195408 0.00720459
4.5201 -0.0195408 0.00716193
4.53011 -0.0195408 0.00720344
4.54011 -0.0195408 0.00720448
4.5501 -0.0195408 0.00720427
4.5601 -0.0195408 0.00720427
4.57011 -0.0195408 0.00720417
4.58011 -0.0195408 0.00720307
4.59011 -0.0195408 0.00719526
4.60011 -0.0195408 0.00720287
4.61011 -0.0195408 0.00720276
4.6201 -0.0195408 0.00720136
4.63015 -0.0195408 0.00718557
4.64011 -0.0195408 0.0072024
4.65011 -0.0195408 0.00720479
4.6601 -0.0195408 0.00720589
4.6701 -0.0195408 0.00719037
4.68011 -0.0195408 0.00719667
4.69011 -0.0195408 0.0072037
4.7001 -0.0195408 0.00720313
4.71011 -0.0195408 0.00717037
4.72011 -0.0195408 0.00719641
4.73016 -0.0195408 0.00719703
4.74011 -0.0195408 0.00720245
4.75011 -0.0195408 0.0072038
4.76011 -0.0195408 0.00720042
4.77011 -0.0195408 0.00720229
4.78011 -0.0195408 0.00720339
4.79011 -0.0195408 0.00720313
4.8001 -0.0195408 0.00720365
4.81011 -0.0195408 0.00720412
4.82011 -0.0195408 0.00720511
4.8301 -0.0195408 0.00716104
4.84011 -0.0195408 0.00720365
4.8501 -0.0195408 0.00720307
4.8601 -0.0195408 0.00720375
4.8701 -0.0195408 0.00720172
4.8802 -0.0195408 0.00620052
4.89011 -0.0195408 0.00720386
4.90011 -0.0195408 0.00720422
4.9101 -0.0195408 0.00720422
4.92011 -0.0195408 0.00720438
4.9301 -0.0195408 0.00716078
4.94011 -0.0195408 0.00720354
4.95011 -0.0195408 0.00720448
4.9601 -0.0195408 0.00720401
4.97011 -0.0195408 0.00720474
4.98011 -0.0195408 0.00720459
4.9901 -0.0195408 0.00720365
5.0001 -0.0195408 0.00720365
5.0101 -0.0195408 0.00720677
5.0201 -0.0195408 0.00720349
5.03011 -0.0195408 0.00716375
5.04011 -0.0195408 0.00720406
5.0501 -0.0195408 0.00720125
5.06011 -0.0195408 0.00720365
5.0701 -0.0195408 0.00720365
5.0801 -0.0195408 0.00720167
5.09011 -0.0195408 0.00717438
5.10011 -0.0195408 0.00720396
5.1101 -0.0195408 0.00720339
5.1201 -0.0195408 0.00720229
5.13011 -0.0195408 0.0071624
5.1401 -0.0195408 0.00720396
5.1501 -0.0195408 0.00720037
5.1601 -0.0195408 0.00720219
5.17011 -0.0195408 0.00720349
5.18011 -0.0195408 0.00720479
5.19011 -0.0195408 0.00720401
5.2001 -0.0195408 0.00720386
5.2101 -0.0195408 0.00720318
5.22011 -0.0195408 0.00720422
5.2301 -0.0195408 0.00720526
5.2401 -0.0195408 0.00720354
5.2501 -0.0195408 0.00718813
5.26011 -0.0195408 0.00720396
5.27011 -0.0195408 0.00720459
5.2801 -0.0195408 0.00720209
5.2901 -0.0195408 0.00719422
5.30012 -0.0195408 0.00720183
5.3101 -0.0195408 0.00719802
5.32011 -0.0195408 0.00720089
5.3301 -0.0195408 0.00720412
5.3401 -0.0195408 0.00720339
5.3501 -0.0195408 0.00720391
5.3601 -0.0195408 0.00720375
5.3701 -0.0195408 0.0072011
5.38011 -0.0195408 0.00720417
5.3901 -0.0195408 0.00720433
5.40011 -0.0195408 0.00720386
5.4101 -0.0195408 0.00720485
5.4201 -0.0195408 0.00720412
5.43011 -0.0195408 0.00720683
5.44015 -0.0195408 0.00720318
5.4501 -0.0195408 0.00720365
5.46011 -0.0195408 0.00720412
5.4701 -0.0195408 0.00720391
5.4801 -0.0195408 0.00720386
5.4901 -0.0195408 0.00720406
5.5001 -0.0195408 0.00720271
5.51011 -0.0195408 0.00720396
5.5201 -0.0195408 0.00720255
5.5301 -0.0195408 0.0072038
5.5401 -0.0195408 0.00716266
5.5501 -0.0195408 0.00720058
5.56011 -0.0195408 0.00720219
5.5701 -0.0195408 0.00720349
5.5801 -0.0195408 0.00720406
5.5901 -0.0195408 0.00720412
5.6001 -0.0195408 0.0072025
5.6101 -0.0195408 0.00720313
5.6201 -0.0195408 0.00720245
5.63011 -0.0195408 0.00720214
5.64011 -0.0195408 0.00716089
5.65011 -0.0195408 0.00720307
5.6601 -0.0195408 0.00720448
5.6701 -0.0195408 0.00720412
5.68011 -0.0195408 0.0072036
5.6901 -0.0195408 0.00720417
5.70011 -0.0195408 0.00720448
5.7101 -0.0195408 0.00719531
5.7201 -0.0195408 0.00720339
5.7301 -0.0195408 0.0072037
5.7401 -0.0195408 0.00720422
5.75015 -0.0195408 0.00720328
5.7601 -0.0195408 0.00720438
5.7701 -0.0195408 0.00720745
5.7801 -0.0195408 0.00720474
5.7901 -0.0195408 0.00720401
5.8001 -0.0195408 0.00720422
5.8101 -0.0195408 0.00720433
5.82011 -0.0195408 0.00720433
5.83011 -0.0195408 0.00720412
5.84011 -0.0195408 0.00720375
5.85015 -0.0195408 0.00720401
5.8601 -0.0195408 0.00720396
5.8701 -0.0195408 0.00720224
5.8801 -0.0195408 0.00720349
5.89011 -0.0195408 0.00720318
5.9001 -0.0195408 0.00720459
5.91011 -0.0195408 0.00720245
5.9201 -0.0195408 0.00720318
5.93011 -0.0195408 0.00720328
5.9401 -0.0195408 0.0072036
5.9501 -0.0195408 0.00716344
5.96011 -0.0195408 0.00720193
5.97011 -0.0195408 0.00720323
5.98011 -0.0195408 0.00720406
5.99011 -0.0195408 0.00720391
6.0001 -0.0195408 0.00720453
6.0101 -0.0195408 0.0072036
6.02011 -0.0195408 0.00717964
6.0301 -0.0195408 0.00720417
6.0401 -0.0195408 0.00720479
6.0501 -0.0195408 0.00716474
6.0601 -0.0195408 0.00720453
6.07011 -0.0195408 0.00720354
6.08011 -0.0195408 0.0072036
6.0901 -0.0195408 0.00720328
6.1001 -0.0195408 0.00720365
6.1101 -0.0195408 0.0072038
6.1201 -0.0195408 0.00720985
6.1301 -0.0195408 0.00720495
6.1401 -0.0195408 0.00720532
6.1501 -0.0195408 0.00720505
6.16014 -0.0195408 0.0072037
6.1701 -0.0195408 0.00720433
6.1801 -0.0195408 0.00720412
6.1901 -0.0195408 0.00720714
6.2001 -0.0195408 0.00720459
6.2101 -0.0195408 0.00720396
6.2201 -0.0195408 0.00720292
6.2301 -0.0195408 0.0072049
6.2401 -0.0195408 0.00720406
6.2501 -0.0195408 0.00720297
6.26014 -0.0195408 0.00720401
6.2701 -0.0195408 0.0072037
6.2801 -0.0195408 0.00720406
6.2901 -0.0195408 0.00720459
6.3001 -0.0195408 0.00720443
6.3101 -0.0195408 0.00720599
6.3201 -0.0195408 0.00720448
6.3301 -0.0195408 0.00720433
6.3401 -0.0195408 0.00720964
6.3501 -0.0195408 0.00720266
6.36015 -0.0195408 0.00720318
6.3701 -0.0195408 0.00720406
6.3801 -0.0195408 0.00720568
6.3901 -0.0195408 0.00720583
6.4001 -0.0195408 0.00720568
6.4101 -0.0195408 0.00720589
6.4201 -0.0195408 0.00720641
6.4301 -0.0195408 0.00720495
6.4401 -0.0195408 0.00720636
6.45018 -0.0195408 0.00720167
6.46011 -0.0195408 0.00720469
6.47011 -0.0195408 0.00720302
6.48011 -0.0195408 0.00720396
6.4901 -0.0195408 0.00720448
6.5001 -0.0195408 0.00720427
6.5101 -0.0195408 0.00720396
6.5201 -0.0195408 0.00720396
6.5301 -0.0195408 0.00720412
6.5401 -0.0195408 0.00720417
6.5501 -0.0195408 0.00720302
6.56011 -0.0195408 0.00716136
6.57011 -0.0195408 0.00720365
6.58011 -0.0195408 0.00720453
6.59011 -0.0195408 0.0072049
6.6001 -0.0195408 0.00720193
6.61011 -0.0195408 0.00720349
6.6201 -0.0195408 0.00720146
6.63011 -0.0195408 0.00720417
6.64011 -0.0195408 0.00720328
6.6501 -0.0195408 0.00720396
6.66011 -0.0195408 0.00720365
6.67015 -0.0195408 0.00720349
6.6801 -0.0195408 0.00720448
6.6901 -0.0195408 0.00720328
6.7001 -0.0195408 0.00720375
6.7101 -0.0195408 0.00720474
6.7201 -0.0195408 0.00720485
6.7301 -0.0195408 0.00720453
6.7401 -0.0195408 0.00720391
6.7501 -0.0195408 0.00719969
6.7601 -0.0195408 0.0072013
6.77015 -0.0195408 0.00720193
6.78011 -0.0195408 0.00720323
6.7901 -0.0195408 0.00720459
6.8001 -0.0195408 0.00720453
6.8101 -0.0195408 0.00720406
6.8201 -0.0195408 0.00720448
6.8301 -0.0195408 0.00720443
6.8401 -0.0195408 0.00720464
6.8501 -0.0195408 0.00720521
6.8601 -0.0195408 0.00720386
6.8701 -0.0195408 0.00720078
6.88011 -0.0195408 0.00720323
6.89011 -0.0195408 0.00720406
6.9001 -0.0195408 0.00720344
6.91011 -0.0195408 0.00720354
6.9201 -0.0195408 0.00720313
6.93011 -0.0195408 0.00720448
6.9401 -0.0195408 0.00720433
6.9501 -0.0195408 0.00720406
6.9601 -0.0195408 0.00720427
6.9701 -0.0195408 0.00720255
6.98011 -0.0195408 0.00720427
6.99011 -0.0195408 0.0072037
7.00011 -0.0195408 0.00720464
7.01011 -0.0195408 0.00720453
7.0201 -0.0195408 0.00720656
7.03011 -0.0195408 0.00720375
7.0401 -0.0195408 0.00720464
7.0501 -0.0195408 0.00720448
7.06011 -0.0195408 0.00720469
7.0701 -0.0195408 0.00716183
7.08011 -0.0195408 0.00720334
7.09011 -0.0195408 0.00720506
7.1001 -0.0195408 0.00720443
7.1101 -0.0195408 0.0072036
7.1201 -0.0195408 0.0072024
7.13011 -0.0195408 0.00720479
7.1401 -0.0195408 0.00720391
7.1501 -0.0195408 0.00720089
7.16011 -0.0195408 0.0072037
7.17011 -0.0195408 0.0072037
7.18014 -0.0195408 0.0072025
7.19011 -0.0195408 0.00720433
7.20011 -0.0195408 0.00720448
7.2101 -0.0195408 0.00720422
7.2201 -0.0195408 0.00720537
7.23011 -0.0195408 0.00720334
7.2401 -0.0195408 0.00720396
7.2501 -0.0195408 0.00720485
7.2601 -0.0195408 0.00720516
7.2701 -0.0195408 0.0072036
7.2801 -0.0195408 0.00720334
7.29011 -0.0195408 0.00720412
7.3001 -0.0195408 0.00720417
7.31011 -0.0195408 0.00720344
7.32011 -0.0195408 0.00720406
7.3301 -0.0195408 0.00720459
7.3401 -0.0195408 0.00720558
7.3501 -0.0195408 0.00720474
7.3601 -0.0195408 0.00720302
7.3701 -0.0195408 0.00720235
7.38011 -0.0195408 0.00720297
7.3901 -0.0195408 0.00720375
7.40011 -0.0195408 0.00720547
7.41011 -0.0195408 0.00720448
7.4201 -0.0195408 0.00720386
7.4301 -0.0195408 0.00720422
7.4401 -0.0195408 0.00717969
7.4501 -0.0195408 0.00720412
7.4601 -0.0195408 0.00720464
7.4701 -0.0195408 0.00720448
7.48011 -0.0195408 0.00716328
7.4901 -0.0195408 0.00720266
7.50011 -0.0195408 0.0072038
7.51011 -0.0195408 0.00720433
7.5201 -0.0195408 0.00720443
7.5301 -0.0195408 0.00720365
7.5401 -0.0195408 0.00720594
7.5501 -0.0195408 0.00720381
7.56011 -0.0195408 0.00720396
7.5701 -0.0195408 0.0072036
7.58011 -0.0195408 0.00720406
7.59014 -0.0195408 0.0072037
7.6001 -0.0195408 0.00720224
7.6101 -0.0195408 0.00720302
7.6201 -0.0195408 0.00720287
7.63011 -0.0195408 0.0072037
7.6401 -0.0195408 0.00720386
7.6501 -0.0195408 0.00720412
7.6601 -0.0195408 0.0072049
7.6701 -0.0195408 0.00720485
7.6801 -0.0195408 0.00720412
7.69014 -0.0195408 0.00720406
7.70011 -0.0195408 0.00720396
7.7101 -0.0195408 0.00720448
7.72011 -0.0195408 0.00720391
7.73011 -0.0195408 0.00720323
7.7401 -0.0195408 0.00720469
7.75011 -0.0195408 0.00720401
7.7601 -0.0195408 0.00720427
7.7701 -0.0195408 0.00720339
7.7801 -0.0195408 0.00721183
7.7901 -0.0195408 0.00720104
7.80011 -0.0195408 0.00720427
7.8101 -0.0195408 0.00720339
7.82011 -0.0195408 0.00720375
7.83011 -0.0195408 0.00720172
7.84011 -0.0195408 0.00720302
7.8501 -0.0195408 0.00720406
7.8601 -0.0195408 0.00720433
7.8701 -0.0195408 0.00720302
7.88011 -0.0195408 0.0072025
7.89011 -0.0195408 0.00716282
7.90011 -0.0195408 0.00720308
7.91011 -0.0195408 0.00720433
7.92011 -0.0195408 0.00720469
7.9301 -0.0195408 0.00720365
7.9401 -0.0195408 0.00720438
7.9501 -0.0195408 0.00720235
7.9601 -0.0195408 0.00720334
7.9701 -0.0195408 0.00720412
7.9801 -0.0195408 0.0072036
7.99011 -0.0195408 0.00716386
8.00011 -0.0195408 0.00720386
8.01011 -0.0195408 0.00720375
8.0201 -0.0195408 0.0072036
8.03011 -0.0195408 0.00720344
8.0401 -0.0195408 0.00720422
8.0501 -0.0195408 0.00720422
8.0601 -0.0195408 0.00720412
8.0701 -0.0195408 0.00720386
8.08011 -0.0195408 0.00720511
8.09011 -0.0195408 0.00720375
8.10015 -0.0195408 0.00720438
8.1101 -0.0195408 0.00720407
8.1201 -0.0195408 0.00720474
8.1301 -0.0195408 0.00720328
8.1401 -0.0195408 0.00720406
8.1501 -0.0195408 0.00720433
8.1601 -0.0195408 0.00720485
8.1701 -0.0195408 0.00720406
8.1801 -0.0195408 0.00720365
8.1901 -0.0195408 0.00720485
8.2001 -0.0195408 0.00720308
8.2101 -0.0195408 0.00720427
8.2201 -0.0195408 0.00720438
8.2301 -0.0195408 0.00720245
8.2401 -0.0195408 0.00720365
8.2501 -0.0195408 0.00720406
8.2601 -0.0195408 0.00720417
8.2701 -0.0195408 0.00715162
8.28012 -0.0195408 0.00719464
8.29011 -0.0195408 0.00720224
8.30011 -0.0195408 0.00715219
8.31011 -0.0195408 0.00720308
8.32011 -0.0195408 0.00720401
8.3301 -0.0195408 0.0072036
8.34011 -0.0195408 0.00720349
8.3501 -0.0195408 0.00720459
8.3601 -0.0195408 0.00720375
8.3701 -0.0195408 0.0071723
8.38011 -0.0195408 0.00720302
8.39011 -0.0195408 0.00720438
8.4001 -0.0195408 0.00716021
8.41011 -0.0195408 0.00720302
8.42011 -0.0195408 0.00720339
8.4301 -0.0195408 0.00720818
8.4401 -0.0195408 0.00720063
8.45011 -0.0195408 0.00720261
8.4601 -0.0195408 0.00720412
8.4701 -0.0195408 0.00720422
8.4801 -0.0195408 0.00720443
8.49011 -0.0195408 0.00720334
8.5001 -0.0195408 0.00720485
8.51015 -0.0195408 0.0072036
8.5201 -0.0195408 0.00720396
8.5301 -0.0195408 0.00720427
8.5401 -0.0195408 0.00720448
8.5501 -0.0195408 0.00720375
8.5601 -0.0195408 0.00720438
8.57011 -0.0195408 0.00720427
8.5801 -0.0195408 0.00720443
8.5901 -0.0195408 0.0072038
8.6001 -0.0195408 0.007205
8.61015 -0.0195408 0.00720105
8.6201 -0.0195408 0.00720334
8.63011 -0.0195408 0.0072037
8.64011 -0.0195408 0.00720412
8.6501 -0.0195408 0.00720162
8.66011 -0.0195408 0.00720308
8.67011 -0.0195408 0.00720433
8.6801 -0.0195408 0.00720438
8.69011 -0.0195408 0.0071786
8.70011 -0.0195408 0.0072038
8.7101 -0.0195408 0.00716349
8.72011 -0.0195408 0.0072037
8.73011 -0.0195408 0.00720354
8.7401 -0.0195408 0.00720438
8.7501 -0.0195408 0.00720422
8.7601 -0.0195408 0.0072038
8.7701 -0.0195408 0.0072036
8.7801 -0.0195408 0.0072037
8.7901 -0.0195408 0.00720443
8.8001 -0.0195408 0.0072037
8.8101 -0.0195408 0.00716433
8.8201 -0.0195408 0.00720282
8.8301 -0.0195408 0.00718469
8.84011 -0.0195408 0.00720089
8.85011 -0.0195408 0.00720334
8.8601 -0.0195408 0.00721052
8.8701 -0.0195408 0.00720308
8.88011 -0.0195408 0.0072036
8.8901 -0.0195408 0.00720422
8.9001 -0.0195408 0.00720453
8.9101 -0.0195408 0.00720401
8.92015 -0.0195408 0.00720323
8.9301 -0.0195408 0.00720323
8.9401 -0.0195408 0.00717756
8.95011 -0.0195408 0.0072036
8.9601 -0.0195408 0.00720438
8.9701 -0.0195408 0.00720391
8.98011 -0.0195408 0.00720344
8.99011 -0.0195408 0.00720412
9.0001 -0.0195408 0.00720391
9.0101 -0.0195408 0.0072037
9.0201 -0.0195408 0.00720125
9.0301 -0.0195408 0.00720412
9.0401 -0.0195408 0.00720391
9.0501 -0.0195408 0.00720375
9.06011 -0.0195408 0.00720313
9.0701 -0.0195408 0.00720219
9.08011 -0.0195408 0.00720302
9.09011 -0.0195408 0.00720438
9.1001 -0.0195408 0.0072037
9.1101 -0.0195408 0.00720511
9.1201 -0.0195408 0.00720323
9.13011 -0.0195408 0.00720313
9.14011 -0.0195408 0.0072036
9.1501 -0.0195408 0.00720339
9.1601 -0.0195408 0.007205
9.1701 -0.0195408 0.00720375
9.1801 -0.0195408 0.00720313
9.1901 -0.0195408 0.00720339
9.2001 -0.0195408 0.00720422
9.2101 -0.0195408 0.00720401
9.22011 -0.0195408 0.00716162
9.23011 -0.0195408 0.00720438
9.24011 -0.0195408 0.00720354
9.25011 -0.0195408 0.00720448
9.2601 -0.0195408 0.0072038
9.2701 -0.0195408 0.0072036
9.2801 -0.0195408 0.00720276
9.2901 -0.0195408 0.00720417
9.3001 -0.0195408 0.00720391
9.3101 -0.0195408 0.00720412
9.3201 -0.0195408 0.007205
9.33014 -0.0195408 0.00720407
9.34011 -0.0195408 0.00720407
9.3501 -0.0195408 0.00720438
9.3601 -0.0195408 0.0072048
9.3701 -0.0195408 0.00720198
9.3801 -0.0195408 0.00720292
9.39011 -0.0195408 0.00720391
9.4001 -0.0195408 0.00720511
9.41011 -0.0195408 0.00720365
9.42011 -0.0195408 0.00720365
9.43014 -0.0195408 0.00720334
9.4401 -0.0195408 0.0072037
9.4501 -0.0195408 0.00717907
9.4601 -0.0195408 0.00720443
9.47011 -0.0195408 0.00720313
9.4801 -0.0195408 0.00720453
9.4901 -0.0195408 0.00720282
9.50011 -0.0195408 0.00720349
9.51011 -0.0195408 0.00720203
9.5201 -0.0195408 0.00720427
9.5301 -0.0195408 0.00716141
9.54011 -0.0195408 0.00720349
9.55011 -0.0195408 0.00720323
9.56011 -0.0195408 0.00720438
9.5701 -0.0195408 0.00720568
9.5801 -0.0195408 0.0072049
9.5901 -0.0195408 0.00720474
9.6001 -0.0195408 0.00720412
9.6101 -0.0195408 0.00720401
9.6201 -0.0195408 0.00720448
9.6301 -0.0195408 0.00720375
9.64014 -0.0195408 0.00720365
9.65011 -0.0195408 0.00720407
9.66011 -0.0195408 0.00720459
9.6701 -0.0195408 0.00720479
9.6801 -0.0195408 0.00720354
9.6901 -0.0195408 0.00720375
9.7001 -0.0195408 0.00720334
9.7101 -0.0195408 0.00720412
9.7201 -0.0195408 0.00720448
9.7301 -0.0195408 0.00720401
9.74014 -0.0195408 0.00720407
9.7501 -0.0195408 0.00720459
9.7601 -0.0195408 0.00720344
9.7701 -0.0195408 0.00720459
9.7801 -0.0195408 0.00720438
9.7901 -0.0195408 0.00720297
9.80011 -0.0195408 0.00720354
9.8101 -0.0195408 0.00720438
9.8201 -0.0195408 0.0072049
9.8301 -0.0195408 0.00720381
9.8401 -0.0195408 0.0072024
9.85011 -0.0195408 0.007205
9.86011 -0.0195408 0.00720407
9.8701 -0.0195408 0.00720037
9.88011 -0.0195408 0.00720349
9.89011 -0.0195408 0.00720479
9.9001 -0.0195408 0.00720443
9.9101 -0.0195408 0.00720339
9.92011 -0.0195408 0.00720516
9.9301 -0.0195408 0.00720412
9.9401 -0.0195408 0.0071636
9.9501 -0.0195408 0.00720354
9.9601 -0.0195408 0.00720422
9.97011 -0.0195408 0.00720427
9.9801 -0.0195408 0.00720526
9.9901 -0.0195408 0.00720438
10.0001 -0.0195408 0.00720532
10.0101 -0.0195408 0.00720443
10.0201 -0.0195408 0.00720433
10.0301 -0.0195408 0.00720412
10.0401 -0.0195408 0.00716308
10.0501 -0.0195408 0.00720412
10.0601 -0.0195408 0.00720386
10.0701 -0.0195408 0.00720448
10.0801 -0.0195408 0.00720464
10.0901 -0.0195408 0.00720438
10.1001 -0.0195408 0.0072049
10.1101 -0.0195408 0.00720407
10.1201 -0.0195408 0.00720365
10.1301 -0.0195408 0.00720235
10.1401 -0.0195408 0.00720412
10.1501 -0.0195408 0.00720396
10.1601 -0.0195408 0.0072036
10.1701 -0.0195408 0.00720401
10.1801 -0.0195408 0.00720521
10.1901 -0.0195408 0.00720495
10.2001 -0.0195408 0.00720433
10.2101 -0.0195408 0.00717917
10.2201 -0.0195408 0.00720396
10.2301 -0.0195408 0.00720464
