1.406e-06 2.0127 -0.00200755
0.00301495 2.0127 -0.00398562
0.00598911 2.0127 -0.00497974
0.00798365 2.0127 -0.00597807
0.00998115 2.0127 -0.00697833
0.0119814 2.0127 -0.00797677
0.0139798 2.0127 -0.00897656
0.0159803 2.0127 -0.00997682
0.0179798 2.0127 -0.0109805
0.0199835 2.0127 -0.0119769
0.0219799 2.0127 -0.0129772
0.0239803 2.0127 -0.0139767
0.0259798 2.0127 -0.0149764
0.0279794 2.0127 -0.0159768
0.0299805 2.0127 -0.0169768
0.0319799 2.0127 -0.0179765
0.0339795 2.0127 -0.0189771
0.0359802 2.0127 -0.0199776
0.0379806 2.0127 -0.0209785
0.0399825 2.0127 -0.0219764
0.0419794 2.0127 -0.0229782
0.0439813 2.0127 -0.0239767
0.0459805 2.0127 -0.0249761
0.0479792 2.0127 -0.0259767
0.0499797 2.0127 -0.0269767
0.0519797 2.0127 -0.0279768
0.0539808 2.0127 -0.0289766
0.0559806 2.0127 -0.0299756
0.0579786 2.0127 -0.0309762
0.0599793 2.0127 -0.0319766
0.0619803 2.0127 -0.0329756
0.0639787 2.0127 -0.0339928
0.0659959 2.0127 -0.0349782
0.0679812 2.0127 -0.035977
0.0699801 2.0127 -0.0369766
0.0719797 2.0127 -0.0379764
0.0739795 2.0127 -0.0389771
0.0759802 2.0127 -0.0399771
0.0779803 2.0127 -0.0409786
0.0799818 2.0127 -0.0419771
0.0819803 2.0127 -0.0429762
0.0839793 2.0127 -0.0439763
0.0859793 2.0127 -0.0449768
0.0879799 2.0127 -0.0459811
0.0899843 2.0127 -0.0469772
0.0919803 2.0127 -0.0479767
0.0939798 2.0127 -0.0489757
0.0959788 2.0127 -0.0499767
0.0979798 2.0127 -0.0510332
0.100036 2.0127 -0.052978
0.102981 2.0127 -0.0539794
0.104983 2.0127 -0.0549774
0.106981 2.0127 -0.0559831
0.108986 2.0127 -0.0569802
0.110984 2.0127 -0.0579794
0.112983 2.0127 -0.0589797
0.114983 2.0127 -0.0599774
0.11698 2.0127 -0.0609781
0.118981 2.0127 -0.0619774
0.12098 2.0127 -0.0629774
0.122981 2.0127 -0.0639767
0.12498 2.0127 -0.0649771
0.12698 2.0127 -0.0659778
0.128981 2.0127 -0.0669763
0.130979 2.0127 -0.0679769
0.13298 2.0127 -0.0689773
0.134981 2.0127 -0.0699819
0.136985 2.0127 -0.0709914
0.138994 2.0127 -0.0719801
0.140983 2.0127 -0.0729779
0.142981 2.0127 -0.0739783
0.144982 2.0127 -0.0749768
0.14698 2.0127 -0.0759792
0.148982 2.0127 -0.0769773
0.15098 2.0127 -0.0779774
0.152981 2.0127 -0.0789779
0.154981 2.0127 -0.0799778
0.156981 2.0127 -0.0809799
0.158983 2.0127 -0.0819805
0.160984 2.0127 -0.082977
0.16298 2.0127 -0.0839777
0.164981 2.0127 -0.0849766
0.16698 2.0127 -0.0859775
0.168981 2.0127 -0.0869773
0.17098 2.0127 -0.087977
0.17298 2.0127 -0.0889775
0.174981 2.0127 -0.0899772
0.17698 2.0127 -0.0909792
0.178982 2.0127 -0.0919791
0.180982 2.0127 -0.092982
0.182985 2.0127 -0.0939773
0.18498 2.0127 -0.0949775
0.186981 2.0127 -0.0959778
0.188981 2.0127 -0.0969768
0.19098 2.0127 -0.0979782
0.192981 2.0127 -0.0989776
0.194981 2.0127 -0.0999776
0.196981 2.0127 -0.100979
0.198982 2.0127 -0.102026
0.201029 2.0127 -0.103978
0.203982 2.0127 -0.104976
0.20598 2.0127 -0.105977
0.207981 2.0127 -0.106977
0.20998 2.0127 -0.107977
0.21198 2.0127 -0.108976
0.21398 2.0127 -0.109978
0.215981 2.0127 -0.110977
0.21798 2.0127 -0.111976
0.219979 2.0127 -0.112978
0.221981 2.0127 -0.113977
0.223981 2.0127 -0.114978
0.225981 2.0127 -0.115973
0.227976 2.0127 -0.117001
0.230004 2.0127 -0.117978
0.231981 2.0127 -0.118977
0.23398 2.0127 -0.119976
0.23598 2.0127 -0.120977
0.23798 2.0127 -0.121977
0.239981 2.0127 -0.122976
0.24198 2.0127 -0.123977
0.243981 2.0127 -0.124977
0.24598 2.0127 -0.125977
0.24798 2.0127 -0.126977
0.24998 2.0127 -0.127977
0.251981 2.0127 -0.128979
0.253982 2.0127 -0.129977
0.255981 2.0127 -0.130977
0.25798 2.0127 -0.131978
0.259981 2.0127 -0.132978
0.261981 2.0127 -0.133977
0.26398 2.0127 -0.134976
0.26598 2.0127 -0.135977
0.26798 2.0127 -0.136978
0.269981 2.0127 -0.137977
0.271981 2.0127 -0.138977
0.27398 2.0127 -0.139976
0.275979 2.0127 -0.140976
0.277979 2.0127 -0.141977
0.27998 2.0127 -0.142977
0.28198 2.0127 -0.143977
0.283981 2.0127 -0.144976
0.285979 2.0127 -0.145976
0.28798 2.0127 -0.146976
0.289979 2.0127 -0.147977
0.29198 2.0127 -0.148977
0.29398 2.0127 -0.149976
0.295979 2.0127 -0.150976
0.297979 2.0127 -0.151985
0.299988 2.0127 -0.15302
0.302023 2.0127 -0.154977
0.30498 2.0127 -0.155978
0.306981 2.0127 -0.156979
0.308982 2.0127 -0.157977
0.31098 2.0127 -0.158976
0.312979 2.0127 -0.159977
0.31498 2.0127 -0.160977
0.31698 2.0127 -0.16198
0.318983 2.0127 -0.162977
0.320981 2.0127 -0.163977
0.32298 2.0127 -0.164978
0.324982 2.0127 -0.165977
0.32698 2.0127 -0.166978
0.328981 2.0127 -0.167977
0.33098 2.0127 -0.168977
0.33298 2.0127 -0.169977
0.33498 2.0127 -0.170976
0.336979 2.0127 -0.171977
0.33898 2.0127 -0.172979
0.340982 2.0127 -0.173978
0.342981 2.0127 -0.174977
0.34498 2.0127 -0.175995
0.346998 2.0127 -0.17698
0.348983 2.0127 -0.177977
0.35098 2.0127 -0.178976
0.352979 2.0127 -0.179978
0.354981 2.0127 -0.180978
0.356981 2.0127 -0.181979
0.358982 2.0127 -0.182977
0.36098 2.0127 -0.183977
0.36298 2.0127 -0.184977
0.36498 2.0127 -0.185977
0.36698 2.0127 -0.18698
0.368983 2.0127 -0.18798
0.370983 2.0127 -0.188978
0.372981 2.0127 -0.189977
0.37498 2.0127 -0.190978
0.376982 2.0127 -0.191979
0.378982 2.0127 -0.192978
0.380981 2.0127 -0.193977
0.38298 2.0127 -0.194978
0.384981 2.0127 -0.195977
0.38698 2.0127 -0.196978
0.388981 2.0127 -0.197977
0.39098 2.0127 -0.198978
0.392981 2.0127 -0.199979
0.394983 2.0127 -0.200978
0.396981 2.0127 -0.20198
0.398983 2.0127 -0.202977
0.40098 2.0127 -0.204019
0.403022 2.0127 -0.205977
0.40598 2.0127 -0.206976
0.40798 2.0127 -0.207976
0.409979 2.0127 -0.208978
0.411981 2.0127 -0.209977
0.41398 2.0127 -0.210977
0.41598 2.0127 -0.211977
0.417981 2.0127 -0.212976
0.419979 2.0127 -0.213977
0.42198 2.0127 -0.214977
0.42398 2.0127 -0.215977
0.42598 2.0127 -0.216977
0.42798 2.0127 -0.217977
0.42998 2.0127 -0.218977
0.43198 2.0127 -0.219977
0.433981 2.0127 -0.220977
0.43598 2.0127 -0.221977
0.43798 2.0127 -0.222978
0.439981 2.0127 -0.223985
0.441988 2.0127 -0.224977
0.443981 2.0127 -0.225977
0.445981 2.0127 -0.226976
0.447979 2.0127 -0.227977
0.449981 2.0127 -0.228976
0.451979 2.0127 -0.229977
0.453981 2.0127 -0.230976
0.455979 2.0127 -0.231976
0.457979 2.0127 -0.232978
0.459981 2.0127 -0.233976
0.461979 2.0127 -0.234977
0.46398 2.0127 -0.235978
0.465982 2.0127 -0.236976
0.467979 2.0127 -0.237977
0.46998 2.0127 -0.238978
0.471981 2.0127 -0.239977
0.47398 2.0127 -0.240977
0.47598 2.0127 -0.241977
0.47798 2.0127 -0.242978
0.479981 2.0127 -0.243977
0.481981 2.0127 -0.244972
0.483975 2.0127 -0.245977
0.48598 2.0127 -0.246993
0.487996 2.0127 -0.247977
0.48998 2.0127 -0.248977
0.49198 2.0127 -0.249977
0.49398 2.0127 -0.250976
0.495979 2.0127 -0.251977
0.497981 2.0127 -0.252977
0.49998 2.0127 -0.253977
0.50198 2.0127 -0.255022
0.504025 2.0127 -0.256981
0.506984 2.0127 -0.25798
0.508983 2.0127 -0.258978
0.510981 2.0127 -0.25998
0.512983 2.0127 -0.260977
0.51498 2.0127 -0.261977
0.51698 2.0127 -0.262978
0.518981 2.0127 -0.263978
0.520982 2.0127 -0.264979
0.522983 2.0127 -0.265979
0.524982 2.0127 -0.266978
0.526981 2.0127 -0.267979
0.528982 2.0127 -0.268978
0.530981 2.0127 -0.269977
0.53298 2.0127 -0.270978
0.534981 2.0127 -0.271977
0.536981 2.0127 -0.272979
0.538983 2.0127 -0.273979
0.540982 2.0127 -0.274977
0.54298 2.0127 -0.275978
0.544981 2.0127 -0.276979
0.546982 2.0127 -0.277979
0.548982 2.0127 -0.278977
0.55098 2.0127 -0.279977
0.55298 2.0127 -0.280977
0.55498 2.0127 -0.281977
0.55698 2.0127 -0.282984
0.558987 2.0127 -0.283978
0.560981 2.0127 -0.284979
0.562982 2.0127 -0.285977
0.56498 2.0127 -0.286977
0.56698 2.0127 -0.287979
0.568982 2.0127 -0.288977
0.57098 2.0127 -0.289977
0.57298 2.0127 -0.290977
0.57498 2.0127 -0.291977
0.57698 2.0127 -0.292979
0.578982 2.0127 -0.293977
0.58098 2.0127 -0.29498
0.582983 2.0127 -0.295977
0.58498 2.0127 -0.296977
0.58698 2.0127 -0.29798
0.588983 2.0127 -0.298978
0.590981 2.0127 -0.299977
0.59298 2.0127 -0.300978
0.594981 2.0127 -0.301977
0.59698 2.0127 -0.30298
0.598983 2.0127 -0.303978
0.600981 2.0127 -0.304976
0.60298 2.0127 -0.306009
0.605012 2.0127 -0.306979
0.606982 2.0127 -0.307981
0.608984 2.0127 -0.308979
0.610982 2.0127 -0.309978
0.612981 2.0127 -0.310977
0.61498 2.0127 -0.311978
0.616981 2.0127 -0.312978
0.618981 2.0127 -0.313977
0.62098 2.0127 -0.314978
0.622981 2.0127 -0.315977
0.62498 2.0127 -0.316977
0.62698 2.0127 -0.317982
0.628985 2.0127 -0.318978
0.630981 2.0127 -0.319977
0.63298 2.0127 -0.320978
0.634981 2.0127 -0.321977
0.63698 2.0127 -0.32298
0.638983 2.0127 -0.323979
0.640982 2.0127 -0.324979
0.642982 2.0127 -0.325977
0.64498 2.0127 -0.326977
0.64698 2.0127 -0.327978
0.648981 2.0127 -0.328977
0.65098 2.0127 -0.329978
0.652981 2.0127 -0.330977
0.65498 2.0127 -0.331977
0.65698 2.0127 -0.332978
0.658981 2.0127 -0.333976
0.66098 2.0127 -0.334977
0.66298 2.0127 -0.335977
0.66498 2.0127 -0.336977
0.66698 2.0127 -0.337977
0.66898 2.0127 -0.338978
0.670981 2.0127 -0.339977
0.67298 2.0127 -0.340981
0.674984 2.0127 -0.341978
0.676981 2.0127 -0.34298
0.678984 2.0127 -0.343977
0.68098 2.0127 -0.344977
0.68298 2.0127 -0.345977
0.684981 2.0127 -0.346976
0.686979 2.0127 -0.347977
0.68898 2.0127 -0.348978
0.690981 2.0127 -0.349977
0.69298 2.0127 -0.350977
0.69498 2.0127 -0.351977
0.69698 2.0127 -0.35298
0.698983 2.0127 -0.353977
0.70098 2.0127 -0.354976
0.702979 2.0127 -0.356022
0.705025 2.0127 -0.357978
0.707981 2.0127 -0.358978
0.709981 2.0127 -0.359977
0.71198 2.0127 -0.360976
0.713979 2.0127 -0.361977
0.71598 2.0127 -0.362978
0.717981 2.0127 -0.363977
0.719981 2.0127 -0.364977
0.72198 2.0127 -0.365977
0.723982 2.0127 -0.366976
0.725979 2.0127 -0.367977
0.72798 2.0127 -0.368977
0.72998 2.0127 -0.369977
0.73198 2.0127 -0.370977
0.73398 2.0127 -0.371975
0.735979 2.0127 -0.372977
0.73798 2.0127 -0.373972
0.739975 2.0127 -0.374977
0.74198 2.0127 -0.375977
0.74398 2.0127 -0.376976
0.745979 2.0127 -0.377978
0.747981 2.0127 -0.378977
0.74998 2.0127 -0.379977
0.75198 2.0127 -0.380976
0.753979 2.0127 -0.381977
0.755981 2.0127 -0.382977
0.75798 2.0127 -0.383976
0.759979 2.0127 -0.384977
0.76198 2.0127 -0.385979
0.763982 2.0127 -0.386976
0.765979 2.0127 -0.387977
0.76798 2.0127 -0.388982
0.769985 2.0127 -0.389978
0.771981 2.0127 -0.390977
0.77398 2.0127 -0.391976
0.775979 2.0127 -0.392977
0.77798 2.0127 -0.393977
0.779981 2.0127 -0.394977
0.781981 2.0127 -0.395976
0.783979 2.0127 -0.396976
0.785979 2.0127 -0.397977
0.787981 2.0127 -0.398979
0.789982 2.0127 -0.399977
0.791981 2.0127 -0.400977
0.79398 2.0127 -0.401978
0.795981 2.0127 -0.402977
0.79798 2.0127 -0.403977
0.79998 2.0127 -0.404977
0.80198 2.0127 -0.405977
0.803981 2.0127 -0.407019
0.806022 2.0127 -0.40898
0.808983 2.0127 -0.409977
0.81098 2.0127 -0.410979
0.812982 2.0127 -0.411978
0.814981 2.0127 -0.412977
0.81698 2.0127 -0.413977
0.81898 2.0127 -0.414977
0.82098 2.0127 -0.415977
0.82298 2.0127 -0.416977
0.82498 2.0127 -0.417977
0.82698 2.0127 -0.418979
0.828982 2.0127 -0.419977
0.83098 2.0127 -0.420976
0.832979 2.0127 -0.421979
0.834982 2.0127 -0.422977
0.836981 2.0127 -0.423978
0.838981 2.0127 -0.424978
0.840981 2.0127 -0.425979
0.842982 2.0127 -0.426977
0.844981 2.0127 -0.427977
0.84698 2.0127 -0.428979
0.848982 2.0127 -0.429977
0.85098 2.0127 -0.430977
0.85298 2.0127 -0.431978
0.854981 2.0127 -0.432977
0.85698 2.0127 -0.433983
0.858986 2.0127 -0.434977
0.86098 2.0127 -0.435977
0.86298 2.0127 -0.436977
0.86498 2.0127 -0.437977
0.86698 2.0127 -0.438977
0.86898 2.0127 -0.439979
0.870982 2.0127 -0.440977
0.87298 2.0127 -0.441977
0.87498 2.0127 -0.442977
0.87698 2.0127 -0.443979
0.878982 2.0127 -0.444978
0.880981 2.0127 -0.445979
0.882982 2.0127 -0.446977
0.88498 2.0127 -0.447977
0.88698 2.0127 -0.448978
0.888981 2.0127 -0.449977
0.89098 2.0127 -0.450977
0.89298 2.0127 -0.451977
0.89498 2.0127 -0.452977
0.89698 2.0127 -0.45398
0.898983 2.0127 -0.454977
0.90098 2.0127 -0.455977
0.90298 2.0127 -0.456977
0.90498 2.0127 -0.458025
0.907028 2.0127 -0.459981
0.909984 2.0127 -0.460978
0.911981 2.0127 -0.461977
0.91398 2.0127 -0.462977
0.91598 2.0127 -0.463977
0.917981 2.0127 -0.464977
0.91998 2.0127 -0.465977
0.92198 2.0127 -0.466976
0.923979 2.0127 -0.467977
0.92598 2.0127 -0.468978
0.927981 2.0127 -0.469994
0.929997 2.0127 -0.470977
0.93198 2.0127 -0.471977
0.933981 2.0127 -0.472975
0.935978 2.0127 -0.473978
0.937981 2.0127 -0.474977
0.93998 2.0127 -0.475977
0.94198 2.0127 -0.476976
0.943979 2.0127 -0.477976
0.945979 2.0127 -0.478977
0.94798 2.0127 -0.479978
0.949981 2.0127 -0.480976
0.951979 2.0127 -0.481982
0.953985 2.0127 -0.482977
0.95598 2.0127 -0.483977
0.95798 2.0127 -0.484977
0.95998 2.0127 -0.485977
0.96198 2.0127 -0.486977
0.96398 2.0127 -0.487977
0.96598 2.0127 -0.488976
0.967979 2.0127 -0.489976
0.969979 2.0127 -0.490977
0.971981 2.0127 -0.491977
0.97398 2.0127 -0.492977
0.97598 2.0127 -0.493978
0.977981 2.0127 -0.494977
0.979981 2.0127 -0.495977
0.981981 2.0127 -0.496976
0.983979 2.0127 -0.497976
0.985979 2.0127 -0.498978
0.987981 2.0127 -0.499977
0.98998 2.0127 -0.500976
0.991979 2.0127 -0.501977
0.99398 2.0127 -0.502971
0.995974 2.0127 -0.503976
0.99798 2.0127 -0.504985
0.999988 2.0127 -0.505977
1.00198 2.0127 -0.506978
1.00398 2.0127 -0.507977
1.00598 2.0127 -0.509018
1.00802 2.0127 -0.51098
1.01098 2.0127 -0.51198
1.01298 2.0127 -0.512977
1.01498 2.0127 -0.513977
1.01698 2.0127 -0.514979
1.01898 2.0127 -0.515977
1.02098 2.0127 -0.516978
1.02298 2.0127 -0.517978
1.02498 2.0127 -0.518977
1.02698 2.0127 -0.519978
1.02898 2.0127 -0.520978
1.03098 2.0127 -0.521977
1.03298 2.0127 -0.522977
1.03498 2.0127 -0.523976
1.03698 2.0127 -0.524978
1.03898 2.0127 -0.525977
1.04098 2.0127 -0.526979
1.04298 2.0127 -0.527977
1.04498 2.0127 -0.528994
1.047 2.0127 -0.529979
1.04898 2.0127 -0.530977
1.05098 2.0127 -0.531976
1.05298 2.0127 -0.532977
1.05498 2.0127 -0.533977
1.05698 2.0127 -0.534977
1.05898 2.0127 -0.535977
1.06098 2.0127 -0.536977
1.06298 2.0127 -0.537977
1.06498 2.0127 -0.538977
1.06698 2.0127 -0.539977
1.06898 2.0127 -0.54098
1.07098 2.0127 -0.541977
1.07298 2.0127 -0.542977
1.07498 2.0127 -0.543977
1.07698 2.0127 -0.544978
1.07898 2.0127 -0.545978
1.08098 2.0127 -0.546977
1.08298 2.0127 -0.547977
1.08498 2.0127 -0.548977
1.08698 2.0127 -0.549978
1.08898 2.0127 -0.550977
1.09098 2.0127 -0.551977
1.09298 2.0127 -0.552979
1.09498 2.0127 -0.553978
1.09698 2.0127 -0.554978
1.09898 2.0127 -0.555977
1.10098 2.0127 -0.556977
1.10298 2.0127 -0.557977
1.10498 2.0127 -0.558978
1.10698 2.0127 -0.560025
1.10903 2.0127 -0.561978
1.11198 2.0127 -0.562977
1.11398 2.0127 -0.563976
1.11598 2.0127 -0.564984
1.11799 2.0127 -0.565977
1.11998 2.0127 -0.566978
1.12198 2.0127 -0.567978
1.12398 2.0127 -0.568977
1.12598 2.0127 -0.569977
1.12798 2.0127 -0.570977
1.12998 2.0127 -0.571977
1.13198 2.0127 -0.572977
1.13398 2.0127 -0.573976
1.13598 2.0127 -0.574978
1.13798 2.0127 -0.575979
1.13998 2.0127 -0.576978
1.14198 2.0127 -0.577977
1.14398 2.0127 -0.578977
1.14598 2.0127 -0.579977
1.14798 2.0127 -0.580978
1.14998 2.0127 -0.581977
1.15198 2.0127 -0.582977
1.15398 2.0127 -0.583977
1.15598 2.0127 -0.584977
1.15798 2.0127 -0.58598
1.15998 2.0127 -0.586976
1.16198 2.0127 -0.587994
1.164 2.0127 -0.588977
1.16598 2.0127 -0.589977
1.16798 2.0127 -0.590977
1.16998 2.0127 -0.591977
1.17198 2.0127 -0.592978
1.17398 2.0127 -0.593977
1.17598 2.0127 -0.594976
1.17798 2.0127 -0.595977
1.17998 2.0127 -0.596977
1.18198 2.0127 -0.597977
1.18398 2.0127 -0.598976
1.18598 2.0127 -0.599979
1.18798 2.0127 -0.60099
1.18999 2.0127 -0.601978
1.19198 2.0127 -0.602977
1.19398 2.0127 -0.603977
1.19598 2.0127 -0.604977
1.19798 2.0127 -0.605977
1.19998 2.0127 -0.606977
1.20198 2.0127 -0.607977
1.20398 2.0127 -0.608977
1.20598 2.0127 -0.609976
1.20798 2.0127 -0.611022
1.21003 2.0127 -0.612979
1.21298 2.0127 -0.61398
1.21498 2.0127 -0.614977
1.21698 2.0127 -0.615978
1.21898 2.0127 -0.616977
1.22098 2.0127 -0.617977
1.22298 2.0127 -0.618977
1.22498 2.0127 -0.619977
1.22698 2.0127 -0.620977
1.22898 2.0127 -0.621978
1.23098 2.0127 -0.622978
1.23298 2.0127 -0.623981
1.23498 2.0127 -0.624977
1.23698 2.0127 -0.62598
1.23898 2.0127 -0.626977
1.24098 2.0127 -0.627978
1.24298 2.0127 -0.628977
1.24498 2.0127 -0.629977
1.24698 2.0127 -0.630978
1.24898 2.0127 -0.631977
1.25098 2.0127 -0.632977
1.25298 2.0127 -0.633977
1.25498 2.0127 -0.634977
1.25698 2.0127 -0.635979
1.25898 2.0127 -0.636977
1.26098 2.0127 -0.637979
1.26298 2.0127 -0.638977
1.26498 2.0127 -0.639978
1.26698 2.0127 -0.640979
1.26898 2.0127 -0.641977
1.27098 2.0127 -0.642977
1.27298 2.0127 -0.643978
1.27498 2.0127 -0.644978
1.27698 2.0127 -0.645978
1.27898 2.0127 -0.646994
1.281 2.0127 -0.647979
1.28298 2.0127 -0.648977
1.28498 2.0127 -0.649977
1.28698 2.0127 -0.65098
1.28898 2.0127 -0.651978
1.29098 2.0127 -0.652977
1.29298 2.0127 -0.653977
1.29498 2.0127 -0.654977
1.29698 2.0127 -0.655979
1.29898 2.0127 -0.656977
1.30098 2.0127 -0.657978
1.30298 2.0127 -0.658979
1.30498 2.0127 -0.659977
1.30698 2.0127 -0.660978
1.30898 2.0127 -0.662021
1.31102 2.0127 -0.663977
1.31398 2.0127 -0.664977
1.31598 2.0127 -0.665977
1.31798 2.0127 -0.666977
1.31998 2.0127 -0.667977
1.32198 2.0127 -0.668977
1.32398 2.0127 -0.669977
1.32598 2.0127 -0.670977
1.32798 2.0127 -0.671978
1.32998 2.0127 -0.672977
1.33198 2.0127 -0.673976
1.33398 2.0127 -0.674977
1.33598 2.0127 -0.675977
1.33798 2.0127 -0.676977
1.33998 2.0127 -0.677977
1.34198 2.0127 -0.678977
1.34398 2.0127 -0.679977
1.34598 2.0127 -0.680977
1.34798 2.0127 -0.681978
1.34998 2.0127 -0.682981
1.35198 2.0127 -0.683977
1.35398 2.0127 -0.684977
1.35598 2.0127 -0.685978
1.35798 2.0127 -0.686977
1.35998 2.0127 -0.687977
1.36198 2.0127 -0.688977
1.36398 2.0127 -0.689977
1.36598 2.0127 -0.690978
1.36798 2.0127 -0.691979
1.36998 2.0127 -0.692978
1.37198 2.0127 -0.693976
1.37398 2.0127 -0.694978
1.37598 2.0127 -0.695978
1.37798 2.0127 -0.696976
1.37998 2.0127 -0.697977
1.38198 2.0127 -0.698977
1.38398 2.0127 -0.699978
1.38598 2.0127 -0.700976
1.38798 2.0127 -0.701978
1.38998 2.0127 -0.702977
1.39198 2.0127 -0.703976
1.39398 2.0127 -0.704978
1.39598 2.0127 -0.705992
1.398 2.0127 -0.706978
1.39998 2.0127 -0.707976
1.40198 2.0127 -0.708978
1.40398 2.0127 -0.709977
1.40598 2.0127 -0.710976
1.40798 2.0127 -0.711978
1.40998 2.0127 -0.71302
1.41202 2.0127 -0.714978
1.41498 2.0127 -0.715977
1.41698 2.0127 -0.716978
1.41898 2.0127 -0.717977
1.42098 2.0127 -0.718981
1.42298 2.0127 -0.719977
1.42498 2.0127 -0.720977
1.42698 2.0127 -0.721979
1.42898 2.0127 -0.722978
1.43098 2.0127 -0.723977
1.43298 2.0127 -0.724977
1.43498 2.0127 -0.725977
1.43698 2.0127 -0.726979
1.43898 2.0127 -0.727978
1.44098 2.0127 -0.728978
1.44298 2.0127 -0.729978
1.44498 2.0127 -0.730978
1.44698 2.0127 -0.731981
1.44898 2.0127 -0.732978
1.45098 2.0127 -0.733977
1.45298 2.0127 -0.734977
1.45498 2.0127 -0.735977
1.45698 2.0127 -0.736978
1.45898 2.0127 -0.737977
1.46098 2.0127 -0.738977
1.46298 2.0127 -0.739977
1.46498 2.0127 -0.740977
1.46698 2.0127 -0.741983
1.46899 2.0127 -0.742978
1.47098 2.0127 -0.743977
1.47298 2.0127 -0.744977
1.47498 2.0127 -0.745977
1.47698 2.0127 -0.746978
1.47898 2.0127 -0.747978
1.48098 2.0127 -0.748977
1.48298 2.0127 -0.749977
1.48498 2.0127 -0.750976
1.48698 2.0127 -0.751979
1.48898 2.0127 -0.752978
1.49098 2.0127 -0.753979
1.49298 2.0127 -0.754977
1.49498 2.0127 -0.755977
1.49698 2.0127 -0.756979
1.49898 2.0127 -0.757977
1.50098 2.0127 -0.758976
1.50298 2.0127 -0.759977
1.50498 2.0127 -0.760978
1.50698 2.0127 -0.761978
1.50898 2.0127 -0.762977
1.51098 2.0127 -0.764018
1.51302 2.0127 -0.765982
1.51598 2.0127 -0.766977
1.51798 2.0127 -0.767977
1.51998 2.0127 -0.768977
1.52198 2.0127 -0.769976
1.52398 2.0127 -0.770977
1.52598 2.0127 -0.771976
1.52798 2.0127 -0.772977
1.52998 2.0127 -0.773976
1.53198 2.0127 -0.774977
1.53398 2.0127 -0.775977
1.53598 2.0127 -0.776977
1.53798 2.0127 -0.777979
1.53998 2.0127 -0.778977
1.54198 2.0127 -0.779977
1.54398 2.0127 -0.780977
1.54598 2.0127 -0.781977
1.54798 2.0127 -0.782978
1.54998 2.0127 -0.783977
1.55198 2.0127 -0.784977
1.55398 2.0127 -0.785977
1.55598 2.0127 -0.786978
1.55798 2.0127 -0.787976
1.55998 2.0127 -0.788977
1.56198 2.0127 -0.789977
1.56398 2.0127 -0.790977
1.56598 2.0127 -0.791978
1.56798 2.0127 -0.792977
1.56998 2.0127 -0.793977
1.57198 2.0127 -0.794976
1.57398 2.0127 -0.795977
1.57598 2.0127 -0.796976
1.57798 2.0127 -0.797978
1.57998 2.0127 -0.798977
1.58198 2.0127 -0.799976
1.58398 2.0127 -0.800981
1.58598 2.02247 -0.801978
1.58798 2.0127 -0.802978
1.58998 2.0127 -0.803977
1.59198 2.0127 -0.804978
1.59398 2.0127 -0.805976
1.59598 2.0127 -0.806978
1.59798 2.0127 -0.807978
1.59998 2.0127 -0.808977
1.60198 2.0127 -0.809977
1.60398 2.0127 -0.810976
1.60598 2.0127 -0.811977
1.60798 2.0127 -0.812978
1.60998 2.0127 -0.813977
1.61198 2.0127 -0.815018
1.61402 2.0127 -0.816977
1.61698 2.0127 -0.817978
1.61898 2.0127 -0.818977
1.62098 2.0127 -0.819978
1.62298 2.0127 -0.820979
1.62498 2.0127 -0.821979
1.62698 2.0127 -0.822978
1.62898 2.0127 -0.823977
1.63098 2.0127 -0.824994
1.633 2.0127 -0.82598
1.63498 2.0127 -0.826977
1.63698 2.0127 -0.82798
1.63898 2.0127 -0.828977
1.64098 2.0127 -0.829977
1.64298 2.0127 -0.830978
1.64498 2.0127 -0.831977
1.64698 2.0127 -0.832978
1.64898 2.0127 -0.83398
1.65098 2.0127 -0.834977
1.65298 2.0127 -0.835977
1.65498 2.0127 -0.836981
1.65698 2.0127 -0.837978
1.65898 2.0127 -0.838977
1.66098 2.0127 -0.839978
1.66298 2.0127 -0.840977
1.66498 2.0127 -0.841977
1.66698 2.0127 -0.842978
1.66898 2.0127 -0.843977
1.67098 2.0127 -0.844977
1.67298 2.0127 -0.845978
1.67498 2.0127 -0.846977
1.67698 2.0127 -0.847979
1.67898 2.0127 -0.84898
1.68098 2.0127 -0.849979
1.68298 2.0127 -0.850979
1.68498 2.0127 -0.851978
1.68698 2.0127 -0.852979
1.68898 2.0127 -0.853978
1.69098 2.0127 -0.854978
1.69298 2.0127 -0.855978
1.69498 2.0127 -0.856977
1.69698 2.0127 -0.857978
1.69898 2.0127 -0.858978
1.70098 2.0127 -0.859983
1.70299 2.0127 -0.860977
1.70498 2.0127 -0.861978
1.70698 2.0127 -0.862978
1.70898 2.0127 -0.863978
1.71098 2.0127 -0.864978
1.71298 2.0127 -0.866022
1.71503 2.0127 -0.867978
1.71798 2.0127 -0.868977
1.71998 2.0127 -0.869977
1.72198 2.0127 -0.870978
1.72398 2.0127 -0.871977
1.72598 2.0127 -0.872979
1.72798 2.0127 -0.873977
1.72998 2.0127 -0.874977
1.73198 2.0127 -0.875977
1.73398 2.0127 -0.876977
1.73598 2.0127 -0.877978
1.73798 2.0127 -0.878977
1.73998 2.0127 -0.879977
1.74198 2.0127 -0.880977
1.74398 2.0127 -0.881976
1.74598 2.0127 -0.882977
1.74798 2.0127 -0.883995
1.75 2.0127 -0.884977
1.75198 2.0127 -0.885977
1.75398 2.0127 -0.886978
1.75598 2.0127 -0.887977
1.75798 2.0127 -0.888978
1.75998 2.0127 -0.889978
1.76198 2.0127 -0.890973
1.76398 2.0127 -0.891977
1.76598 2.0127 -0.892979
1.76798 2.0127 -0.893977
1.76998 2.0127 -0.894977
1.77198 2.0127 -0.89598
1.77398 2.02247 -0.896977
1.77598 2.0127 -0.897977
1.77798 2.0127 -0.898978
1.77998 2.0127 -0.899978
1.78198 2.0127 -0.900977
1.78398 2.0127 -0.901977
1.78598 2.0127 -0.902979
1.78798 2.0127 -0.903979
1.78998 2.0127 -0.904977
1.79198 2.0127 -0.905976
1.79398 2.0127 -0.906977
1.79598 2.0127 -0.907978
1.79798 2.0127 -0.908978
1.79998 2.0127 -0.909977
1.80198 2.0127 -0.910977
1.80398 2.0127 -0.911977
1.80598 2.0127 -0.912976
1.80798 2.0127 -0.913977
1.80998 2.0127 -0.914979
1.81198 2.0127 -0.915977
1.81398 2.0127 -0.917018
1.81602 2.0127 -0.91898
1.81898 2.0127 -0.919983
1.82099 2.0127 -0.920978
1.82298 2.0127 -0.921978
1.82498 2.0127 -0.922977
1.82698 2.0127 -0.923979
1.82898 2.0127 -0.924978
1.83098 2.0127 -0.925977
1.83298 2.0127 -0.926978
1.83498 2.0127 -0.927978
1.83698 2.0127 -0.928979
1.83898 2.0127 -0.929978
1.84098 2.0127 -0.930978
1.84298 2.0127 -0.931978
1.84498 2.0127 -0.932978
1.84698 2.0127 -0.933978
1.84898 2.0127 -0.934978
1.85098 2.0127 -0.935977
1.85298 2.0127 -0.936978
1.85498 2.0127 -0.937978
1.85698 2.0127 -0.938978
1.85898 2.0127 -0.939985
1.86099 2.0127 -0.940977
1.86298 2.0127 -0.941977
1.86498 2.0127 -0.942994
1.867 2.0127 -0.943979
1.86898 2.0127 -0.94498
1.87098 2.0127 -0.945977
1.87298 2.0127 -0.946979
1.87498 2.0127 -0.947978
1.87698 2.0127 -0.948978
1.87898 2.0127 -0.949977
1.88098 2.0127 -0.95098
1.88298 2.0127 -0.951978
1.88498 2.0127 -0.952976
1.88698 2.0127 -0.953981
1.88898 2.0127 -0.95498
1.89098 2.0127 -0.955977
1.89298 2.0127 -0.956978
1.89498 2.0127 -0.957977
1.89698 2.0127 -0.958977
1.89898 2.0127 -0.959977
1.90098 2.0127 -0.960977
1.90298 2.0127 -0.961977
1.90498 2.0127 -0.962978
1.90698 2.0127 -0.963979
1.90898 2.0127 -0.964977
1.91098 2.0127 -0.965977
1.91298 2.0127 -0.96698
1.91498 2.0127 -0.968022
1.91703 2.0127 -0.969978
1.91998 2.0127 -0.970977
1.92198 2.0127 -0.971976
1.92398 2.0127 -0.972977
1.92598 2.0127 -0.973977
1.92798 2.0127 -0.974977
1.92998 2.0127 -0.975977
1.93198 2.0127 -0.976977
1.93398 2.0127 -0.977977
1.93598 2.0127 -0.978977
1.93798 2.0127 -0.979977
1.93998 2.0127 -0.980977
1.94198 2.0127 -0.981977
1.94398 2.0127 -0.982977
1.94598 2.0127 -0.983978
1.94798 2.0127 -0.984978
1.94998 2.0127 -0.985976
1.95198 2.0127 -0.986977
1.95398 2.0127 -0.987976
1.95598 2.0127 -0.988977
1.95798 2.0127 -0.989977
1.95998 2.0127 -0.990984
1.96199 2.0127 -0.991977
1.96398 2.0127 -0.992976
1.96598 2.0127 -0.993977
1.96798 2.0127 -0.994977
1.96998 2.0127 -0.995977
1.97198 2.0127 -0.996977
1.97398 2.0127 -0.997976
1.97598 2.0127 -0.998976
1.97798 2.0127 -0.999977
1.97998 2.0127 -1.00098
1.98198 2.0127 -1.00198
1.98398 2.0127 -1.00298
1.98598 2.0127 -1.00398
1.98798 2.0127 -1.00498
1.98998 2.0127 -1.00598
1.99198 2.0127 -1.00698
1.99398 2.0127 -1.00798
1.99598 2.0127 -1.00898
1.99798 2.0127 -1.00998
1.99998 2.0127 -1.01098
2.00198 2.0127 -1.01198
2.00398 2.0127 -1.01298
2.00598 2.0127 -1.01399
2.008 2.0127 -1.01498
2.00998 2.0127 -1.01598
2.01198 2.0127 -1.01698
2.01398 2.0127 -1.01798
2.01598 2.0127 -1.01902
2.01802 2.0127 -1.02098
2.02098 2.0127 -1.02198
2.02298 2.0127 -1.02298
2.02498 2.0127 -1.02398
2.02698 2.0127 -1.02498
2.02898 2.0127 -1.02598
2.03098 2.0127 -1.02698
2.03298 2.0127 -1.02798
2.03498 2.0127 -1.02898
2.03698 2.0127 -1.02998
2.03898 2.0127 -1.03098
2.04098 2.0127 -1.03198
2.04298 2.0127 -1.03298
2.04498 2.0127 -1.03398
2.04698 2.0127 -1.03498
2.04898 2.0127 -1.03598
2.05098 2.0127 -1.03698
2.05298 2.0127 -1.038
2.055 2.0127 -1.03898
2.05698 2.0127 -1.03998
2.05898 2.0127 -1.04098
2.06098 2.0127 -1.04198
2.06298 2.02247 -1.04298
2.06498 2.0127 -1.04398
2.06698 2.0127 -1.04498
