1.719e-06 2.0127 0.00685932
0.0102264 2.0127 0.00688354
0.0201081 2.0127 0.00788901
0.0301065 2.0127 0.00785854
0.0401091 2.0127 0.00788912
0.0501062 2.0127 0.00789266
0.0601101 2.0127 0.00788865
0.0701076 2.0127 0.00789052
0.0801054 2.0127 0.00789104
0.0901045 2.0127 0.00789089
0.100163 2.0127 0.00689151
0.110099 2.0127 0.00788365
0.120109 2.0127 0.00788719
0.130106 2.0127 0.00789068
0.140111 2.0127 0.00788885
0.150106 2.0127 0.0078938
0.160105 2.0127 0.00789177
0.170105 2.0127 0.0078951
0.180107 2.0127 0.00789453
0.190105 2.0127 0.00789385
0.200153 2.0127 0.00689234
0.210106 2.0127 0.00789266
0.220106 2.0127 0.00789167
0.230105 2.0127 0.00789313
0.240105 2.0127 0.00789302
0.250105 2.0127 0.00789458
0.260105 2.0127 0.007895
0.270105 2.0127 0.00789208
0.280106 2.0127 0.00787537
0.290106 2.0127 0.00789443
0.300106 2.0127 0.00789172
0.310107 2.0127 0.00789422
0.320105 2.0127 0.00789318
0.330104 2.0127 0.00789432
0.340105 2.0127 0.00789297
0.350105 2.0127 0.00789333
0.360105 2.0127 0.00789526
0.370105 2.0127 0.00788844
0.380107 2.0127 0.00789401
0.390105 2.0127 0.00789344
0.400105 2.0127 0.00785208
0.410105 2.0127 0.00789469
0.420105 2.0127 0.00789417
0.430104 2.0127 0.007895
0.440104 2.0127 0.00789458
0.450105 2.0127 0.00789031
0.460105 2.0127 0.00789453
0.470105 2.0127 0.00789542
0.480104 2.0127 0.00789458
0.490104 2.0127 0.00789526
0.500105 2.0127 0.00789438
0.510148 2.0127 0.00689401
0.520105 2.0127 0.0078951
0.530106 2.0127 0.00789526
0.540105 2.0127 0.00789422
0.550105 2.0127 0.00789417
0.560104 2.0127 0.00789427
0.570105 2.0127 0.00789354
0.580105 2.0127 0.00789417
0.590106 2.0127 0.00789531
0.600105 2.00293 0.00789469
0.610144 2.0127 0.00689412
0.620105 2.0127 0.00789224
0.630106 2.0127 0.00789443
0.640105 2.0127 0.00789234
0.650104 2.0127 0.00789339
0.660105 2.0127 0.00789344
0.670105 2.0127 0.0078938
0.680105 2.0127 0.00789187
0.690105 2.0127 0.00789287
0.700105 2.0127 0.00787677
0.710104 2.0127 0.00789036
0.720106 2.0127 0.00789234
0.730104 2.0127 0.00789276
0.740105 2.0127 0.00789276
0.750106 2.0127 0.00789385
0.760105 2.0127 0.00789333
0.770105 2.0127 0.0078925
0.780104 2.0127 0.0078937
0.790104 2.0127 0.00789198
0.800105 2.02247 0.00789438
0.810104 2.0127 0.00784859
0.820106 2.0127 0.00789333
0.830099 2.0127 0.00789536
0.840105 2.0127 0.00789099
0.850105 2.0127 0.00789396
0.860104 2.0127 0.00789474
0.870104 2.0127 0.00789438
0.880104 2.0127 0.00789469
0.890105 2.0127 0.00789323
0.900104 2.0127 0.00789464
0.910104 2.0127 0.00789432
0.920148 2.0127 0.00689412
0.930104 2.0127 0.00789469
0.940105 2.0127 0.00789479
0.950104 2.0127 0.00789469
0.960104 2.0127 0.00789427
0.970104 2.0127 0.00789172
0.980105 2.0127 0.00789292
0.990104 2.0127 0.00789464
1.0001 2.0127 0.00789412
1.0101 2.0127 0.00789318
1.02014 2.0127 0.00689297
1.0301 2.0127 0.00789276
1.04011 2.0127 0.00787755
1.05011 2.0127 0.00789432
1.0601 2.0127 0.00789438
1.0701 2.0127 0.00789464
1.08011 2.0127 0.00789531
1.0901 2.0127 0.00789339
1.1001 2.0127 0.00789516
1.1101 2.0127 0.00789214
1.1201 2.0127 0.00789328
1.13011 2.0127 0.00789198
1.14011 2.0127 0.00789318
1.1501 2.0127 0.00789391
1.1601 2.0127 0.0078949
1.1701 2.0127 0.00789271
1.1801 2.0127 0.00789187
1.19011 2.0127 0.00789302
1.2001 2.0127 0.00789495
1.2101 2.0127 0.00788912
1.2201 2.0127 0.00789219
1.23011 2.0127 0.00789526
1.2401 2.0127 0.00789224
1.25011 2.0127 0.00789359
1.2601 2.0127 0.00789448
1.2701 2.0127 0.00789505
1.2801 2.0127 0.00789484
1.2901 2.0127 0.00789469
1.3001 2.0127 0.00789464
1.3101 2.0127 0.00789453
1.3201 2.0127 0.00784797
1.3301 2.0127 0.00789151
1.3401 2.0127 0.0078951
1.3501 2.0127 0.00789495
1.3601 2.0127 0.0078949
1.3701 2.0127 0.00789469
1.3801 2.0127 0.00789234
1.3901 2.0127 0.00789167
1.4001 2.0127 0.00789406
1.4101 2.0127 0.00789401
1.4201 2.0127 0.00785313
1.43011 2.0127 0.00789422
1.4401 2.0127 0.00789453
1.4501 2.0127 0.00789464
1.4601 2.0127 0.00787521
1.4701 2.0127 0.00789495
1.4801 2.0127 0.00789469
1.4901 2.0127 0.00789521
1.5001 2.0127 0.00789412
1.5101 2.0127 0.00789323
1.5201 2.0127 0.00785328
1.53011 2.0127 0.00789505
1.5401 2.0127 0.00789375
1.5501 2.0127 0.00789412
1.5601 2.0127 0.00789464
1.5701 2.0127 0.00789406
1.5801 2.0127 0.00789417
1.5901 2.0127 0.007895
1.6001 2.0127 0.00789479
1.6101 2.0127 0.00789422
1.6201 2.0127 0.0078949
1.63015 2.0127 0.00688974
1.64011 2.0127 0.00789261
1.6501 2.0127 0.00789391
1.66011 2.0127 0.00789391
1.6701 2.0127 0.00789448
1.6801 2.0127 0.00789479
1.6901 2.0127 0.00789427
1.7001 2.0127 0.00789354
1.7101 2.0127 0.00789385
1.7201 2.0127 0.00789469
1.73014 2.0127 0.00689365
1.7401 2.0127 0.00789323
1.7501 2.0127 0.00789589
1.7601 2.0127 0.00789536
1.7701 2.0127 0.00789432
1.7801 2.00293 0.00789349
1.7901 2.0127 0.00789333
1.8001 2.0127 0.00789521
1.8101 2.0127 0.00789323
1.8201 2.0127 0.00789344
1.8301 2.0127 0.0078912
1.8401 2.0127 0.00789536
1.8501 2.0127 0.00789427
1.8601 2.0127 0.00789479
1.8701 2.0127 0.00788854
1.8801 2.0127 0.0078949
1.8901 2.0127 0.00789474
1.9001 2.0127 0.00789531
1.9101 2.0127 0.00789464
1.9201 2.0127 0.00789458
1.9301 2.0127 0.00785458
1.9401 2.0127 0.0078949
1.9501 2.0127 0.00789438
1.9601 2.0127 0.00789432
1.9701 2.0127 0.00789479
1.9801 2.0127 0.00789458
1.9901 2.0127 0.00789474
2.0001 2.02247 0.00789453
2.0101 2.0127 0.00789484
2.0201 2.0127 0.00789302
2.0301 2.0127 0.00784391
2.04011 2.0127 0.00789297
2.05011 2.0127 0.00789432
2.06011 2.0127 0.00789464
2.0701 2.0127 0.0078938
2.0801 2.0127 0.00789276
2.0901 2.0127 0.00789542
2.1001 2.0127 0.00789464
2.1101 2.0127 0.00789484
2.1201 2.0127 0.00789484
2.1301 2.0127 0.0078936
2.14014 2.0127 0.0068925
2.1501 2.0127 0.00789495
2.1601 2.0127 0.00789547
2.1701 2.0127 0.00789469
2.1801 2.0127 0.00789412
2.1901 2.0127 0.00789432
2.2001 2.0127 0.00789396
2.2101 2.0127 0.00789161
2.2201 2.0127 0.00789198
2.2301 2.0127 0.0078924
2.2401 2.0127 0.00789224
2.2501 2.0127 0.00789354
2.2601 2.0127 0.00789281
2.2701 2.0127 0.00789193
2.2801 2.0127 0.00789474
2.2901 2.0127 0.00787771
2.3001 2.0127 0.00789313
2.3101 2.0127 0.00789453
2.3201 2.0127 0.00789359
2.3301 2.0127 0.00789354
2.3401 2.0127 0.00785146
2.3501 2.0127 0.00789417
2.3601 2.0127 0.00789333
2.3701 2.0127 0.00789318
2.3801 2.0127 0.0078924
2.3901 2.0127 0.00789432
2.4001 2.0127 0.00789464
2.4101 2.0127 0.00789531
2.4201 2.0127 0.00789443
2.4301 2.0127 0.00789333
2.4401 2.0127 0.00785188
2.4501 2.0127 0.00789474
2.4601 2.0127 0.00789235
2.4701 2.0127 0.00789313
2.4801 2.0127 0.00789354
2.4901 2.0127 0.00789375
2.5001 2.0127 0.007895
2.5101 2.0127 0.00789245
2.5201 2.0127 0.00789396
2.53011 2.0127 0.00789276
2.5401 2.0127 0.00789469
2.55011 2.0127 0.00789323
2.5601 2.0127 0.00789224
2.5701 2.0127 0.00789292
2.5801 2.0127 0.00789412
2.5901 2.0127 0.00789484
2.6001 2.0127 0.00789448
2.6101 2.0127 0.00789479
2.6201 2.0127 0.0078949
2.6301 2.0127 0.00788922
2.6401 2.0127 0.00789396
2.65014 2.0127 0.00689307
2.6601 2.0127 0.00789542
2.6701 2.0127 0.00789495
2.6801 2.0127 0.00789406
2.6901 2.0127 0.00789448
2.7001 2.0127 0.00789542
2.7101 2.0127 0.00787531
2.7201 2.0127 0.0078924
2.7301 2.0127 0.00789432
2.7401 2.0127 0.00789417
2.75015 2.0127 0.0068912
2.7601 2.0127 0.00789292
2.7701 2.0127 0.00789287
2.7801 2.0127 0.00789505
2.79011 2.0127 0.00789516
2.8001 2.0127 0.00789401
2.8101 2.0127 0.00789438
2.8201 2.0127 0.00789531
2.83011 2.0127 0.00789484
2.8401 2.0127 0.00789438
2.8501 2.0127 0.00789391
2.8601 2.0127 0.00789505
2.8701 2.0127 0.00789505
2.8801 2.0127 0.00789474
2.8901 2.0127 0.00789557
2.9001 2.0127 0.00789469
2.9101 2.0127 0.00789469
2.9201 2.0127 0.00789453
2.9301 2.0127 0.00789432
2.9401 2.0127 0.00789391
2.9501 2.0127 0.00785349
2.96011 2.0127 0.00789417
2.9701 2.0127 0.00789339
2.9801 2.0127 0.00789521
2.9901 2.0127 0.00789484
3.0001 2.0127 0.00789484
3.0101 2.0127 0.00789453
3.0201 2.0127 0.007895
3.0301 2.0127 0.00789458
3.0401 2.0127 0.00789495
3.0501 2.0127 0.00778974
3.06011 2.0127 0.00788594
3.07011 2.0127 0.00788745
3.08011 2.0127 0.00788813
3.09011 2.0127 0.00788943
3.10011 2.0127 0.00789063
3.1101 2.0127 0.0078899
3.1201 2.0127 0.00788886
3.1301 2.0127 0.00788995
3.14011 2.0127 0.00789016
3.15011 2.0127 0.00788828
3.16015 2.0127 0.00688698
3.17011 2.0127 0.00788995
3.1801 2.0127 0.00789042
3.19011 2.0127 0.00788912
3.20011 2.0127 0.0078901
3.21011 2.0127 0.00788735
3.22011 2.0127 0.00789037
3.23011 2.0127 0.00788948
3.2401 2.0127 0.00788865
3.2501 2.0127 0.00788969
3.26015 2.0127 0.00688953
3.2701 2.0127 0.00788787
3.2801 2.0127 0.00788797
3.2901 2.0127 0.00788964
3.3001 2.0127 0.00788995
3.3101 2.0127 0.00788974
3.32011 2.0127 0.0078901
3.33011 2.0127 0.00788859
3.3401 2.0127 0.00788958
3.3501 2.0127 0.00788953
3.3601 2.0127 0.00788901
3.3701 2.0127 0.00788906
3.38011 2.0127 0.00788896
3.3901 2.0127 0.00788625
3.40011 2.0127 0.0078899
3.41011 2.0127 0.00788833
3.4201 2.0127 0.00789037
3.4301 2.0127 0.00788948
3.44011 2.0127 0.00788912
3.4501 2.0127 0.00788953
3.46011 2.0127 0.00784552
3.47011 2.0127 0.00785375
3.48011 2.0127 0.00788875
3.49011 2.0127 0.00788849
3.50011 2.0127 0.00789021
3.51011 2.0127 0.00788901
3.5201 2.0127 0.00788943
3.5301 2.0127 0.00788891
3.54011 2.0127 0.00788959
3.55011 2.0127 0.00788922
3.5601 2.0127 0.00784828
3.57011 2.0127 0.00788839
3.5801 2.0127 0.00788901
3.59011 2.0127 0.00788917
3.60011 2.0127 0.00788953
3.6101 2.0127 0.00788849
3.6201 2.0127 0.00788974
3.6301 2.0127 0.00788849
3.64011 2.0127 0.00788953
3.6501 2.0127 0.00788943
3.6601 2.0127 0.00789047
3.67015 2.0127 0.00688703
3.6801 2.0127 0.00788886
3.69011 2.0127 0.00788886
3.7001 2.0127 0.00789229
3.71011 2.0127 0.00767427
3.72011 2.0127 0.00788828
3.7301 2.0127 0.00788844
3.74011 2.0127 0.00789026
3.7501 2.0127 0.00788984
3.7601 2.0127 0.00788917
3.7701 2.0127 0.00788787
3.78011 2.0127 0.00788969
3.7901 2.0127 0.00788896
3.80011 2.0127 0.00789026
3.81011 2.0127 0.00788995
3.82011 2.0127 0.00789026
3.83011 2.0127 0.00788984
3.8401 2.0127 0.00788964
3.85011 2.0127 0.00788974
3.86011 2.0127 0.00788964
3.8701 2.0127 0.00784854
3.88011 2.0127 0.00785412
3.8901 2.0127 0.00788896
3.9001 2.0127 0.00789026
3.9101 2.0127 0.0078887
3.92011 2.0127 0.00788813
3.9301 2.0127 0.00788641
3.9401 2.0127 0.00788813
3.9501 2.0127 0.0078887
3.9601 2.0127 0.00788844
3.9701 2.0127 0.00788766
3.98015 2.0127 0.00688479
3.99011 2.0127 0.0078874
4.00011 2.0127 0.00788839
4.0101 2.0127 0.00788761
4.0201 2.0127 0.00788886
4.03011 2.0127 0.00788776
4.0401 2.0127 0.00788875
4.05011 2.0127 0.00788761
4.0601 2.0127 0.00788761
4.0701 2.0127 0.00788807
4.08011 2.0127 0.00784735
4.09011 2.0127 0.00788724
4.1001 2.0127 0.0078886
4.1101 2.0127 0.00788646
4.12011 2.0127 0.00788797
4.13011 2.0127 0.00788948
4.1401 2.0127 0.00788974
4.1501 2.0127 0.00788891
4.1601 2.0127 0.00788938
4.17011 2.0127 0.00788896
4.18011 2.0127 0.00788886
4.19015 2.0127 0.00688656
4.20011 2.0127 0.00788901
4.21011 2.0127 0.00788943
4.2201 2.0127 0.00788776
4.2301 2.0127 0.00788922
4.24011 2.0127 0.00788844
4.2501 2.0127 0.00788984
4.2601 2.0127 0.0078888
4.2701 2.0127 0.00788813
4.28011 2.0127 0.00788948
4.29015 2.0127 0.00688766
4.30011 2.0127 0.00788959
4.31011 2.0127 0.0078888
4.32011 2.0127 0.00788948
4.33011 2.0127 0.00789011
4.3401 2.0127 0.00788943
4.3501 2.0127 0.00788922
4.36011 2.0127 0.00789021
4.3701 2.0127 0.00788938
4.38011 2.0127 0.00788969
4.39011 2.0127 0.00788917
4.40011 2.0127 0.00788953
4.41011 2.0127 0.00788938
4.4201 2.0127 0.00788958
4.4301 2.0127 0.00788995
4.4401 2.0127 0.0078888
4.45011 2.0127 0.00788922
4.4601 2.0127 0.00789016
4.47011 2.0127 0.00788787
4.48011 2.0127 0.00788818
4.4901 2.0127 0.00784714
4.5001 2.0127 0.00788875
4.5101 2.0127 0.00788974
4.5201 2.0127 0.00788984
4.5301 2.0127 0.00789021
4.5401 2.0127 0.00788933
4.55011 2.0127 0.00788953
4.5601 2.0127 0.00788948
4.5701 2.0127 0.00788995
4.5801 2.0127 0.00789047
4.5901 2.0127 0.00784959
4.6001 2.0127 0.00788886
4.6101 2.0127 0.0078887
4.6201 2.0127 0.00788886
4.6301 2.0127 0.00788948
4.6401 2.0127 0.00788912
4.6501 2.0127 0.00789058
4.66011 2.0127 0.00788958
4.6701 2.0127 0.00788964
4.68011 2.0127 0.00788958
4.69011 2.0127 0.00788938
4.70015 2.0127 0.00688938
4.7101 2.0127 0.00788901
4.7201 2.0127 0.00788844
4.7301 2.0127 0.00788828
4.74011 2.0127 0.00789011
4.7501 2.0127 0.00789042
4.76011 2.0127 0.00788896
4.7701 2.0127 0.0078888
4.7801 2.0127 0.00788953
4.79011 2.0127 0.00788943
4.80015 2.0127 0.0068886
4.8101 2.0127 0.00788781
4.82011 2.0127 0.00788922
4.8301 2.0127 0.00788964
4.8401 2.0127 0.00788959
4.8501 2.0127 0.00788964
4.86011 2.0127 0.00789037
4.8701 2.0127 0.00788933
4.88011 2.0127 0.00788964
4.8901 2.0127 0.00788896
4.90014 2.0127 0.00688969
4.91011 2.0127 0.00788828
4.92011 2.0127 0.00788906
4.9301 2.0127 0.00789016
4.94011 2.0127 0.0078899
4.9501 2.0127 0.00789016
4.9601 2.0127 0.00788995
4.97011 2.0127 0.00788875
4.98011 2.0127 0.00788958
4.9901 2.0127 0.00788922
5.0001 2.0127 0.00788849
5.01011 2.0127 0.00788958
5.0201 2.0127 0.0078886
5.03011 2.0127 0.00789037
5.04011 2.0127 0.00788958
5.05011 2.0127 0.00788953
5.0601 2.0127 0.00788854
5.07011 2.0127 0.00788615
5.08011 2.0127 0.00788766
5.09011 2.0127 0.00788828
5.10011 2.0127 0.00784474
5.11011 2.0127 0.00788974
5.12011 2.0127 0.00788886
5.1301 2.0127 0.00788891
5.14011 2.0127 0.00789042
5.1501 2.0127 0.00788537
5.16011 2.0127 0.00788886
5.1701 2.0127 0.0078862
5.1801 2.0127 0.00789
5.19011 2.0127 0.00788948
5.20011 2.0127 0.00784875
5.21011 2.0127 0.0078887
5.22011 2.0127 0.00788776
5.23011 2.0127 0.00788823
5.24011 2.0127 0.0078875
5.25011 2.0127 0.00788886
5.2601 2.0127 0.00788953
5.2701 2.0127 0.00788958
5.28011 2.0127 0.00788917
5.2901 2.0127 0.0078899
5.3001 2.0127 0.00789005
5.31015 2.0127 0.0068874
5.3201 2.0127 0.00788802
5.33011 2.0127 0.00788823
5.3401 2.0127 0.00788995
5.3501 2.0127 0.00789037
5.36011 2.0127 0.00788922
5.3701 2.0127 0.0078899
5.3801 2.0127 0.00789162
5.39011 2.0127 0.00788974
5.4001 2.0127 0.00788969
5.41015 2.0127 0.00688714
5.42011 2.0127 0.00788969
5.43011 2.0127 0.0078899
5.4401 2.0127 0.00788938
5.4501 2.0127 0.00788927
5.46011 2.0127 0.00788912
5.4701 2.0127 0.0078899
5.48011 2.0127 0.00788891
5.4901 2.0127 0.00788886
5.5001 2.0127 0.00789042
5.51011 2.0127 0.0078875
5.52011 2.0127 0.00789026
5.5301 2.0127 0.00788912
5.5401 2.0127 0.00788958
5.5501 2.0127 0.00788995
5.56011 2.0127 0.00788901
5.57011 2.0127 0.00788709
5.58011 2.0127 0.00789016
5.5901 2.0127 0.00788875
5.60011 2.0127 0.00788969
5.6101 2.0127 0.00784667
5.62011 2.0127 0.00788985
5.63011 2.0127 0.00788938
5.6401 2.0127 0.00788912
5.6501 2.0127 0.0078887
5.6601 2.0127 0.00789084
5.6701 2.0127 0.00789021
5.68011 2.0127 0.00788948
5.69011 2.0127 0.00788802
5.70011 2.0127 0.00789021
5.71011 2.0127 0.00784735
5.72011 2.0127 0.00788917
5.7301 2.0127 0.00788849
5.74011 2.0127 0.00788818
5.75011 2.0127 0.00788886
5.76011 2.0127 0.00789021
5.7701 2.0127 0.00789021
5.78011 2.0127 0.00788995
5.79011 2.0127 0.00777339
5.80011 2.0127 0.00788953
5.81011 2.0127 0.00788834
5.82015 2.0127 0.00688854
5.8301 2.0127 0.00788927
5.8401 2.0127 0.00788912
5.85011 2.0127 0.00788948
5.8601 2.0127 0.00788985
5.8701 2.0127 0.00788891
5.88011 2.0127 0.00788943
5.89011 2.0127 0.00789005
5.9001 2.0127 0.00789
5.9101 2.0127 0.00788849
5.92015 2.0127 0.00688636
5.9301 2.0127 0.00788917
5.9401 2.0127 0.00788943
5.9501 2.0127 0.00789058
5.96011 2.0127 0.0078887
5.9701 2.0127 0.00788781
5.9801 2.0127 0.00788828
5.9901 2.0127 0.00788922
6.0001 2.0127 0.00788901
6.01011 2.0127 0.00788891
6.02015 2.0127 0.00688589
6.03011 2.0127 0.00788761
6.04011 2.0127 0.00788886
6.0501 2.0127 0.00788854
6.0601 2.0127 0.00788781
6.0701 2.0127 0.00788703
6.0801 2.0127 0.00788656
6.09011 2.0127 0.00788787
6.1001 2.0127 0.00788834
6.1101 2.0127 0.00788813
6.1201 2.0127 0.00788646
6.13011 2.0127 0.00788657
6.14011 2.0127 0.00788797
6.1501 2.0127 0.00788766
6.1601 2.0127 0.00788834
6.1701 2.0127 0.00788703
6.1801 2.0127 0.00788683
6.1901 2.0127 0.00788615
6.20011 2.0127 0.00788938
6.21011 2.0127 0.00788854
6.2201 2.0127 0.00788844
6.23011 2.0127 0.00788719
6.24011 2.0127 0.0078886
6.2501 2.0127 0.00788766
6.26011 2.0127 0.00788912
6.27011 2.0127 0.00788901
6.28011 2.0127 0.00788844
6.29011 2.0127 0.00788844
6.30011 2.0127 0.00788974
6.31011 2.0127 0.00785156
6.32011 2.0127 0.00784636
6.33011 2.0127 0.0078887
6.3401 2.0127 0.00788985
6.35011 2.0127 0.00788979
6.3601 2.0127 0.00789026
6.3701 2.0127 0.00788933
6.3801 2.0127 0.00788938
6.39011 2.0127 0.00789016
6.4001 2.0127 0.00788922
6.41011 2.0127 0.00788959
6.4201 2.0127 0.00789037
6.43015 2.0127 0.00688703
6.44011 2.0127 0.00788969
6.4501 2.0127 0.00788865
6.4601 2.0127 0.00788959
6.4701 2.0127 0.00788985
6.4801 2.0127 0.0078886
6.4901 2.0127 0.00788896
6.5001 2.0127 0.00788969
6.5101 2.0127 0.00789063
6.5201 2.0127 0.00788896
6.5301 2.0127 0.00788667
6.5401 2.0127 0.00788886
6.5501 2.0127 0.00788927
6.5601 2.0127 0.00788953
6.57011 2.0127 0.00788823
6.5801 2.0127 0.00788964
6.59011 2.0127 0.00788912
6.6001 2.0127 0.0078899
6.6101 2.0127 0.00788943
6.6201 2.0127 0.00789
6.6301 2.0127 0.00784735
6.64011 2.0127 0.00788834
6.65011 2.0127 0.00785063
6.66011 2.0127 0.00789032
6.6701 2.0127 0.00788891
6.6801 2.0127 0.00788933
6.69011 2.0127 0.0078887
6.7001 2.0127 0.00788917
6.7101 2.0127 0.00788948
6.7201 2.0127 0.00788953
6.7301 2.0127 0.00788995
6.74015 2.0127 0.00688953
6.75011 2.0127 0.00789032
6.76011 2.0127 0.00788933
6.77011 2.0127 0.00788938
6.78011 2.0127 0.00789063
6.7901 2.0127 0.00788886
6.8001 2.0127 0.00788959
6.81011 2.0127 0.00788979
6.8201 2.0127 0.00788959
6.8301 2.0127 0.00789026
6.8401 2.0127 0.0078486
6.85011 2.0127 0.00788943
6.8601 2.0127 0.00789032
6.8701 2.0127 0.00788943
6.8801 2.0127 0.00788828
6.8901 2.0127 0.00788865
6.90011 2.0127 0.00788959
6.9101 2.0127 0.00788927
6.9201 2.0127 0.00788995
6.93011 2.0127 0.00789005
6.9401 2.0127 0.00788995
6.95015 2.0127 0.00688844
6.9601 2.0127 0.00788844
6.9701 2.0127 0.00788881
6.98011 2.0127 0.00789042
6.99011 2.0127 0.00788933
7.00011 2.0127 0.00788787
7.01011 2.0127 0.00788948
7.0201 2.0127 0.00789052
7.0301 2.0127 0.00788881
7.0401 2.0127 0.00788844
7.05015 2.0127 0.00688834
7.0601 2.0127 0.00788948
7.0701 2.0127 0.00785047
7.08011 2.0127 0.00788933
7.09011 2.0127 0.00788927
7.1001 2.0127 0.00788995
7.11011 2.0127 0.00788985
7.12011 2.0127 0.00789042
7.1301 2.0127 0.00788995
7.1401 2.0127 0.00789084
7.15011 2.0127 0.00788896
7.1601 2.0127 0.00788979
7.1701 2.0127 0.00788917
7.18011 2.0127 0.00788891
7.19011 2.0127 0.00789005
7.2001 2.0127 0.00789005
7.21011 2.0127 0.00788881
7.2201 2.0127 0.00788912
7.2301 2.0127 0.00788844
7.24011 2.0127 0.00788927
7.2501 2.0127 0.00785115
7.26011 2.0127 0.00788865
7.2701 2.0127 0.00788808
7.28011 2.0127 0.00788974
7.2901 2.0127 0.00788901
7.30011 2.0127 0.00788985
7.3101 2.0127 0.0078911
7.3201 2.0127 0.00788693
7.33011 2.0127 0.00788865
7.34011 2.0127 0.0078875
7.3501 2.0127 0.00789068
7.36011 2.0127 0.00788938
7.3701 2.0127 0.00788933
7.3801 2.0127 0.00788901
7.3901 2.0127 0.00789011
7.4001 2.0127 0.00788933
7.4101 2.0127 0.00785136
7.42011 2.0127 0.00788823
7.4301 2.0127 0.00788917
7.44011 2.0127 0.00788933
7.4501 2.0127 0.00788953
7.46015 2.0127 0.00688974
7.4701 2.0127 0.00788844
7.4801 2.0127 0.00788881
7.49011 2.0127 0.00788943
7.5001 2.0127 0.00788959
7.51011 2.0127 0.00788964
7.52011 2.0127 0.00788933
7.5301 2.0127 0.00788912
7.54011 2.0127 0.00789
7.5501 2.0127 0.00788907
7.5601 2.0127 0.00788849
7.57011 2.0127 0.00789016
7.58011 2.0127 0.0078911
7.5901 2.0127 0.00788886
7.6001 2.0127 0.00788834
7.6101 2.0127 0.0078873
7.6201 2.0127 0.00788901
7.63011 2.0127 0.00788844
7.6401 2.0127 0.00788709
7.6501 2.0127 0.00788849
7.6601 2.0127 0.00784766
7.6701 2.0127 0.00788755
7.68011 2.0127 0.00788656
7.69011 2.0127 0.00788693
7.70011 2.0127 0.0078886
7.71011 2.0127 0.00788808
7.7201 2.0127 0.00788719
7.73011 2.0127 0.00788787
7.7401 2.0127 0.00788808
7.75011 2.0127 0.00788662
7.76011 2.0127 0.0078474
7.77011 2.0127 0.00788834
7.7801 2.0127 0.00788823
7.7901 2.0127 0.00788506
7.8001 2.0127 0.00788907
7.81011 2.0127 0.00788792
7.8201 2.0127 0.00789016
7.83011 2.0127 0.00785156
7.84011 2.0127 0.00788901
7.85011 2.0127 0.00788979
7.86011 2.0127 0.00789005
7.87014 2.0127 0.006885
7.88011 2.0127 0.00788886
7.89011 2.0127 0.00788964
7.9001 2.0127 0.00788886
7.91011 2.0127 0.00788953
7.92011 2.0127 0.00788855
7.9301 2.0127 0.00788849
7.94011 2.0127 0.00789016
7.9501 2.0127 0.00788959
7.9601 2.0127 0.00788917
7.9701 2.0127 0.00788724
7.98011 2.0127 0.00788948
7.9901 2.0127 0.00788886
8.0001 2.0127 0.00788896
8.01011 2.0127 0.00788922
8.0201 2.0127 0.00788891
8.0301 2.0127 0.00789078
8.04011 2.0127 0.00788959
8.05011 2.0127 0.00788927
8.0601 2.0127 0.00789068
8.0701 2.0127 0.00788698
8.08011 2.0127 0.00788792
8.09011 2.0127 0.00788855
8.1001 2.0127 0.00788933
8.11011 2.0127 0.00788766
8.12011 2.0127 0.00788766
8.13011 2.0127 0.00788849
8.1401 2.0127 0.00788735
8.15011 2.0127 0.00788776
8.1601 2.0127 0.00788714
8.17011 2.0127 0.00784604
8.18011 2.0127 0.00788823
8.19011 2.0127 0.00788662
8.20011 2.0127 0.00788818
8.2101 2.0127 0.00788886
8.22011 2.0127 0.00788802
8.2301 2.0127 0.00788808
8.2401 2.0127 0.00788834
8.2501 2.0127 0.00788698
8.26011 2.0127 0.00788688
8.2701 2.0127 0.00789058
8.28014 2.0127 0.00688672
8.29011 2.0127 0.00788953
8.30011 2.0127 0.00788964
8.31011 2.0127 0.00788901
8.3201 2.0127 0.00785203
8.33011 2.0127 0.00788901
8.3401 2.0127 0.0078899
8.3501 2.0127 0.00788891
8.36011 2.0127 0.00788985
8.3701 2.0127 0.00788974
8.38015 2.0127 0.00688875
8.39011 2.0127 0.00788917
8.40011 2.0127 0.00788907
8.4101 2.0127 0.00788849
8.4201 2.0127 0.00788844
8.4301 2.0127 0.00788886
8.4401 2.0127 0.00788964
8.4501 2.0127 0.00788969
8.46011 2.0127 0.00789131
8.4701 2.0127 0.00788787
8.4801 2.0127 0.00784823
8.49011 2.0127 0.00788912
8.5001 2.0127 0.00789032
8.5101 2.0127 0.00788677
8.52011 2.0127 0.0078887
8.5301 2.0127 0.00788808
8.54011 2.0127 0.00788849
8.5501 2.0127 0.00788901
8.5601 2.0127 0.00789032
8.5701 2.0127 0.00788865
8.5801 2.0127 0.00784459
8.59011 2.0127 0.00788834
8.60011 2.0127 0.00788907
8.61011 2.0127 0.00788792
8.6201 2.0127 0.00788948
8.63011 2.0127 0.0078886
8.64011 2.0127 0.00789016
8.6501 2.0127 0.00788959
8.6601 2.0127 0.00789099
8.67011 2.0127 0.00788938
8.6801 2.0127 0.00788959
8.6901 2.0127 0.00788875
8.70011 2.0127 0.00788974
8.7101 2.0127 0.00789016
8.7201 2.0127 0.00788953
8.73011 2.0127 0.0078887
8.7401 2.0127 0.00788917
8.7501 2.0127 0.00789
8.7601 2.0127 0.00788933
8.77011 2.0127 0.0078899
8.7801 2.0127 0.00788953
8.7901 2.0127 0.00788948
8.80011 2.0127 0.00789016
8.8101 2.0127 0.00788943
8.82011 2.0127 0.00789042
8.8301 2.0127 0.00788896
8.8401 2.0127 0.00788875
8.85011 2.0127 0.00788974
8.8601 2.0127 0.00789006
8.87011 2.0127 0.00788995
8.88011 2.0127 0.00788907
8.89015 2.0127 0.00688516
8.90011 2.0127 0.00788995
8.91011 2.0127 0.00788912
8.9201 2.0127 0.00788875
8.93011 2.0127 0.00789011
8.9401 2.0127 0.00788954
8.95011 2.0127 0.00788979
8.9601 2.0127 0.00788912
8.97011 2.0127 0.00789068
8.98011 2.0127 0.00788985
8.99015 2.0127 0.00688761
9.0001 2.0127 0.00788724
9.0101 2.0127 0.00788907
9.0201 2.0127 0.0078899
9.03011 2.0127 0.00788933
9.0401 2.0127 0.00788823
9.0501 2.0127 0.00789
9.0601 2.0127 0.00788933
9.0701 2.0127 0.00788933
9.08011 2.0127 0.00785391
9.0901 2.0127 0.00784735
9.10011 2.0127 0.00789021
9.11011 2.0127 0.00788844
9.1201 2.0127 0.00788969
9.13011 2.0127 0.00788974
9.1401 2.0127 0.0078899
9.1501 2.0127 0.00788761
9.1601 2.0127 0.00788933
9.17011 2.0127 0.0078886
9.1801 2.0127 0.00788959
9.1901 2.0127 0.00784735
9.20011 2.0127 0.00788886
9.21011 2.0127 0.00788823
9.2201 2.0127 0.00789032
9.23011 2.0127 0.0078886
9.24011 2.0127 0.00788881
9.2501 2.0127 0.00788959
9.2601 2.0127 0.00788927
9.2701 2.0127 0.00788766
9.28011 2.0127 0.00788953
9.2901 2.0127 0.0078886
9.30014 2.0127 0.00688886
9.31011 2.0127 0.00788829
9.32011 2.0127 0.00788917
9.3301 2.0127 0.00788797
9.34011 2.0127 0.00789021
9.3501 2.0127 0.00788927
9.3601 2.0127 0.00788995
9.3701 2.0127 0.00789177
9.3801 2.0127 0.00789
9.39011 2.0127 0.00789016
9.4001 2.0127 0.00788693
9.41011 2.0127 0.00788745
9.4201 2.0127 0.00789063
9.4301 2.0127 0.00788896
9.4401 2.0127 0.00788881
9.45011 2.0127 0.00788917
9.4601 2.0127 0.00789042
9.4701 2.0127 0.00788974
9.4801 2.0127 0.00788953
9.4901 2.0127 0.00789058
9.5001 2.0127 0.00785219
9.5101 2.0127 0.00788818
9.52011 2.0127 0.00788813
9.53011 2.0127 0.00788881
9.5401 2.0127 0.00789063
9.5501 2.0127 0.0078886
9.56011 2.0127 0.00788985
9.5701 2.0127 0.00788943
9.5801 2.0127 0.00789026
9.59011 2.0127 0.00788802
9.60011 2.0127 0.00785079
9.61011 2.0127 0.00788792
9.62011 2.0127 0.00788933
9.63011 2.0127 0.00788959
9.64011 2.0127 0.00788881
9.65011 2.0127 0.00788917
9.6601 2.0127 0.00789079
9.6701 2.0127 0.00789
9.6801 2.0127 0.00788995
9.69011 2.0127 0.00788974
9.70011 2.0127 0.00789058
9.71015 2.0127 0.00688771
9.72011 2.0127 0.00788943
9.73011 2.02247 0.00788922
9.7401 2.0127 0.00788985
9.7501 2.0127 0.00789011
9.7601 2.0127 0.00788938
9.77011 2.0127 0.00788881
9.78011 2.0127 0.00788979
9.7901 2.0127 0.00789219
9.80011 2.0127 0.00788844
9.81015 2.0127 0.00688776
9.82011 2.0127 0.00788907
9.83011 2.0127 0.00789011
9.8401 2.0127 0.00785428
9.85011 2.0127 0.00788933
9.86011 2.0127 0.00789094
9.8701 2.0127 0.00789011
9.8801 2.0127 0.00788938
9.89011 2.0127 0.00788995
9.9001 2.0127 0.00789053
9.91014 2.0127 0.00688729
9.9201 2.0127 0.00788907
9.9301 2.0127 0.00788969
9.9401 2.0127 0.0078899
9.9501 2.0127 0.00777125
9.96011 2.0127 0.00788865
9.9701 2.0127 0.00788917
9.98011 2.0127 0.00788974
9.99011 2.0127 0.00788886
10.0001 2.0127 0.00789026
10.0101 2.0127 0.00688959
10.0201 2.0127 0.00788865
10.0301 2.0127 0.00788901
10.0401 2.0127 0.0078899
10.0501 2.0127 0.00789053
10.0601 2.0127 0.00788938
10.0701 2.0127 0.0078899
10.0801 2.0127 0.0078899
10.0901 2.0127 0.00788938
10.1001 2.0127 0.00789037
10.1101 2.0127 0.00788605
10.1201 2.0127 0.00788849
10.1301 2.0127 0.00788938
10.1401 2.02247 0.0078899
10.1501 2.0127 0.00788974
10.1601 2.0127 0.00788787
10.1701 2.0127 0.00788641
10.1801 2.0127 0.00788808
10.1901 2.0127 0.00788459
10.2001 2.0127 0.00788521
10.2101 2.0127 0.00788599
10.2201 2.0127 0.00788849
10.2301 2.0127 0.00788776
