2.187e-06 0 0.00130036
0.00224667 0 0.00119177
0.00412807 0 0.00121479
0.00611297 0 0.00136307
0.00810432 0 0.00137969
0.0101039 0 0.0013824
0.0121031 0 0.00138333
0.0141029 0 0.00138354
0.0161021 0 0.00138188
0.0181028 0 0.0013813
0.0201026 0 0.00138781
0.0221026 0 0.00137969
0.0241026 0 0.00137974
0.0261026 0 0.00137755
0.0281029 0 0.00137714
0.0301047 0 0.00138203
0.0321022 0 0.00138229
0.0341025 0 0.00138333
0.0361028 0 0.00138615
0.0381041 0 0.00137865
0.040103 0 0.00138198
0.0421027 0 0.0013826
0.0441026 0 0.00138443
0.0461024 0 0.00136224
0.048107 0 0.00137615
0.0501032 0 0.00137912
0.0521024 0 0.00138807
0.054103 0 0.00138297
0.0561101 0 0.00136844
0.0581063 0 0.00137927
0.0601036 0 0.00138703
0.0621028 0 0.00138214
0.0641031 0 0.00138281
0.0661173 0 0.00131354
0.068112 0 0.00137203
0.0701038 0 0.00137833
0.0721037 0 0.00137859
0.0741032 0 0.00138214
0.0761028 0 0.00138615
0.0781049 0 0.0013824
0.0801029 0 0.00138328
0.082103 0 0.00138349
0.0841027 0 0.00138922
0.0861027 0 0.00136573
0.0881034 0 0.00137948
0.0901024 0 0.00137958
0.0921031 0 0.00138432
0.0941029 0 0.00138307
0.0961025 0 0.00138021
0.0981039 0 0.00138302
0.100167 0 0.00125224
0.102104 0 0.00138037
0.104102 0 0.00136245
0.106103 0 0.00137141
0.108103 0 0.00138188
0.110102 0 0.00137859
0.112103 0 0.00137922
0.114103 0 0.00137984
0.116102 0 0.00138662
0.118103 0 0.00138214
0.120103 0 0.00138255
0.122103 0 0.00138365
0.124103 0 0.00138776
0.126103 0 0.00138193
0.128103 0 0.00138255
0.130103 0 0.00138021
0.132103 0 0.00138448
0.134102 0 0.00137979
0.136107 0 0.0013676
0.138105 0 0.00137792
0.140103 0 0.00138495
0.142103 0 0.0013825
0.144103 0 0.00137495
0.146102 0 0.00138036
0.148103 0 0.00138714
0.150103 0 0.00138365
0.152103 0 0.00137964
0.154103 0 0.00137974
0.156102 0 0.00138198
0.158102 0 0.00137906
0.160102 0 0.00138318
0.162102 0 0.00138271
0.164103 0 0.0013874
0.166102 0 0.00138224
0.168103 0 0.00138307
0.170103 0 0.00138245
0.172102 0 0.00138813
0.174103 0 0.00137937
0.176102 0 0.00137755
0.178103 0 0.00137958
0.180102 0 0.00138401
0.182103 0 0.0013837
0.184103 0 0.00137557
0.186103 0 0.00138083
0.188103 0 0.00138651
0.190103 0 0.0013826
0.192103 0 0.00138354
0.194103 0 0.0013799
0.196102 0 0.00138042
0.198105 0 0.00138
0.200102 0 0.0013312
0.202105 0 0.0013813
0.204103 0 0.00138708
0.206103 0 0.00137167
0.208106 0 0.00138156
0.210103 0 0.00138198
0.212103 0 0.00138656
0.214103 0 0.00138177
0.216103 0 0.00137568
0.218103 0 0.00137844
0.220104 0 0.00138458
0.222103 0 0.00137901
0.224102 0 0.00137859
0.226103 0 0.00138156
0.228103 0 0.00138828
0.230103 0 0.00138339
0.232103 0 0.0013826
0.234103 0 0.00138375
0.236102 0 0.00138615
0.238102 0 0.00137885
0.240102 0 0.00137917
0.242102 0 0.0013801
0.244102 0 0.00138443
0.246102 0 0.00138156
0.248103 0 0.00138224
0.250103 0 0.0013826
0.252102 0 0.00138771
0.254103 0 0.00138302
0.256103 0 0.00137813
0.258103 0 0.00138302
0.260103 0 0.0013838
0.262103 0 0.0013799
0.264102 0 0.00137432
0.266113 0 0.00135104
0.268109 0 0.00138354
0.270104 0 0.00138104
0.272103 0 0.00138177
0.274103 0 0.00138229
0.276102 0 0.00138594
0.278103 0 0.0013826
0.280104 0 0.00138307
0.282102 0 0.00137865
0.284102 0 0.00138313
0.286102 0 0.00136771
0.288104 0 0.00137719
0.290102 0 0.00138302
0.292102 0 0.00138818
0.294103 0 0.00138396
0.296102 0 0.00138162
0.298103 0 0.00138224
0.300103 0 0.00138771
0.302159 0 0.000122761
0.304099 0 0.00137833
0.306103 0 0.0013674
0.308104 0 0.00138229
0.310103 0 0.00138328
0.312102 0 0.00138333
0.314103 0 0.00138302
0.316103 0 0.00138464
0.318103 0 0.00138156
0.320103 0 0.00138302
0.322102 0 0.00138313
0.324102 0 0.00138427
0.326102 0 0.00137865
0.328102 0 0.00137943
0.330102 0 0.00137927
0.332103 0 0.00138906
0.334102 0 0.00138302
0.336102 0 0.0013813
0.338103 0 0.0013824
0.340102 0 0.00138036
0.342103 0 0.00138151
0.344102 0 0.00138313
0.346102 0 0.00137818
0.348103 0 0.0013849
0.350102 0 0.00137875
0.352102 0 0.00137906
0.354103 0 0.00138313
0.356102 0 0.00138641
0.358104 0 0.00138313
0.360102 0 0.00138313
0.362103 0 0.00138292
0.364103 0 0.00138813
0.366102 0 0.00138125
0.368103 0 0.00137901
0.370103 0 0.00137969
0.372102 0 0.00138458
0.374102 0 0.00137984
0.376102 0 0.00138135
0.378103 0 0.00138344
0.380103 0 0.00138646
0.382103 0 0.00138287
0.384103 0 0.00138266
0.386103 0 0.00138182
0.388103 0 0.00138469
0.390102 0 0.00137984
0.392103 0 0.00137891
0.394103 0 0.00137953
0.396103 0 0.00138313
0.398102 0 0.00138281
0.400102 0 0.00138245
0.402147 0 0.00138062
0.404104 0 0.00138708
0.406102 0 0.0013799
0.408103 0 0.00138271
0.410102 0 0.00137896
0.412102 0 0.00138474
0.414103 0 0.00137917
0.416102 0 0.00137792
0.418103 0 0.00138318
0.420102 0 0.00138281
0.422103 0 0.00138323
0.424103 0 0.00138318
0.426103 0 0.00138203
0.428103 0 0.00138766
0.430103 0 0.00138333
0.432103 0 0.00137964
0.434103 0 0.00137964
0.436102 0 0.00138411
0.438102 0 0.00137917
0.440103 0 0.00138172
0.442102 0 0.00138287
0.444103 0 0.00138802
0.446102 0 0.00138026
0.448103 0 0.00138333
0.450103 0 0.00138292
0.452102 0 0.00138844
0.454102 0 0.00138031
0.456103 0 0.00137807
0.458103 0 0.00137922
0.460103 0 0.00138089
0.462102 0 0.00138281
0.464102 0 0.00138323
0.466102 0 0.00136427
0.468116 0 0.00137698
0.470106 0 0.00138188
0.472104 0 0.00138193
0.474103 0 0.00138287
0.476102 0 0.00137464
0.478103 0 0.0013787
0.480102 0 0.00137932
0.482102 0 0.00137964
0.484102 0 0.00138667
0.486103 0 0.00138177
0.488104 0 0.00138266
0.490104 0 0.00138292
0.492102 0 0.00138646
0.494103 0 0.0013837
0.496103 0 0.00136672
0.498103 0 0.00137937
0.500103 0 0.0013824
0.502154 0 0.00137708
0.504103 0 0.00137979
0.506103 0 0.00138188
0.508103 0 0.00138719
0.510103 0 0.00138261
0.512103 0 0.00138287
0.514103 0 0.00138287
0.516103 0 0.00137958
0.518104 0 0.0013788
0.520103 0 0.00137865
0.522102 0 0.00137948
0.524103 0 0.00138422
0.526103 0 0.00138146
0.528102 0 0.00138281
0.530102 0 0.00138307
0.532103 0 0.00138797
0.534102 0 0.0013825
0.536102 0 0.00138193
0.538103 0 0.00138224
0.540103 0 0.00138214
0.542103 0 0.00137937
0.544103 0 0.00137964
0.546102 0 0.00137896
0.548103 0 0.00138787
0.550102 0 0.00138391
0.552103 0 0.00138302
0.554103 0 0.00138281
0.556102 0 0.00138635
0.558102 0 0.00138297
0.560102 0 0.0013824
0.562102 0 0.00137953
0.564103 0 0.00138443
0.566102 0 0.00137797
0.568103 0 0.00137917
0.570103 0 0.00138297
0.572102 0 0.00138776
0.574103 0 0.00138214
0.576102 0 0.00138135
0.578103 0 0.00136568
0.580104 0 0.00138609
0.582103 0 0.00138375
0.584102 0 0.0013799
0.586102 0 0.00137787
0.588102 0 0.0013851
0.590103 0 0.00137979
0.592102 0 0.00138271
0.594103 0 0.00138292
0.596105 0 0.00137719
0.598105 0 0.00137865
0.600104 0 0.00137542
0.602103 0 0.0013824
0.604153 0 0.00138182
0.606104 0 0.00137302
0.608105 0 0.00137818
0.610103 0 0.00137906
0.612103 0 0.00138734
0.614102 0 0.00138318
0.616102 0 0.00138052
0.618103 0 0.00136375
0.620103 0 0.00138589
0.622103 0 0.00138208
0.624102 0 0.00138318
0.626103 0 0.00137844
0.628103 0 0.00138453
0.630102 0 0.00137974
0.632103 0 0.00137958
0.634102 0 0.00138323
0.636102 0 0.00138677
0.638104 0 0.00138167
0.640104 0 0.00138287
0.642102 0 0.00138318
0.644102 0 0.00138849
0.646103 0 0.00138078
0.648103 0 0.00137937
0.650103 0 0.00137969
0.652102 0 0.00138458
0.654102 0 0.00137927
0.656102 0 0.0013812
0.658102 0 0.00136578
0.660103 0 0.00138609
0.662103 0 0.00138208
0.664102 0 0.00138307
0.666103 0 0.00138234
0.668112 0 0.00137672
0.670105 0 0.00137552
0.672103 0 0.00137761
0.674103 0 0.00138078
0.676102 0 0.00136781
0.678104 0 0.00137969
0.680102 0 0.00138193
0.682103 0 0.00138323
0.684103 0 0.00138823
0.686103 0 0.00138062
0.688103 0 0.00138229
0.690102 0 0.00138255
0.692102 0 0.0013838
0.694103 0 0.00137969
0.696102 0 0.0013674
0.698102 0 0.00135958
0.700103 0 0.00138609
0.702111 0 0.00137057
0.704159 0 0.0001225
0.706105 0 0.00137714
0.708104 0 0.00138547
0.710104 0 0.00138292
0.712104 0 0.00137802
0.714103 0 0.00137917
0.716103 0 0.00137104
0.718103 0 0.00137886
0.720102 0 0.00138271
0.722107 0 0.00137464
0.724105 0 0.00138698
0.726104 0 0.00137443
0.728103 0 0.00138203
0.730103 0 0.00138333
0.732102 0 0.00138167
0.734102 0 0.00138005
0.736102 0 0.00137188
0.738104 0 0.00137807
0.740104 0 0.00137625
0.742103 0 0.00138261
0.744102 0 0.00138391
0.746102 0 0.00137427
0.748103 0 0.00137818
0.750104 0 0.00138292
0.752102 0 0.00138411
0.754103 0 0.00138391
0.756102 0 0.00138281
0.7581 0 0.00137823
0.760103 0 0.00137948
0.762103 0 0.00137948
0.764103 0 0.00138177
0.766102 0 0.00132984
0.768105 0 0.00137729
0.770104 0 0.00138281
0.772103 0 0.00137859
0.774102 0 0.00138323
0.776102 0 0.00137505
0.778103 0 0.00137875
0.780103 0 0.00138411
0.782103 0 0.00137995
0.784104 0 0.00137849
0.786102 0 0.00138073
0.788104 0 0.00138589
0.790103 0 0.00138276
0.792102 0 0.00138266
0.794103 0 0.00138307
0.796102 0 0.00138708
0.798103 0 0.00138208
0.800103 0 0.00137938
0.802102 0 0.00137974
0.804102 0 0.00133813
0.806104 0 0.0013651
0.808105 0 0.00138156
0.810103 0 0.00138234
0.812102 0 0.00138802
0.814103 0 0.0013825
0.816103 0 0.00138052
0.818103 0 0.00138307
0.820102 0 0.00138432
0.822102 0 0.00137833
0.824102 0 0.00137984
0.826102 0 0.00137766
0.828102 0 0.00138833
0.830102 0 0.00138234
0.832102 0 0.00138318
0.834102 0 0.00138313
0.836103 0 0.00138719
0.838102 0 0.00138177
0.840102 0 0.00138297
0.842102 0 0.00138005
0.844102 0 0.00137901
0.846102 0 0.00137662
0.848102 0 0.00137844
0.850103 0 0.00138208
0.852102 0 0.00138755
0.854102 0 0.00138323
0.856102 0 0.0013812
0.858103 0 0.0013825
0.860103 0 0.00138792
0.862102 0 0.00138287
0.864103 0 0.00137995
0.866102 0 0.0013762
0.868119 0 0.0013663
0.870108 0 0.00137396
0.872103 0 0.0013813
0.874102 0 0.0013825
0.876104 0 0.00138219
0.878104 0 0.00138177
0.880103 0 0.00138099
0.882103 0 0.00138333
0.884102 0 0.00137938
0.886102 0 0.00137219
0.888103 0 0.00137729
0.890103 0 0.00137911
0.892102 0 0.00138229
0.894102 0 0.00138281
0.896102 0 0.00138162
0.898104 0 0.00138156
0.900102 0 0.00138776
0.902102 0 0.0013838
0.904102 0 0.00138333
0.906156 0 0.00137953
0.908105 0 0.00138261
0.910103 0 0.0013799
0.912102 0 0.00138042
0.914102 0 0.00137995
0.916102 0 0.00138771
0.918103 0 0.00138229
0.920103 0 0.00138349
0.922103 0 0.00138401
0.924103 0 0.00138615
0.926103 0 0.00138266
0.928103 0 0.00138026
0.930102 0 0.00137969
0.932103 0 0.00138516
0.934102 0 0.00137938
0.936102 0 0.00138193
0.938103 0 0.00138261
0.940102 0 0.00138844
0.942102 0 0.00138245
0.944103 0 0.00138323
0.946103 0 0.00138214
0.948103 0 0.00138729
0.950102 0 0.00137912
0.952103 0 0.00138011
0.954102 0 0.00138
0.956102 0 0.00138349
0.958103 0 0.0013824
0.960102 0 0.00138292
0.962103 0 0.00138177
0.964103 0 0.00138552
0.966104 0 0.00138089
0.968102 0 0.00138146
0.970102 0 0.00138266
0.972102 0 0.00138573
0.974102 0 0.00137974
0.976103 0 0.00137875
0.978103 0 0.00137964
0.980103 0 0.0013887
0.982102 0 0.00138287
0.984102 0 0.0013837
0.986102 0 0.00138188
0.988103 0 0.00138823
0.990102 0 0.00138292
0.992102 0 0.00138261
0.994103 0 0.00137891
0.996102 0 0.00138214
0.998103 0 0.00137776
1.0001 0 0.00137974
1.0021 0 0.00138313
1.0041 0 0.00138693
1.00614 0 0.00137932
1.0081 0 0.00138307
1.0101 0 0.00138261
1.0121 0 0.00138802
1.0141 0 0.00137911
1.0161 0 0.00137818
1.0181 0 0.00137932
1.0201 0 0.00138438
1.0221 0 0.00137932
1.02411 0 0.00138026
1.0261 0 0.0013812
1.0281 0 0.00138875
1.0301 0 0.00138354
1.0321 0 0.00138344
1.0341 0 0.00138208
1.0361 0 0.00138339
1.0381 0 0.0013787
1.0401 0 0.00137927
1.0421 0 0.00137943
1.0441 0 0.00138547
1.0461 0 0.00138073
1.0481 0 0.00138339
1.0501 0 0.00138339
1.0521 0 0.00138818
1.0541 0 0.00138365
1.0561 0 0.00138135
1.0581 0 0.00137917
1.0601 0 0.00138458
1.0621 0 0.00137948
1.0641 0 0.00137964
1.0661 0 0.00138234
1.0681 0 0.00136651
1.07011 0 0.00137511
1.0721 0 0.0013774
1.0741 0 0.00138276
1.0761 0 0.0013825
1.0781 0 0.00138073
1.0801 0 0.00137719
1.0821 0 0.00137927
1.0841 0 0.00138125
1.0861 0 0.00137646
1.0881 0 0.00138328
1.0901 0 0.00138333
1.0921 0 0.00138886
1.0941 0 0.00138354
1.0961 0 0.00137828
1.0981 0 0.00138271
1.1001 0 0.00138724
1.1021 0 0.00137948
1.1041 0 0.00138031
1.1061 0 0.00137682
1.1081 0 0.00138302
1.1101 0 0.00138313
1.1121 0 0.00138365
1.1141 0 0.00138333
1.1161 0 0.00138755
1.1181 0 0.00138203
1.1201 0 0.00138323
1.1221 0 0.0013799
1.1241 0 0.00138203
1.1261 0 0.00137776
1.1281 0 0.00137984
1.1301 0 0.00137958
1.1321 0 0.00138906
1.1341 0 0.00138328
1.1361 0 0.00138094
1.1381 0 0.0013824
1.1401 0 0.00138823
1.1421 0 0.00138313
1.1441 0 0.00138068
1.1461 0 0.00137828
1.1481 0 0.00138484
1.1501 0 0.00137948
1.1521 0 0.00138365
1.1541 0 0.00138339
1.1561 0 0.00138661
1.1581 0 0.00138234
1.1601 0 0.00138271
1.1621 0 0.00138302
1.1641 0 0.00138521
1.1661 0 0.00137094
1.1681 0 0.00137859
1.1701 0 0.00137911
1.1721 0 0.00138417
1.1741 0 0.00138359
1.1761 0 0.00137136
1.1781 0 0.00138073
1.1801 0 0.00138656
1.1821 0 0.00138229
1.1841 0 0.00138375
1.1861 0 0.00137932
1.1881 0 0.00138365
1.1901 0 0.00137964
1.1921 0 0.00138026
1.1941 0 0.00137974
1.1961 0 0.0013849
1.1981 0 0.00138203
1.2001 0 0.00138365
1.2021 0 0.00136286
1.2041 0 0.00138714
1.2061 0 0.00137313
1.20815 0 0.00138047
1.2101 0 0.00137896
1.2121 0 0.00138443
1.2141 0 0.00137995
1.2161 0 0.00137729
1.2181 0 0.00138214
1.2201 0 0.0013888
1.2221 0 0.00138302
1.2241 0 0.00138261
1.2261 0 0.00138151
1.2281 0 0.00138787
1.2301 0 0.00137922
1.2321 0 0.00137979
1.2341 0 0.00138073
1.2361 0 0.00138375
1.2381 0 0.00138333
1.2401 0 0.00138276
1.2421 0 0.00136422
1.2441 0 0.00138708
1.2461 0 0.00137292
1.2481 0 0.00138109
1.2501 0 0.00138245
1.2521 0 0.00138313
1.2541 0 0.00137938
1.2561 0 0.00137797
1.2581 0 0.00138005
1.2601 0 0.00138859
1.2621 0 0.00138333
1.2641 0 0.00138297
1.2661 0 0.00138177
1.2681 0 0.00138844
1.27011 0 0.00136625
1.27211 0 0.00137932
1.2741 0 0.00137823
1.2761 0 0.00137781
1.2781 0 0.00137729
1.2801 0 0.00137859
1.2821 0 0.00136219
1.2841 0 0.00138656
1.2861 0 0.00138177
1.28811 0 0.00138078
1.2901 0 0.00138359
1.2921 0 0.00138787
1.2941 0 0.00138276
1.2961 0 0.00137917
1.29811 0 0.00131635
1.30013 0 0.0012188
1.30211 0 0.00137099
1.3041 0 0.00138036
1.3061 0 0.00136089
1.30817 0 0.00124714
1.31011 0 0.00138177
1.3121 0 0.00138224
1.3141 0 0.00138219
1.3161 0 0.00137943
1.3181 0 0.00137761
1.3201 0 0.00138104
1.3221 0 0.0013562
1.3241 0 0.00138057
1.3261 0 0.0013799
1.3281 0 0.00138167
1.3301 0 0.00138328
1.3321 0 0.00138693
1.3341 0 0.00138292
1.3361 0 0.00138214
1.3381 0 0.0013799
1.3401 0 0.00138464
1.3421 0 0.00137969
1.3441 0 0.00137969
1.3461 0 0.00137943
1.3481 0 0.00138672
1.3501 0 0.00138323
1.3521 0 0.00138417
1.3541 0 0.00138281
1.3561 0 0.00138594
1.3581 0 0.00138156
1.3601 0 0.00137969
1.3621 0 0.00137036
1.3641 0 0.0013851
1.3661 0 0.00137828
1.3681 0 0.00138271
1.3701 0 0.00138339
1.3721 0 0.00138854
1.3741 0 0.00138302
1.3761 0 0.00138167
1.3781 0 0.00138313
1.3801 0 0.00138844
1.3821 0 0.00137849
1.3841 0 0.00138
1.3861 0 0.00137865
1.3881 0 0.00138297
1.3901 0 0.00138292
1.3921 0 0.00138333
1.3941 0 0.00138417
1.3961 0 0.00138729
1.3981 0 0.00138313
1.4001 0 0.00138375
1.4021 0 0.00137651
1.4041 0 0.00138417
1.4061 0 0.00137828
1.4081 0 0.00133026
1.4101 0 0.00137849
1.4121 0 0.00138672
1.4141 0 0.00138234
1.4161 0 0.00138182
1.4181 0 0.00138318
1.4201 0 0.00138849
1.4221 0 0.00138349
1.42411 0 0.00136995
1.4261 0 0.00137531
1.4281 0 0.0013824
1.4301 0 0.00137958
1.4321 0 0.00137958
1.4341 0 0.0013825
1.4361 0 0.00138635
1.4381 0 0.00138198
1.4401 0 0.00138235
1.4421 0 0.0013787
1.4441 0 0.00138818
1.4461 0 0.00137662
1.4481 0 0.00137813
1.4501 0 0.00138
1.4521 0 0.00138411
1.4541 0 0.00138297
1.4561 0 0.00138099
1.4581 0 0.00138292
1.4601 0 0.0013875
1.4621 0 0.00138323
1.4641 0 0.00138386
1.4661 0 0.00138162
1.4681 0 0.00138411
1.47012 0 0.00136005
1.4721 0 0.00137526
1.4741 0 0.00137906
1.4761 0 0.00138208
1.4781 0 0.00137995
1.4801 0 0.00138219
1.4821 0 0.00137667
1.48411 0 0.00138818
1.4861 0 0.00138016
1.4881 0 0.00138302
1.4901 0 0.00137839
1.4921 0 0.00138266
1.4941 0 0.00137979
1.4961 0 0.00137828
1.4981 0 0.00138344
1.5001 0 0.00138761
1.5021 0 0.00138375
1.5041 0 0.00138427
1.5061 0 0.00138141
1.5081 0 0.00138771
1.51015 0 0.00137958
1.5121 0 0.00138005
1.5141 0 0.00138068
1.5161 0 0.00138125
1.5181 0 0.00137677
1.5201 0 0.00136563
1.5221 0 0.0013812
1.5241 0 0.00138828
1.5261 0 0.00138094
1.5281 0 0.0013837
1.5301 0 0.00138281
1.5321 0 0.00138828
1.5341 0 0.00137943
1.5361 0 0.00137854
1.5381 0 0.00137995
1.5401 0 0.00138474
1.5421 0 0.00138349
1.5441 0 0.00138349
1.5461 0 0.00138188
1.5481 0 0.00138688
1.5501 0 0.00138328
1.5521 0 0.00138365
1.5541 0 0.00137964
1.5561 0 0.00138411
1.5581 0 0.0013799
1.5601 0 0.00137339
1.5621 0 0.0013824
1.5641 0 0.00138823
1.5661 0 0.00138115
1.5681 0 0.00138281
1.5701 0 0.0013836
1.5721 0 0.00138823
1.5741 0 0.00138344
1.5761 0 0.00137594
1.5781 0 0.00137917
1.5801 0 0.0013838
1.5821 0 0.00137953
1.5841 0 0.00138287
1.5861 0 0.00138162
1.5881 0 0.00138724
1.5901 0 0.00138302
1.5921 0 0.00138375
1.5941 0 0.00138333
1.59611 0 0.00137641
1.5981 0 0.00135448
1.6001 0 0.00137563
1.6021 0 0.00137932
1.6041 0 0.00138162
1.6061 0 0.00138094
1.6081 0 0.00138115
1.61015 0 0.00137906
1.6121 0 0.00138635
1.6141 0 0.0013825
1.6161 0 0.00138188
1.6181 0 0.00138302
1.6201 0 0.00138526
1.6221 0 0.00137911
1.6241 0 0.00137974
1.6261 0 0.00137844
1.6281 0 0.00138922
1.6301 0 0.00138339
1.6321 0 0.00138328
1.6341 0 0.00138328
1.6361 0 0.00138693
1.6381 0 0.00136693
1.6401 0 0.0013787
1.6421 0 0.00138005
1.6441 0 0.00138505
1.6461 0 0.00137792
1.6481 0 0.00137938
1.6501 0 0.00138412
1.6521 0 0.00138828
1.6541 0 0.00138323
1.6561 0 0.00138188
1.6581 0 0.00138229
1.6601 0 0.00138865
1.6621 0 0.00137938
1.6641 0 0.00137948
1.6661 0 0.00137141
1.6681 0 0.00138339
1.6701 0 0.00136042
1.67211 0 0.00137703
1.67411 0 0.00138198
1.6761 0 0.00138276
1.67811 0 0.00137823
1.6801 0 0.00137761
1.6821 0 0.00138188
1.6841 0 0.00138505
1.6861 0 0.00137745
1.6881 0 0.00137807
1.6901 0 0.00137807
1.6921 0 0.00138839
1.6941 0 0.00138406
1.6961 0 0.00138099
1.6981 0 0.0013836
1.7001 0 0.00138875
1.70211 0 0.00137005
1.70411 0 0.00138
1.7061 0 0.0013701
1.7081 0 0.0013825
1.71015 0 0.00137615
1.7121 0 0.00137818
1.7141 0 0.00138219
1.7161 0 0.00138563
1.7181 0 0.00136177
1.7201 0 0.00137984
1.7221 0 0.0013825
1.7241 0 0.00138849
1.7261 0 0.00137911
1.7281 0 0.00137854
1.7301 0 0.00137917
1.7321 0 0.00138531
1.7341 0 0.0013799
1.7361 0 0.00138036
1.7381 0 0.00138245
1.7401 0 0.00138745
1.7421 0 0.00138391
1.7441 0 0.00138266
1.7461 0 0.00138021
1.7481 0 0.00138448
1.7501 0 0.00137984
1.7521 0 0.00137995
1.7541 0 0.00137974
1.7561 0 0.0013886
1.7581 0 0.00136172
1.7601 0 0.00138068
1.7621 0 0.0013824
1.7641 0 0.00138776
1.7661 0 0.00138141
1.7681 0 0.00138307
1.7701 0 0.00137854
1.7721 0 0.00138474
1.7741 0 0.00137958
1.7761 0 0.00137875
1.7781 0 0.00138328
1.7801 0 0.0013887
1.7821 0 0.0013836
1.7841 0 0.00138302
1.7861 0 0.00138182
1.7881 0 0.00138646
1.7901 0 0.00138235
1.7921 0 0.00138
1.7941 0 0.00137984
1.7961 0 0.00138365
1.7981 0 0.00136323
1.8001 0 0.00138193
1.8021 0 0.0013824
1.8041 0 0.00138766
1.8061 0 0.00138052
1.8081 0 0.00138307
1.8101 0 0.00138354
1.81215 0 0.00138505
1.8141 0 0.00137906
1.8161 0 0.00137745
1.8181 0 0.00137911
1.8201 0 0.00138536
1.8221 0 0.00138292
1.8241 0 0.00138391
1.8261 0 0.00138151
1.8281 0 0.00138917
1.8301 0 0.00138245
1.8321 0 0.00138255
1.8341 0 0.00138323
1.8361 0 0.00138344
1.8381 0 0.00137542
1.8401 0 0.00137927
1.8421 0 0.00137891
1.8441 0 0.00138771
1.8461 0 0.00138151
1.8481 0 0.00138344
1.8501 0 0.00138386
1.8521 0 0.0013888
1.8541 0 0.00138396
1.8561 0 0.00137781
1.8581 0 0.00137948
1.8601 0 0.00138438
1.8621 0 0.00138005
1.8641 0 0.00138297
1.8661 0 0.00138208
1.8681 0 0.00138865
1.8701 0 0.00138349
1.87211 0 0.00136776
1.87411 0 0.00138083
1.8761 0 0.00138235
1.8781 0 0.00137287
1.8801 0 0.00137672
1.8821 0 0.00137912
1.8841 0 0.00138563
1.8861 0 0.00138
1.8881 0 0.00138219
1.8901 0 0.00138339
1.8921 0 0.00138766
1.8941 0 0.00138365
1.8961 0 0.00138151
1.8981 0 0.00138344
1.9001 0 0.00138537
1.9021 0 0.00137979
1.9041 0 0.00137979
1.9061 0 0.00137813
1.9081 0 0.00138807
1.9101 0 0.00138313
1.91215 0 0.00137849
1.9141 0 0.00138255
1.9161 0 0.00136896
1.9181 0 0.0013813
1.9201 0 0.00138276
1.9221 0 0.00138037
1.9241 0 0.00138448
1.9261 0 0.00137844
1.9281 0 0.00138047
1.9301 0 0.00138328
1.9321 0 0.00138823
1.9341 0 0.00138354
1.9361 0 0.00137922
1.9381 0 0.00138235
1.9401 0 0.00138776
1.9421 0 0.00138255
1.9441 0 0.00138021
1.9461 0 0.00137906
1.9481 0 0.00138479
1.9501 0 0.00137948
1.9521 0 0.00138344
1.9541 0 0.00138297
1.9561 0 0.00136917
1.9581 0 0.00138057
1.9601 0 0.00138271
1.9621 0 0.00138297
1.9641 0 0.00138307
1.9661 0 0.00137755
1.9681 0 0.00137922
1.9701 0 0.00137969
1.9721 0 0.00138917
1.9741 0 0.00138307
1.9761 0 0.00138188
1.9781 0 0.00138323
1.9801 0 0.00138823
1.9821 0 0.00138276
1.9841 0 0.00138281
1.9861 0 0.00137729
1.9881 0 0.00138427
1.9901 0 0.00138005
1.9921 0 0.00137979
1.9941 0 0.00138276
1.9961 0 0.00137021
1.9981 0 0.0013801
2.0001 0 0.00138245
2.0021 0 0.0013824
2.0041 0 0.00138792
2.0061 0 0.00138099
2.0081 0 0.00137958
2.0101 0 0.0013787
2.01215 0 0.00138328
2.0141 0 0.00137912
2.0161 0 0.0013824
2.0181 0 0.00138365
2.0201 0 0.00138771
2.0221 0 0.00138302
2.0241 0 0.0013836
2.0261 0 0.00138177
2.0281 0 0.00138792
2.0301 0 0.00137922
2.0321 0 0.00137985
2.0341 0 0.00138016
2.0361 0 0.00136714
2.0381 0 0.00138037
2.0401 0 0.00138281
2.0421 0 0.00138391
2.0441 0 0.00138828
2.0461 0 0.00138255
