1.25e-06 0 0.0193078
0.0202332 0 0.0192242
0.0401118 0 0.0193473
0.0601091 0 0.019359
0.0801071 0 0.019359
0.10016 0 0.0193562
0.120109 0 0.0193583
0.140108 0 0.0193497
0.160123 0 0.0193346
0.180112 0 0.0193489
0.200162 0 0.0193493
0.220106 0 0.0193536
0.240106 0 0.0193551
0.260105 0 0.0193574
0.280104 0 0.019357
0.300105 0 0.0193619
0.320105 0 0.0193607
0.340104 0 0.0193604
0.360113 0 0.0193447
0.380111 0 0.019352
0.400106 0 0.0193547
0.420108 0 0.0193581
0.440105 0 0.019359
0.460104 0 0.0193571
0.480105 0 0.0193572
0.500105 0 0.019314
0.520106 0 0.0193577
0.540104 0 0.0193586
0.560104 0 0.0193295
0.58011 0 0.0193531
0.600107 0 0.0193568
0.620107 0 0.0193602
0.640105 0 0.019361
0.660105 0 0.0193599
0.680104 0 0.0193611
0.700104 0 0.0193601
0.720108 0 0.019359
0.740106 0 0.0193567
0.760107 0 0.0193554
0.780112 0 0.0193413
0.800113 0 0.0193436
0.820108 0 0.019353
0.840105 0 0.0193586
0.860114 0 0.0193521
0.880108 0 0.0193566
0.900106 0 0.019358
0.920151 0 0.0193564
0.940107 0 0.0193616
0.960103 0 0.0193574
0.980106 0 0.0193487
1.00012 0 0.0193332
1.02017 0 0.0193501
1.04011 0 0.0193529
1.06011 0 0.0193577
1.0801 0 0.0193583
1.10011 0 0.0193563
1.12011 0 0.0193597
1.14011 0 0.0193607
1.1601 0 0.0193585
1.18011 0 0.0193477
1.20011 0 0.0193543
1.22011 0 0.0193588
1.24016 0 0.0193553
1.26011 0 0.0193591
1.28011 0 0.019357
1.3001 0 0.0193571
1.32011 0 0.0193572
1.3401 0 0.0193158
1.36011 0 0.0193582
1.38011 0 0.0193433
1.40011 0 0.0193557
1.42011 0 0.0193585
1.4401 0 0.0193603
1.46015 0 0.0193579
1.48013 0 0.0191883
1.50012 0 0.0193488
1.52011 0 0.0193564
1.5401 0 0.0193567
1.56011 0 0.0192974
1.58012 0 0.019332
1.60011 0 0.0193485
1.62011 0 0.0193529
1.64011 0 0.0193557
1.66011 0 0.0193622
1.68011 0 0.0193571
1.70011 0 0.0193584
1.72011 0 0.0193598
1.74011 0 0.0193601
1.7601 0 0.0193594
1.78063 0 0.0184256
1.8114 0 0.00789203
1.82022 0 0.0189695
1.84015 0 0.0191692
1.8602 0 0.0190176
1.88013 0 0.0191703
1.90012 0 0.0191892
1.92015 0 0.0191923
1.94013 0 0.0191698
1.96013 0 0.0191604
1.98013 0 0.0192095
2.00012 0 0.0193304
2.02011 0 0.0193394
2.04012 0 0.0193344
2.06012 0 0.0193439
2.0801 0 0.019383
2.10009 0 0.0193901
2.12009 0 0.0193913
2.14009 0 0.0193903
2.16009 0 0.0193914
2.18009 0 0.0193753
2.20009 0 0.019389
2.22009 0 0.0193985
2.24009 0 0.0193951
2.26009 0 0.0193971
2.28009 0 0.0193978
2.30009 0 0.0193999
2.32009 0 0.0193989
2.34009 0 0.0194001
2.36009 0 0.0193967
2.38009 0 0.0193823
2.40009 0 0.019391
2.42009 0 0.0193945
2.44009 0 0.0193968
2.46009 0 0.0193965
2.48009 0 0.0193829
2.50009 0 0.0193955
2.52009 0 0.019398
2.54009 0 0.0193995
2.56009 0 0.0193948
2.58009 0 0.0193821
2.60009 0 0.0193954
2.62009 0 0.0193957
2.64009 0 0.0193969
2.66009 0 0.0193954
2.68019 0 0.0192672
2.7001 0 0.0193559
2.72011 0 0.0193572
2.7401 0 0.0193598
2.7601 0 0.0193603
2.78016 0 0.0193504
2.80011 0 0.0193543
2.82011 0 0.0193582
2.84011 0 0.0193606
2.86011 0 0.0193518
2.88015 0 0.0193553
2.90011 0 0.0193619
2.9201 0 0.0193581
2.9401 0 0.0193586
2.9601 0 0.0193546
2.98011 0 0.0192983
3.00011 0 0.0193412
3.02011 0 0.0193556
3.0401 0 0.0193594
3.0601 0 0.0193604
3.0801 0 0.0193621
3.10011 0 0.019357
3.12011 0 0.0193577
3.1401 0 0.0193594
3.1601 0 0.0193613
3.18011 0 0.0193402
3.20011 0 0.0193445
3.22011 0 0.0193512
3.2401 0 0.0193537
3.26011 0 0.0193568
3.28011 0 0.0193565
3.30016 0 0.0193571
3.3201 0 0.0193617
3.34011 0 0.0193602
3.3601 0 0.0193625
3.38011 0 0.0193429
3.40015 0 0.0193513
3.42011 0 0.0193569
3.44012 0 0.0193114
3.46012 0 0.0193495
3.48011 0 0.019352
3.50011 0 0.0192877
3.52011 0 0.0193571
3.5401 0 0.0193581
3.56011 0 0.0193605
3.58011 0 0.0193408
3.60011 0 0.0193542
3.62011 0 0.0193545
3.6401 0 0.0193604
3.66011 0 0.0193562
3.68011 0 0.0193591
3.7001 0 0.0193588
3.72015 0 0.0193537
3.74011 0 0.0193582
3.76011 0 0.0193539
3.78011 0 0.0193408
3.80011 0 0.0193531
3.82016 0 0.0193524
3.8401 0 0.0193596
3.86011 0 0.0193452
3.88011 0 0.0193579
3.9001 0 0.0193591
3.92011 0 0.0193568
3.94015 0 0.0193566
3.96011 0 0.0193592
3.98011 0 0.0193485
4.00011 0 0.0193409
4.02011 0 0.0193543
4.04011 0 0.0193537
4.06011 0 0.0193553
4.0801 0 0.0193567
4.1001 0 0.0193611
4.1201 0 0.0193595
4.1401 0 0.0193607
4.16011 0 0.0193524
4.18011 0 0.0193449
4.20011 0 0.0193563
4.2201 0 0.0193601
4.24011 0 0.0193539
4.26015 0 0.0193551
4.2801 0 0.0193574
4.3001 0 0.0193573
4.3201 0 0.0193589
4.3401 0 0.0193578
4.3601 0 0.0193169
4.38011 0 0.0193498
4.40011 0 0.0193564
4.42011 0 0.0193589
4.4401 0 0.0193592
4.4601 0 0.0193586
4.48015 0 0.0193592
4.50011 0 0.0193616
4.5201 0 0.0193608
4.5401 0 0.0193593
4.5601 0 0.0193583
4.58015 0 0.0193417
4.60011 0 0.0193547
4.62011 0 0.0193534
4.6401 0 0.0193584
4.66011 0 0.0193222
4.68018 0 0.0192222
4.70011 0 0.0193586
4.72011 0 0.0193581
4.7401 0 0.0193603
4.7601 0 0.0193599
4.78011 0 0.0193387
4.80011 0 0.0193481
4.82011 0 0.0193522
4.8401 0 0.019353
4.86011 0 0.0193438
4.88011 0 0.0193523
4.90016 0 0.019353
4.92011 0 0.0193607
4.9401 0 0.0193582
4.9601 0 0.0193611
4.98011 0 0.019344
5.00016 0 0.0180887
5.02011 0 0.0193567
5.04011 0 0.019356
5.06011 0 0.0193617
5.0801 0 0.0193548
5.1001 0 0.0193116
5.12011 0 0.0193563
5.14011 0 0.0193577
5.1601 0 0.0193584
5.18011 0 0.0193374
5.20011 0 0.0193577
5.22011 0 0.019353
5.24011 0 0.0193592
5.26011 0 0.0193604
5.28011 0 0.0193583
5.30011 0 0.0193609
5.32015 0 0.019358
5.3401 0 0.0193619
5.36011 0 0.0193591
5.38011 0 0.0193426
5.40011 0 0.019353
5.42015 0 0.019351
5.44011 0 0.0193573
5.4601 0 0.0193596
5.4801 0 0.0193598
5.5001 0 0.0193608
5.5201 0 0.0193603
5.54015 0 0.0193601
5.5601 0 0.0193602
5.58011 0 0.0193531
5.60011 0 0.0193569
5.6201 0 0.0193581
5.64015 0 0.0193528
5.66011 0 0.0193568
5.6801 0 0.0193558
5.7001 0 0.0193585
5.7201 0 0.0193561
5.74015 0 0.0193588
5.76011 0 0.019338
5.78012 0 0.0193411
5.80011 0 0.0193528
5.82011 0 0.0193578
5.84016 0 0.019354
5.86011 0 0.0193488
5.88011 0 0.0193533
5.9001 0 0.0193558
5.92011 0 0.019356
5.94011 0 0.0193136
5.9601 0 0.0193561
5.98011 0 0.0193336
6.00011 0 0.0193408
6.02011 0 0.0193488
6.04011 0 0.0193581
6.06016 0 0.0193557
6.08011 0 0.0193605
6.1001 0 0.0193601
6.1201 0 0.0193609
6.1401 0 0.0193501
6.16015 0 0.0193584
6.18012 0 0.019333
6.20011 0 0.0193464
6.22011 0 0.0193546
6.24011 0 0.0193532
6.2601 0 0.01931
6.28014 0 0.0191749
6.30012 0 0.0193436
6.32011 0 0.0193477
6.34011 0 0.0193538
6.36011 0 0.0193557
6.38012 0 0.0193331
6.40011 0 0.0193486
6.42011 0 0.0193541
6.44011 0 0.0193545
6.4601 0 0.0193559
6.48016 0 0.0193517
6.50011 0 0.0193574
6.5201 0 0.0193575
6.5401 0 0.0193588
6.5601 0 0.0193593
6.58016 0 0.019344
6.60011 0 0.0193563
6.6201 0 0.0193569
6.64011 0 0.0193585
6.6601 0 0.0193593
6.6801 0 0.0193619
6.70015 0 0.0193582
6.7201 0 0.0193576
6.7401 0 0.019359
6.7601 0 0.0193576
6.78011 0 0.019334
6.80016 0 0.0193434
6.82011 0 0.0193564
6.84011 0 0.0193582
6.86011 0 0.0193521
6.88011 0 0.0193581
6.9002 0 0.0191897
6.92012 0 0.0193508
6.94011 0 0.0193571
6.9601 0 0.0193561
6.98012 0 0.0193243
7.00012 0 0.0192747
7.02012 0 0.0193409
7.04011 0 0.0193515
7.06011 0 0.019356
7.0801 0 0.0193561
7.1001 0 0.0193588
7.12011 0 0.0193556
7.14011 0 0.0193588
7.16011 0 0.0193611
7.18012 0 0.0193381
7.20011 0 0.0193518
7.22011 0 0.0193531
7.24011 0 0.0193577
7.26011 0 0.0193533
7.2801 0 0.0193546
7.3001 0 0.0193552
7.32015 0 0.0193536
7.3401 0 0.0193569
7.36011 0 0.0193542
7.38011 0 0.0193428
7.40011 0 0.0193497
7.42016 0 0.019353
7.4401 0 0.0193582
7.4601 0 0.0193585
7.48011 0 0.0193606
7.50012 0 0.0193097
7.52018 0 0.0192208
7.54011 0 0.0193531
7.56011 0 0.0193552
7.58012 0 0.0193305
7.60011 0 0.0193426
7.62011 0 0.0193033
7.64011 0 0.019355
7.6601 0 0.0193591
7.68011 0 0.0193616
7.7001 0 0.0193605
7.7201 0 0.0193621
7.74015 0 0.0193597
7.7601 0 0.0193619
7.78013 0 0.0191467
7.80024 0 0.0189922
7.82022 0 0.0190271
7.84023 0 0.0190218
7.86016 0 0.0191595
7.88014 0 0.0191797
7.90013 0 0.0191887
7.92013 0 0.0191994
7.94011 0 0.01917
7.96012 0 0.019207
7.98011 0 0.0191859
8.00012 0 0.0192067
8.02013 0 0.0192178
8.04012 0 0.0193365
8.06012 0 0.0193357
8.0801 0 0.0193854
8.10009 0 0.0193927
8.12009 0 0.0193942
8.14009 0 0.0193898
8.16009 0 0.0193961
8.18009 0 0.0193923
8.20009 0 0.0193789
8.22009 0 0.0193897
8.24009 0 0.019391
8.26009 0 0.0193944
8.28009 0 0.0193985
8.30009 0 0.0193993
8.32009 0 0.0193898
8.34009 0 0.0193997
8.36009 0 0.0193964
8.38009 0 0.0193975
8.40009 0 0.0193822
8.42009 0 0.0193904
8.44009 0 0.0193912
8.46009 0 0.0193977
8.48009 0 0.0193973
8.50009 0 0.0193982
8.52009 0 0.0193983
8.54009 0 0.0194
8.56009 0 0.0193996
8.58009 0 0.0194004
8.60009 0 0.0193885
8.62009 0 0.019392
8.64009 0 0.019393
8.66011 0 0.0193336
8.68011 0 0.0193532
8.70011 0 0.0193558
8.72011 0 0.0193564
8.74012 0 0.019346
8.76017 0 0.0193527
8.78011 0 0.0193602
8.80011 0 0.0193331
8.82011 0 0.0193521
8.8401 0 0.0193548
8.86011 0 0.0193529
8.88011 0 0.0193435
8.9001 0 0.0193545
8.92011 0 0.0193451
8.94011 0 0.0193558
8.9601 0 0.019349
8.98015 0 0.0193523
9.00012 0 0.0193361
9.02011 0 0.0193491
9.04011 0 0.0193568
9.06011 0 0.0193571
9.08011 0 0.0193596
9.10016 0 0.0193576
9.1201 0 0.0193604
9.1401 0 0.0193593
9.1601 0 0.0193621
9.1801 0 0.0193581
9.20015 0 0.0193401
9.22011 0 0.0193477
9.2401 0 0.0193532
9.26011 0 0.0193572
9.28011 0 0.0193598
9.30015 0 0.019359
9.32011 0 0.0193599
9.34011 0 0.0193608
9.3601 0 0.0193611
9.3801 0 0.0193608
9.40011 0 0.0193513
9.42011 0 0.0193532
9.44012 0 0.0193143
9.46012 0 0.0193513
9.48011 0 0.019352
9.50011 0 0.0193497
9.52016 0 0.0193517
9.54011 0 0.0193556
9.56011 0 0.019357
9.58011 0 0.0193601
9.60011 0 0.0193415
9.62017 0 0.0193501
9.64011 0 0.0193571
9.66013 0 0.0193236
9.68012 0 0.0193529
9.70011 0 0.0193524
9.72011 0 0.0193015
9.74011 0 0.0193567
9.76011 0 0.0193564
9.78011 0 0.0193444
9.80011 0 0.0193328
9.82011 0 0.0193542
9.84011 0 0.0193535
9.86011 0 0.0193478
9.88011 0 0.0193574
9.90011 0 0.01936
9.9201 0 0.019356
9.94015 0 0.0193574
9.9601 0 0.0193605
9.98011 0 0.0193561
10.0001 0 0.0193337
10.0201 0 0.0193434
10.0402 0 0.019352
10.0601 0 0.0193545
10.0801 0 0.0193556
10.1001 0 0.0193596
10.1201 0 0.0193602
10.1401 0 0.0193617
10.1601 0 0.0193604
10.1801 0 0.0193613
10.2001 0 0.0193414
10.2201 0 0.0193559
10.2401 0 0.0193583
10.2602 0 0.0193523
10.2801 0 0.019358
10.3001 0 0.0193572
10.3201 0 0.0193584
10.3401 0 0.019355
10.3601 0 0.0193617
10.3801 0 0.0193605
10.4001 0 0.0193479
10.4201 0 0.0193544
10.4401 0 0.0193565
10.4601 0 0.0193584
10.4801 0 0.0193579
10.5001 0 0.0193598
10.5201 0 0.01936
10.5401 0 0.0193571
10.5601 0 0.0193178
10.5801 0 0.019358
10.6001 0 0.0193416
10.6201 0 0.0193536
10.6401 0 0.0193567
10.6601 0 0.019362
10.6802 0 0.0193571
10.7001 0 0.0193607
10.7201 0 0.0193603
10.7401 0 0.0193618
10.7601 0 0.0193591
10.7802 0 0.0193568
10.8001 0 0.0193147
10.8201 0 0.0193513
10.8401 0 0.0193488
10.8601 0 0.0193482
10.8801 0 0.0193497
10.9001 0 0.0193564
10.9201 0 0.0193583
10.9401 0 0.0193604
10.9601 0 0.0193574
10.9801 0 0.0193606
11.0001 0 0.019344
11.0201 0 0.0193527
11.0401 0 0.0193565
11.0601 0 0.0193571
11.0801 0 0.0193557
11.1002 0 0.0193542
11.1201 0 0.0193557
11.1401 0 0.0193565
11.1601 0 0.0193576
11.1801 0 0.0193598
11.2001 0 0.019348
11.2201 0 0.0193503
11.2401 0 0.0193572
11.2601 0 0.0193563
11.2801 0 0.0193599
11.3001 0 0.0193599
11.3202 0 0.0193584
11.3401 0 0.0193568
11.3601 0 0.0193577
11.3801 0 0.0193568
11.4001 0 0.0193435
11.4202 0 0.019353
11.4401 0 0.0193546
11.4601 0 0.0193603
11.4801 0 0.0193601
11.5001 0 0.0193584
11.5201 0 0.019357
11.5401 0 0.019358
11.5601 0 0.0193606
11.5801 0 0.0193603
11.6001 0 0.0193515
11.6201 0 0.0193528
11.6402 0 0.0193523
11.6601 0 0.0193559
11.6801 0 0.0193565
11.7001 0 0.0193579
11.7201 0 0.0193609
11.7401 0 0.019362
11.7601 0 0.0193606
11.7801 0 0.0193604
11.8001 0 0.0193537
11.8201 0 0.0193545
11.8401 0 0.0193553
11.8602 0 0.019351
11.8801 0 0.0193597
11.9001 0 0.0193191
11.9201 0 0.0193473
11.9401 0 0.0193525
11.9601 0 0.0192832
11.9801 0 0.0193549
12.0001 0 0.0193279
12.0201 0 0.0193498
12.0401 0 0.0193437
12.0601 0 0.0193561
12.0801 0 0.0193575
12.1001 0 0.0193598
12.1201 0 0.0193583
12.1401 0 0.0193605
12.1601 0 0.0193586
12.1802 0 0.0193538
12.2001 0 0.0193418
12.2201 0 0.0193519
12.2401 0 0.0193508
12.2601 0 0.0193548
12.2802 0 0.0193566
12.3001 0 0.0193613
12.3201 0 0.0193601
12.3401 0 0.0193606
12.3601 0 0.0193606
12.3801 0 0.0193622
12.4001 0 0.0193503
12.4201 0 0.0193547
12.4401 0 0.0193526
12.4601 0 0.0193556
12.4801 0 0.0193531
12.5001 0 0.0193549
12.5201 0 0.0193563
12.5401 0 0.0193592
12.5601 0 0.0193555
12.5801 0 0.0193606
12.6002 0 0.0193453
12.6201 0 0.019355
12.6401 0 0.019357
12.6601 0 0.01936
12.6801 0 0.019361
12.7001 0 0.0193559
12.7201 0 0.0193561
12.7401 0 0.0193568
12.7601 0 0.0193588
12.7801 0 0.0193583
12.8001 0 0.0192907
12.8201 0 0.0193558
12.8401 0 0.0193568
12.8601 0 0.0193518
12.8801 0 0.0193566
12.9001 0 0.0193594
12.9202 0 0.0193584
12.9401 0 0.0193608
12.9601 0 0.0193594
12.9801 0 0.0193583
13.0001 0 0.0193326
13.0202 0 0.0193496
13.0401 0 0.0193527
13.0601 0 0.0193545
13.0801 0 0.0193585
13.1001 0 0.0193618
13.1201 0 0.0193608
13.1401 0 0.0193601
13.1601 0 0.0193618
13.1801 0 0.0193618
13.2001 0 0.0193507
13.2201 0 0.0193537
13.2401 0 0.019353
13.2601 0 0.0193561
13.2801 0 0.019358
13.3001 0 0.0193576
13.3201 0 0.0193558
13.3401 0 0.0193572
13.3601 0 0.019361
13.3801 0 0.0193607
13.4001 0 0.0193522
13.4201 0 0.0193567
13.4401 0 0.0191893
13.4601 0 0.0193486
13.4801 0 0.0193506
13.5001 0 0.0193609
13.5201 0 0.0193568
13.5402 0 0.0193496
13.5601 0 0.0193571
13.5801 0 0.0193576
13.6001 0 0.0193347
13.6201 0 0.0193513
13.6402 0 0.0193487
13.6601 0 0.0193548
13.6801 0 0.019359
13.7001 0 0.0193397
13.7201 0 0.0193574
13.7401 0 0.0193547
13.7601 0 0.01936
13.7802 0 0.0191241
13.8002 0 0.019019
13.8202 0 0.0190366
13.8402 0 0.0188794
13.8601 0 0.0191777
13.8801 0 0.019185
13.9001 0 0.0191847
13.9201 0 0.0191976
13.9402 0 0.0191602
13.9601 0 0.019192
13.9801 0 0.0192148
14.0001 0 0.0192126
14.0201 0 0.019219
14.0401 0 0.0191995
14.0601 0 0.0193419
14.0801 0 0.0193833
14.1001 0 0.0193943
14.1201 0 0.0193891
14.1401 0 0.0193937
14.1601 0 0.0193905
14.1801 0 0.0193974
14.2001 0 0.0193802
14.2201 0 0.019389
14.2401 0 0.0193936
14.2601 0 0.0193959
14.2801 0 0.0193962
14.3001 0 0.0193989
14.3201 0 0.0193979
14.3401 0 0.0193973
14.3601 0 0.0193975
14.3801 0 0.0193968
14.4001 0 0.0193852
14.4201 0 0.0193912
14.4401 0 0.0193917
14.4601 0 0.0193969
14.4801 0 0.0193965
14.5001 0 0.0194
14.5201 0 0.0193991
14.5401 0 0.0193979
14.5601 0 0.0193924
14.5801 0 0.0194
14.6001 0 0.0193888
14.6201 0 0.0193895
14.6401 0 0.0193888
14.6601 0 0.0193189
14.6801 0 0.0193495
14.7001 0 0.0193525
14.7201 0 0.019357
14.7401 0 0.019353
14.7602 0 0.0193521
14.7801 0 0.019349
14.8001 0 0.0193304
14.8201 0 0.0193436
14.8401 0 0.0193526
14.8602 0 0.0192207
14.8801 0 0.0193534
14.9001 0 0.0193554
14.9201 0 0.0193576
14.9401 0 0.0193582
14.9601 0 0.0193096
14.9801 0 0.0193552
15.0001 0 0.0193304
15.0201 0 0.0193517
15.0401 0 0.0193538
15.0601 0 0.019358
15.0802 0 0.0193542
15.1001 0 0.0193595
15.1201 0 0.0193611
15.1401 0 0.0193596
15.1601 0 0.0193566
15.1801 0 0.0193556
15.2001 0 0.0193453
15.2201 0 0.0193423
15.2401 0 0.0193529
15.2601 0 0.0193559
15.2802 0 0.0193569
15.3001 0 0.0193591
15.3201 0 0.0193605
15.3401 0 0.019361
15.3601 0 0.0193612
15.3801 0 0.0193599
15.4001 0 0.0193596
15.4201 0 0.0193451
15.4401 0 0.0191855
15.4601 0 0.019344
15.4801 0 0.0193544
15.5002 0 0.019352
15.5201 0 0.0193443
15.5401 0 0.019356
15.5601 0 0.0193571
15.5801 0 0.0193533
15.6001 0 0.019348
15.6201 0 0.0193426
15.6401 0 0.0193492
15.6601 0 0.0193553
15.6801 0 0.0193562
15.7001 0 0.0193034
15.7201 0 0.0193553
15.7401 0 0.0193572
15.7601 0 0.0193551
15.7801 0 0.0193512
15.8001 0 0.0193553
15.8201 0 0.0193494
15.8401 0 0.0193508
15.8601 0 0.0193517
15.8801 0 0.0193539
15.9001 0 0.0193584
15.9201 0 0.0193551
15.9401 0 0.0193613
15.9601 0 0.01936
15.9801 0 0.0193561
16.0001 0 0.019343
16.0201 0 0.0193425
16.0401 0 0.019349
16.0601 0 0.0193538
16.0801 0 0.0193584
16.1001 0 0.0193611
16.1202 0 0.0193569
16.1401 0 0.0193599
16.1601 0 0.019362
16.1801 0 0.01936
16.2001 0 0.0193616
16.2202 0 0.0193446
16.2401 0 0.0193538
16.2601 0 0.0193529
16.2801 0 0.0193558
16.3001 0 0.0193572
16.3201 0 0.0193558
16.3401 0 0.0193588
16.3601 0 0.0193607
16.3801 0 0.0193599
16.4001 0 0.0193604
16.4202 0 0.01935
16.4401 0 0.0193553
16.4601 0 0.0193558
16.4801 0 0.0193602
16.5001 0 0.01936
16.5202 0 0.0190399
16.5401 0 0.0191803
16.5601 0 0.0193337
16.5801 0 0.0193525
16.6001 0 0.0193535
16.6201 0 0.0193423
16.6401 0 0.0193434
16.6601 0 0.0193541
16.6801 0 0.0193564
16.7001 0 0.0193596
16.7201 0 0.0193566
16.7401 0 0.0193568
16.7601 0 0.0193597
16.7801 0 0.0193591
16.8001 0 0.0193489
16.8201 0 0.0193388
16.8402 0 0.0193447
16.8601 0 0.0193451
16.8801 0 0.0193489
16.9001 0 0.0193233
16.9201 0 0.0192044
16.9402 0 0.0192175
16.9601 0 0.0193545
16.9801 0 0.0193578
17.0001 0 0.0193438
17.0201 0 0.0193322
17.0401 0 0.0193402
17.0601 0 0.0193499
17.0801 0 0.0193521
17.1001 0 0.0193557
17.1201 0 0.0193557
17.1401 0 0.0193555
17.1601 0 0.0193571
17.1801 0 0.0193607
17.2001 0 0.0193611
17.2201 0 0.0193471
17.2401 0 0.0193524
17.2602 0 0.0193524
17.2801 0 0.0193579
17.3001 0 0.0193588
17.3201 0 0.0193608
17.3401 0 0.0193582
17.3601 0 0.0193146
17.3801 0 0.0193566
17.4001 0 0.0193571
17.4201 0 0.0193462
17.4401 0 0.0193481
17.4601 0 0.0193538
17.4801 0 0.0193543
17.5001 0 0.0193593
17.5201 0 0.0193591
17.5401 0 0.0193614
17.5601 0 0.0193607
17.5801 0 0.0193593
17.6001 0 0.0193513
17.6201 0 0.0193495
17.6401 0 0.0193526
17.6601 0 0.0193544
17.6801 0 0.0193072
17.7001 0 0.0193575
17.7201 0 0.0193594
17.7401 0 0.0193603
17.7601 0 0.0193567
17.7801 0 0.019359
17.8001 0 0.0193589
17.8201 0 0.0193525
17.8401 0 0.0193538
17.8601 0 0.0193522
17.8801 0 0.0193544
17.9002 0 0.0193537
17.9201 0 0.0193567
17.9401 0 0.0193571
17.9601 0 0.019357
17.9801 0 0.0193587
18.0001 0 0.0193449
18.0201 0 0.0193475
18.0401 0 0.0193551
18.0601 0 0.0193571
18.0801 0 0.0193596
18.1001 0 0.0193572
18.1201 0 0.0193571
18.1401 0 0.0193603
18.1601 0 0.0193567
18.1801 0 0.0193595
18.2001 0 0.0193586
18.2202 0 0.0193452
18.2401 0 0.0193554
18.2601 0 0.0193582
18.2801 0 0.0193602
18.3001 0 0.0193606
18.3202 0 0.0193571
18.3401 0 0.0193618
18.3601 0 0.0193587
18.3801 0 0.0193621
18.4001 0 0.0193612
18.4202 0 0.0193458
18.4401 0 0.0193517
18.4601 0 0.0193525
18.4801 0 0.0193569
18.5001 0 0.0193568
18.5201 0 0.0193153
18.5401 0 0.0193614
18.5601 0 0.0193606
18.5801 0 0.0193617
18.6001 0 0.0193619
18.6201 0 0.0193532
18.6401 0 0.0193557
18.6601 0 0.0193581
18.6801 0 0.0193572
18.7001 0 0.0193583
18.7201 0 0.0193519
18.7401 0 0.019354
18.7601 0 0.0193561
18.7801 0 0.019359
18.8001 0 0.019355
18.8201 0 0.0193516
18.8401 0 0.0193542
18.8601 0 0.0193516
18.8801 0 0.0193557
18.9001 0 0.0193597
18.9201 0 0.0193599
18.9401 0 0.0193619
18.9601 0 0.0193502
18.9801 0 0.0193571
19.0001 0 0.019341
19.0201 0 0.0193399
19.0401 0 0.0193477
19.0601 0 0.0193546
19.0801 0 0.0193547
19.1001 0 0.0193601
19.1201 0 0.0193581
19.1402 0 0.019348
19.1601 0 0.0193592
19.1801 0 0.0193587
19.2001 0 0.0193604
19.2201 0 0.0193504
19.2402 0 0.0193454
19.2601 0 0.0193544
19.2801 0 0.0193562
19.3001 0 0.0193544
19.3201 0 0.0193542
19.3401 0 0.0193605
19.3601 0 0.0193589
19.3801 0 0.0193585
19.4001 0 0.0193584
19.4201 0 0.0193526
19.4401 0 0.0193139
19.4601 0 0.0193479
19.4801 0 0.0193545
19.5001 0 0.0193587
19.5201 0 0.019355
19.5401 0 0.0193575
19.5602 0 0.019353
19.5801 0 0.019354
19.6001 0 0.0193567
19.6201 0 0.0193418
19.6401 0 0.0193534
19.6602 0 0.0191551
19.6801 0 0.0193488
19.7001 0 0.0193514
19.7201 0 0.0193555
19.7401 0 0.0193632
19.7601 0 0.0193515
19.7802 0 0.018976
19.8002 0 0.0189773
19.8202 0 0.0190376
19.8402 0 0.0191688
19.8601 0 0.0191568
19.8801 0 0.0191835
19.9001 0 0.0191847
19.9201 0 0.0191926
19.9401 0 0.0191854
19.9601 0 0.0191851
19.9801 0 0.019209
20.0001 0 0.0191937
20.0201 0 0.0192167
20.0401 0 0.0192052
20.0601 0 0.0193448
20.0801 0 0.0193825
20.1001 0 0.0193896
20.1201 0 0.0193957
20.1401 0 0.0193956
20.1601 0 0.0193985
20.1801 0 0.0193984
20.2001 0 0.0193965
20.2201 0 0.0193777
20.2401 0 0.0193887
20.2601 0 0.0193939
20.2801 0 0.0193937
20.3001 0 0.0193964
20.3201 0 0.0193979
20.3401 0 0.0193975
20.3601 0 0.019398
20.3801 0 0.0193966
20.4001 0 0.0193958
20.4201 0 0.019382
20.4401 0 0.0193909
20.4601 0 0.0193915
