9.37e-07 0 0.0992603
0.100285 0 0.0990498
0.20013 0 0.0993021
0.300117 0 0.0993191
0.400118 0 0.099303
0.500114 0 0.0993251
0.600116 0 0.0993068
0.700115 0 0.0993313
0.800115 0 0.0993004
0.900115 0 0.0993261
1.00011 0 0.0993093
1.10011 0 0.0993238
1.20016 0 0.0992963
1.30011 0 0.0993231
1.40011 0 0.0993109
1.50011 0 0.0993319
1.60014 0 0.0991676
1.70013 0 0.099314
1.80012 0 0.0993026
1.90036 0 0.0990553
2.00017 0 0.0992967
2.10012 0 0.0993164
2.20012 0 0.0992924
2.30012 0 0.0993278
2.40012 0 0.0993073
2.50011 0 0.0993305
2.60013 0 0.099262
2.70019 0 0.099108
2.80017 0 0.0991453
2.90013 0 0.0991694
3.00013 0 0.0993061
3.1001 0 0.0993477
3.2001 0 0.0993605
3.3001 0 0.0993641
3.4001 0 0.0993683
3.50009 0 0.0993674
3.60012 0 0.0993032
3.70012 0 0.0993155
3.80022 0 0.0991543
3.90012 0 0.0993001
4.00012 0 0.0993025
4.10012 0 0.099307
4.20012 0 0.0993005
4.30012 0 0.0993163
4.40012 0 0.0993051
4.50011 0 0.0993175
4.60012 0 0.099307
4.70012 0 0.0992879
4.80018 0 0.0991947
4.90011 0 0.0992584
5.00012 0 0.0993063
5.10011 0 0.0993068
5.20012 0 0.0993058
5.30011 0 0.0993223
5.40016 0 0.0992955
5.50011 0 0.0993241
5.60011 0 0.0993136
5.70011 0 0.099323
5.80012 0 0.0993058
5.90011 0 0.0993179
6.00012 0 0.0993038
6.10011 0 0.0993172
6.20012 0 0.0993041
6.30011 0 0.0993246
6.40016 0 0.0993095
6.50011 0 0.0992692
6.60022 0 0.0991624
6.70012 0 0.0993162
6.80018 0 0.0991932
6.90011 0 0.0993177
7.00012 0 0.0993033
7.10012 0 0.0993153
7.20017 0 0.099308
7.30011 0 0.0992751
7.40012 0 0.0993077
7.50011 0 0.099325
7.60018 0 0.0991725
7.70019 0 0.0991815
7.80012 0 0.0992997
7.90012 0 0.0992578
8.00012 0 0.0993058
8.10012 0 0.099291
8.20012 0 0.0993023
8.30012 0 0.0993317
8.40012 0 0.0992962
8.50016 0 0.0993287
8.60012 0 0.0993018
8.70025 0 0.0989264
8.80015 0 0.099158
8.90013 0 0.0991734
9.00012 0 0.0993105
9.10011 0 0.0993528
9.2001 0 0.0993495
9.30011 0 0.0993665
9.40009 0 0.099363
9.50009 0 0.0993708
9.6001 0 0.0993202
9.70014 0 0.0991664
9.8002 0 0.0991771
9.90012 0 0.0993166
10.0001 0 0.0992905
10.1001 0 0.0993141
10.2001 0 0.0992914
10.3001 0 0.0993268
10.4002 0 0.0993025
10.5002 0 0.0993289
10.6002 0 0.0993035
10.7002 0 0.0993333
10.8001 0 0.099303
10.9001 0 0.0993198
11.0001 0 0.0992871
11.1001 0 0.0993212
11.2001 0 0.0993026
11.3002 0 0.0993314
11.4001 0 0.0992972
11.5001 0 0.0993337
11.6001 0 0.0993059
11.7001 0 0.0992942
11.8002 0 0.0991866
11.9001 0 0.0993197
12.0001 0 0.0992438
12.1001 0 0.0993157
12.2001 0 0.0992914
12.3002 0 0.0993277
12.4001 0 0.0993051
12.5002 0 0.0993281
12.6001 0 0.0992798
12.7002 0 0.0991906
12.8001 0 0.0992805
12.9001 0 0.0993212
13.0001 0 0.0992944
13.1001 0 0.099319
13.2001 0 0.0992984
13.3001 0 0.0993296
13.4001 0 0.0992918
13.5001 0 0.0993316
13.6001 0 0.0993027
13.7001 0 0.0993316
13.8002 0 0.099161
13.9001 0 0.0993137
14.0001 0 0.0992897
14.1001 0 0.099309
14.2001 0 0.0992918
14.3001 0 0.0993289
14.4002 0 0.0992903
14.5002 0 0.0993289
14.6001 0 0.0993004
14.7002 0 0.0990477
14.8001 0 0.0991631
14.9001 0 0.0991676
15.0001 0 0.0993082
15.1001 0 0.0993472
15.2001 0 0.0993483
15.3001 0 0.0993683
15.4001 0 0.0993619
15.5001 0 0.0993713
15.6001 0 0.099303
15.7002 0 0.099331
15.8001 0 0.0992488
15.9001 0 0.0993252
16.0001 0 0.0993033
16.1001 0 0.0993275
16.2001 0 0.0992993
16.3002 0 0.0993284
16.4001 0 0.0992998
16.5001 0 0.099316
16.6001 0 0.0992841
16.7001 0 0.0993023
16.8001 0 0.099286
16.9001 0 0.0993178
17.0001 0 0.0992956
17.1001 0 0.0992992
17.2001 0 0.0992856
17.3001 0 0.0993236
17.4001 0 0.0992987
17.5001 0 0.0993288
17.6001 0 0.0991694
17.7002 0 0.0993042
17.8001 0 0.0992904
17.9001 0 0.0992977
18.0001 0 0.0992984
18.1001 0 0.0993154
18.2001 0 0.099289
18.3001 0 0.0993281
18.4001 0 0.099305
18.5001 0 0.0993292
18.6001 0 0.0993065
18.7001 0 0.099332
18.8001 0 0.0992334
18.9001 0 0.0992945
19.0001 0 0.0992757
19.1001 0 0.0993112
19.2001 0 0.0992868
19.3001 0 0.0993226
19.4001 0 0.0993032
19.5001 0 0.0993328
19.6001 0 0.0993028
19.7001 0 0.0991697
19.8001 0 0.0992813
19.9001 0 0.0993208
20.0001 0 0.0993019
20.1001 0 0.0993184
20.2001 0 0.0993025
20.3001 0 0.099323
20.4002 0 0.0992963
20.5002 0 0.0993278
20.6001 0 0.099305
20.7002 0 0.099145
20.8001 0 0.0991477
20.9001 0 0.0991704
21.0001 0 0.0993169
21.1001 0 0.0993533
21.2001 0 0.0993593
21.3001 0 0.0993688
21.4001 0 0.0993642
21.5001 0 0.0993678
21.6001 0 0.0992968
21.7002 0 0.0991629
21.8002 0 0.0991896
21.9001 0 0.0993226
22.0001 0 0.0992921
22.1001 0 0.0993169
22.2001 0 0.0992898
22.3001 0 0.0993227
22.4001 0 0.0992969
22.5001 0 0.0993278
22.6001 0 0.099276
22.7001 0 0.0993167
22.8001 0 0.0992846
22.9001 0 0.0993183
23.0002 0 0.0991951
23.1001 0 0.0992594
23.2001 0 0.0993051
23.3001 0 0.0993278
23.4001 0 0.0992996
23.5001 0 0.0993145
23.6001 0 0.0993001
23.7002 0 0.0993292
23.8002 0 0.0991878
23.9002 0 0.099158
24.0002 0 0.0991888
24.1001 0 0.0993174
24.2001 0 0.0992862
24.3002 0 0.0993296
24.4001 0 0.0993021
24.5001 0 0.0992839
24.6001 0 0.099305
24.7001 0 0.099163
24.8001 0 0.0992866
24.9001 0 0.0993229
25.0001 0 0.0992926
25.1002 0 0.0991876
25.2001 0 0.0992903
25.3001 0 0.099325
25.4001 0 0.0992925
25.5001 0 0.0993259
25.6001 0 0.0992983
25.7001 0 0.0993328
25.8001 0 0.0993007
25.9001 0 0.0993112
26.0002 0 0.0993021
26.1002 0 0.0993187
26.2001 0 0.0992922
26.3001 0 0.0993271
26.4001 0 0.0993037
26.5001 0 0.0993293
26.6001 0 0.0993038
26.7001 0 0.0991564
26.8001 0 0.0991714
26.9001 0 0.0991866
27.0001 0 0.0993489
27.1001 0 0.0993621
27.2001 0 0.0993595
27.3001 0 0.0993693
27.4001 0 0.0993655
27.5001 0 0.0993395
27.6003 0 0.0990437
27.7002 0 0.0991873
27.8001 0 0.0992841
27.9001 0 0.0993195
28.0001 0 0.0992898
28.1001 0 0.0993175
28.2001 0 0.0992954
28.3001 0 0.0993252
28.4001 0 0.0993005
28.5001 0 0.0993289
28.6001 0 0.0992996
28.7002 0 0.099327
28.8001 0 0.0992468
28.9001 0 0.0992924
29.0001 0 0.099288
29.1001 0 0.099322
29.2001 0 0.0993026
29.3002 0 0.0993279
29.4001 0 0.0992492
29.5001 0 0.0993288
29.6001 0 0.0993032
29.7001 0 0.0991629
29.8001 0 0.099293
29.9001 0 0.0993148
30.0001 0 0.0993044
30.1002 0 0.0993158
30.2001 0 0.0992472
30.3001 0 0.0993282
30.4001 0 0.0992993
30.5001 0 0.099329
30.6001 0 0.0993047
30.7001 0 0.0993254
30.8001 0 0.0993037
30.9001 0 0.0993223
31.0001 0 0.0992979
31.1001 0 0.0993105
31.2001 0 0.0993003
31.3001 0 0.0993231
31.4001 0 0.099308
31.5001 0 0.0993293
31.6002 0 0.0993031
31.7002 0 0.0991725
31.8002 0 0.0991768
31.9001 0 0.0993238
32.0001 0 0.0992899
32.1001 0 0.0993073
32.2001 0 0.0992849
32.3002 0 0.0993182
32.4001 0 0.0992332
32.5001 0 0.0993293
32.6001 0 0.0992702
32.7001 0 0.0991667
32.8001 0 0.0991618
32.9001 0 0.0993156
33.0001 0 0.0993465
33.1001 0 0.0993516
33.2001 0 0.0993553
33.3001 0 0.099368
33.4001 0 0.0993641
33.5001 0 0.0993652
33.6001 0 0.0993011
33.7002 0 0.0993254
33.8001 0 0.0992955
33.9001 0 0.0992878
34.0001 0 0.0992857
34.1001 0 0.0993093
34.2001 0 0.0992892
34.3001 0 0.0993252
34.4001 0 0.0992992
34.5002 0 0.0993265
34.6001 0 0.0992973
34.7001 0 0.0993174
34.8001 0 0.0992685
34.9001 0 0.0993099
35.0001 0 0.0992945
35.1001 0 0.0993195
35.2001 0 0.0992997
35.3001 0 0.0993289
35.4001 0 0.0992914
35.5001 0 0.0993308
35.6001 0 0.0992996
35.7001 0 0.0993338
35.8002 0 0.0993015
35.9002 0 0.0993207
36.0001 0 0.0992994
36.1001 0 0.0993235
36.2001 0 0.0992916
36.3001 0 0.0993308
36.4001 0 0.0993
36.5001 0 0.0993288
36.6001 0 0.0993033
36.7001 0 0.099295
36.8001 0 0.0992872
36.9002 0 0.0993078
37.0001 0 0.0992441
37.1001 0 0.0993179
37.2001 0 0.0992935
37.3002 0 0.0993238
37.4001 0 0.0993049
37.5001 0 0.0993286
37.6001 0 0.0992725
37.7002 0 0.0991849
37.8001 0 0.0992361
37.9001 0 0.0993212
38.0001 0 0.0992956
38.1001 0 0.099312
38.2001 0 0.0992997
38.3002 0 0.0993249
38.4001 0 0.0992324
38.5001 0 0.0993305
38.6003 0 0.0990159
38.7001 0 0.0991509
38.8001 0 0.0991825
38.9001 0 0.0991895
39.0001 0 0.0993494
39.1001 0 0.099347
39.2001 0 0.0993533
39.3001 0 0.0993675
39.4001 0 0.0993622
39.5002 0 0.0992317
39.6001 0 0.099307
39.7001 0 0.0993276
39.8001 0 0.099265
39.9001 0 0.0993181
40.0001 0 0.0992953
40.1001 0 0.0993028
40.2001 0 0.0993019
40.3002 0 0.0993254
40.4001 0 0.0993132
40.5001 0 0.099327
40.6001 0 0.0993116
40.7001 0 0.0993302
40.8001 0 0.099308
40.9001 0 0.0993236
41.0001 0 0.0993076
41.1001 0 0.0993156
41.2001 0 0.0993059
41.3002 0 0.0993278
41.4001 0 0.0992615
41.5001 0 0.0993293
41.6001 0 0.099308
41.7002 0 0.0991739
41.8002 0 0.0991879
41.9002 0 0.0993115
42.0001 0 0.0993035
42.1001 0 0.0993167
42.2001 0 0.099296
42.3001 0 0.0993298
42.4001 0 0.0993033
42.5002 0 0.0993236
42.6001 0 0.0992804
42.7001 0 0.0993148
42.8001 0 0.0992998
42.9001 0 0.09932
43.0001 0 0.0993027
43.1001 0 0.0993181
43.2001 0 0.0993043
43.3002 0 0.0993256
43.4001 0 0.0993045
43.5001 0 0.0993263
43.6001 0 0.0993051
43.7001 0 0.0993304
43.8001 0 0.0992944
43.9001 0 0.0992916
44.0001 0 0.0992775
44.1001 0 0.0993139
44.2001 0 0.0992882
44.3002 0 0.0993196
44.4001 0 0.0993042
44.5001 0 0.09933
44.6003 0 0.0977155
44.7002 0 0.0991182
44.8001 0 0.099123
44.9001 0 0.0993173
45.0001 0 0.0993554
45.1001 0 0.0993537
45.2001 0 0.0993521
45.3001 0 0.0993661
45.4001 0 0.0993592
45.5001 0 0.0993677
45.6001 0 0.0992906
45.7001 0 0.099328
45.8001 0 0.0993029
45.9001 0 0.0993229
46.0001 0 0.0992986
46.1001 0 0.0993205
46.2001 0 0.0992879
46.3001 0 0.0993228
46.4001 0 0.0992928
46.5002 0 0.0993276
46.6001 0 0.0992989
46.7001 0 0.0992935
46.8001 0 0.0992573
46.9001 0 0.0993218
47.0001 0 0.0993013
47.1001 0 0.0993114
47.2001 0 0.0992768
47.3002 0 0.0993213
47.4001 0 0.0992913
47.5001 0 0.0993251
47.6001 0 0.0992752
47.7001 0 0.0993221
47.8001 0 0.099276
47.9001 0 0.099313
48.0001 0 0.0992812
48.1002 0 0.0993062
48.2002 0 0.0992953
48.3001 0 0.0993194
48.4001 0 0.099264
48.5001 0 0.0993205
48.6001 0 0.0993116
48.7001 0 0.099324
48.8001 0 0.0993091
48.9001 0 0.0992951
49.0001 0 0.0992999
49.1001 0 0.0993007
49.2001 0 0.0993011
49.3001 0 0.099319
49.4001 0 0.0992896
49.5001 0 0.0993164
49.6001 0 0.0993103
49.7002 0 0.0993277
49.8002 0 0.0991619
49.9002 0 0.0991822
50.0002 0 0.0993054
50.1001 0 0.0992906
50.2001 0 0.0993066
50.3001 0 0.0993174
50.4001 0 0.0993084
50.5001 0 0.0993224
50.6001 0 0.0991168
50.7001 0 0.0991474
50.8001 0 0.0991722
50.9001 0 0.0993232
51.0001 0 0.0993635
51.1001 0 0.0993347
51.2001 0 0.0993647
51.3001 0 0.0993587
51.4001 0 0.099368
51.5001 0 0.0993164
51.6002 0 0.0993064
51.7002 0 0.099169
51.8002 0 0.0991975
51.9001 0 0.0992998
52.0001 0 0.0992852
52.1001 0 0.0993206
52.2001 0 0.0992464
52.3001 0 0.0993166
52.4001 0 0.0992928
52.5001 0 0.0993194
52.6001 0 0.0992738
52.7001 0 0.0993061
52.8001 0 0.0992924
52.9001 0 0.0992956
53.0001 0 0.0992893
53.1001 0 0.099315
53.2002 0 0.0992908
53.3001 0 0.0993045
53.4001 0 0.0993044
53.5001 0 0.0993188
53.6001 0 0.0993078
53.7001 0 0.0993117
53.8001 0 0.0993065
53.9001 0 0.0992845
54.0001 0 0.0992952
54.1001 0 0.0993114
54.2001 0 0.0992999
54.3002 0 0.0991868
54.4002 0 0.0993049
54.5001 0 0.0993207
54.6001 0 0.0993087
54.7001 0 0.0993231
54.8001 0 0.0992673
54.9001 0 0.0993053
55.0001 0 0.0992999
55.1001 0 0.0993252
55.2002 0 0.0992869
55.3002 0 0.0993189
55.4001 0 0.0993102
55.5001 0 0.0993227
55.6001 0 0.0993131
55.7001 0 0.0993252
55.8001 0 0.0993041
55.9001 0 0.0993207
56.0002 0 0.0993008
56.1001 0 0.0993165
56.2001 0 0.0992986
56.3001 0 0.099303
56.4001 0 0.0993064
56.5001 0 0.0993219
56.6002 0 0.0990959
56.7001 0 0.0991692
56.8001 0 0.0991494
56.9001 0 0.0993223
57.0001 0 0.0993554
57.1001 0 0.0993497
57.2001 0 0.0993622
57.3001 0 0.0993627
57.4001 0 0.0993695
57.5001 0 0.0993215
57.6002 0 0.0991733
57.7002 0 0.0991787
57.8001 0 0.099272
57.9001 0 0.0993126
58.0001 0 0.0992933
58.1001 0 0.0993175
58.2001 0 0.0992867
58.3001 0 0.0993218
58.4001 0 0.0993092
58.5001 0 0.0993172
58.6001 0 0.099309
58.7001 0 0.0993233
58.8001 0 0.099305
58.9002 0 0.0991628
59.0002 0 0.0992914
59.1001 0 0.09931
59.2001 0 0.0993028
59.3001 0 0.0993038
59.4001 0 0.0993109
59.5001 0 0.0993221
59.6001 0 0.099306
59.7001 0 0.0993232
59.8001 0 0.0992754
59.9001 0 0.0993006
60.0001 0 0.0993022
60.1001 0 0.0993112
60.2001 0 0.0992964
60.3002 0 0.0993174
60.4001 0 0.0992614
60.5001 0 0.0993239
60.6001 0 0.0993118
60.7001 0 0.099323
60.8001 0 0.0993083
60.9001 0 0.0993217
61.0002 0 0.0993044
61.1001 0 0.0993251
61.2001 0 0.0992944
61.3001 0 0.0993211
61.4002 0 0.0993097
61.5001 0 0.0992755
61.6001 0 0.0993113
61.7001 0 0.0993021
61.8001 0 0.0992916
61.9001 0 0.0993165
62.0001 0 0.0993014
62.1001 0 0.0993213
62.2001 0 0.0992903
62.3001 0 0.0993062
62.4001 0 0.0992989
62.5001 0 0.099319
62.6002 0 0.0989638
62.7002 0 0.0991479
62.8001 0 0.0991735
62.9001 0 0.0993195
63.0001 0 0.0993509
63.1001 0 0.0993563
63.2001 0 0.099364
63.3001 0 0.0993571
63.4001 0 0.0993689
63.5001 0 0.0993225
63.6002 0 0.0992933
63.7001 0 0.0992733
63.8001 0 0.0993096
63.9001 0 0.0993224
64.0001 0 0.0992728
64.1001 0 0.0993141
64.2001 0 0.0992929
64.3001 0 0.0993193
64.4002 0 0.0993068
64.5001 0 0.0992725
64.6001 0 0.0993099
64.7001 0 0.0993225
64.8002 0 0.0991625
64.9002 0 0.0991808
65.0001 0 0.0992916
65.1001 0 0.0993171
65.2001 0 0.0993023
65.3001 0 0.0993212
65.4002 0 0.0993081
65.5001 0 0.0993269
65.6001 0 0.0993071
65.7001 0 0.0993281
65.8001 0 0.0993033
65.9001 0 0.0993205
66.0002 0 0.0993077
66.1001 0 0.0992736
66.2001 0 0.0992945
66.3001 0 0.099322
66.4001 0 0.0993066
66.5001 0 0.0993252
66.6001 0 0.0993096
66.7001 0 0.0992952
66.8001 0 0.0992977
66.9001 0 0.0993061
67.0001 0 0.0993057
67.1001 0 0.0993195
67.2001 0 0.0992911
67.3001 0 0.0993212
67.4002 0 0.0993073
67.5001 0 0.0992723
67.6001 0 0.0993107
67.7001 0 0.0992952
67.8001 0 0.099294
67.9001 0 0.0993164
68.0001 0 0.0992912
68.1001 0 0.0993172
68.2001 0 0.0993003
68.3001 0 0.0993147
68.4002 0 0.0993041
68.5001 0 0.099321
68.6002 0 0.0989548
68.7002 0 0.0991427
68.8001 0 0.0991432
68.9001 0 0.0993204
69.0001 0 0.0993221
69.1001 0 0.0993521
69.2001 0 0.0993624
69.3001 0 0.0993594
69.4001 0 0.0993726
69.5001 0 0.0993654
69.6001 0 0.0991173
69.7001 0 0.0993117
69.8001 0 0.0992721
69.9001 0 0.0993035
70.0001 0 0.0992996
70.1001 0 0.0993209
70.2001 0 0.0992908
70.3001 0 0.0993169
70.4002 0 0.0993064
70.5001 0 0.0992687
70.6001 0 0.0993079
70.7001 0 0.0993218
70.8001 0 0.0993041
70.9001 0 0.0993212
71.0001 0 0.0993022
71.1001 0 0.0993249
71.2001 0 0.0992994
71.3001 0 0.0993169
71.4001 0 0.09931
71.5002 0 0.0993222
71.6002 0 0.0992977
71.7001 0 0.0991704
71.8001 0 0.0992321
71.9001 0 0.0993084
72.0001 0 0.0993004
72.1001 0 0.0993141
72.2001 0 0.0992932
72.3001 0 0.0993178
72.4002 0 0.0993011
72.5001 0 0.0993245
72.6001 0 0.0993077
72.7001 0 0.0992829
72.8001 0 0.0992922
72.9001 0 0.0993133
73.0001 0 0.0993026
73.1001 0 0.0993219
73.2002 0 0.0991917
73.3001 0 0.0993193
73.4001 0 0.0993043
73.5001 0 0.0993214
73.6001 0 0.099309
73.7001 0 0.0993242
73.8001 0 0.0993067
73.9001 0 0.0992951
74.0001 0 0.0992914
74.1001 0 0.0993173
74.2002 0 0.0992896
74.3001 0 0.099311
74.4001 0 0.0993059
74.5001 0 0.0993196
74.6002 0 0.0991239
74.7002 0 0.0991511
74.8001 0 0.0991817
74.9001 0 0.0993213
75.0001 0 0.0993549
75.1001 0 0.0993551
75.2001 0 0.0993538
75.3001 0 0.0993624
75.4002 0 0.0993615
75.5001 0 0.0993173
75.6001 0 0.0993057
75.7001 0 0.0993283
75.8002 0 0.0993059
75.9001 0 0.0992724
76.0001 0 0.0993069
76.1001 0 0.099325
76.2001 0 0.0992979
76.3001 0 0.0993224
76.4001 0 0.0993119
76.5001 0 0.099296
76.6001 0 0.0992983
76.7001 0 0.099288
76.8003 0 0.0990639
76.9001 0 0.0993144
77.0001 0 0.0992919
77.1001 0 0.099317
77.2001 0 0.0992816
77.3001 0 0.0993156
77.4001 0 0.0992906
77.5001 0 0.0992906
77.6002 0 0.0993068
77.7001 0 0.0993006
77.8001 0 0.0992899
77.9001 0 0.0993175
78.0001 0 0.0992959
78.1001 0 0.0993109
78.2001 0 0.099291
78.3001 0 0.0993213
78.4002 0 0.0993025
78.5001 0 0.0993249
78.6001 0 0.0993017
78.7001 0 0.0993253
78.8002 0 0.0993038
78.9002 0 0.099156
79.0002 0 0.0991829
79.1001 0 0.0993228
79.2001 0 0.099287
79.3001 0 0.0993191
79.4002 0 0.0992991
79.5001 0 0.0992695
79.6001 0 0.099305
79.7001 0 0.0993209
79.8001 0 0.0992719
79.9001 0 0.0993002
80.0002 0 0.099184
80.1001 0 0.099316
80.2001 0 0.0992936
80.3001 0 0.0993138
80.4001 0 0.0992967
80.5001 0 0.0993123
80.6002 0 0.098985
80.7001 0 0.0991601
80.8002 0 0.0991712
80.9001 0 0.0993226
81.0001 0 0.0993557
81.1001 0 0.0993535
81.2001 0 0.0993615
81.3001 0 0.0993586
81.4001 0 0.0993663
81.5001 0 0.0993238
81.6001 0 0.0993063
81.7001 0 0.0992964
81.8002 0 0.099198
81.9001 0 0.0992607
82.0001 0 0.0993036
82.1001 0 0.0993182
82.2001 0 0.0992873
82.3001 0 0.0993148
82.4002 0 0.0992964
82.5001 0 0.0993218
82.6001 0 0.0993083
82.7001 0 0.0992884
82.8002 0 0.0991749
82.9001 0 0.0993164
83.0001 0 0.0992878
83.1001 0 0.0993201
83.2001 0 0.0992916
83.3001 0 0.0993051
83.4001 0 0.0992892
83.5001 0 0.0993157
83.6002 0 0.0992903
83.7001 0 0.0993183
83.8001 0 0.0993006
83.9001 0 0.0992951
84.0001 0 0.0992861
84.1001 0 0.0993102
84.2001 0 0.0992925
84.3001 0 0.0993157
84.4002 0 0.0993069
84.5001 0 0.0993224
84.6001 0 0.0993063
84.7001 0 0.0993253
84.8001 0 0.0992696
84.9001 0 0.0993034
85.0001 0 0.0992946
85.1001 0 0.0993249
85.2001 0 0.0992941
85.3001 0 0.0993219
85.4002 0 0.0993003
85.5001 0 0.0993202
85.6001 0 0.0993077
85.7001 0 0.0993259
85.8002 0 0.0993062
85.9001 0 0.0993224
86.0001 0 0.0993022
86.1001 0 0.0993248
86.2001 0 0.0993019
86.3001 0 0.099313
86.4001 0 0.0993063
86.5001 0 0.0993249
86.601 0 0.0981856
86.7001 0 0.0991697
86.8001 0 0.0992923
86.9001 0 0.0992701
87.0001 0 0.0993468
87.1001 0 0.0993297
87.2001 0 0.0993578
87.3001 0 0.0993661
87.4001 0 0.0993607
87.5002 0 0.0993657
87.6002 0 0.099292
87.7002 0 0.0991672
87.8002 0 0.0991853
87.9001 0 0.0992742
88.0001 0 0.0992939
88.1001 0 0.0993316
88.2001 0 0.0992848
88.3002 0 0.0993287
88.4001 0 0.0992891
88.5001 0 0.099329
88.6001 0 0.0993063
88.7001 0 0.0993283
88.8001 0 0.0993038
88.9001 0 0.0993318
89.0001 0 0.0992961
89.1001 0 0.0992954
89.2001 0 0.0992759
89.3001 0 0.099323
89.4001 0 0.0992988
89.5001 0 0.0993273
89.6001 0 0.0993026
89.7002 0 0.0993281
89.8002 0 0.0991619
89.9002 0 0.0993197
90.0001 0 0.0992864
90.1001 0 0.0993224
90.2001 0 0.099286
90.3001 0 0.0993214
90.4002 0 0.0992998
90.5002 0 0.0993299
90.6001 0 0.0992972
90.7001 0 0.0993302
90.8001 0 0.0993004
90.9001 0 0.0993282
91.0001 0 0.0993027
91.1001 0 0.0993295
91.2002 0 0.0992927
91.3002 0 0.0993286
91.4001 0 0.0992955
91.5001 0 0.099333
91.6001 0 0.0993021
91.7001 0 0.0992971
91.8002 0 0.0991814
91.9001 0 0.0993158
92.0001 0 0.0992416
92.1001 0 0.0993255
92.2001 0 0.0992838
92.3001 0 0.0993294
92.4001 0 0.0993008
92.5002 0 0.0991792
92.6005 0 0.0985749
92.7002 0 0.0991385
92.8001 0 0.0991768
92.9001 0 0.0993259
93.0001 0 0.0993446
93.1001 0 0.0993645
93.2001 0 0.0993524
93.3001 0 0.0993674
93.4001 0 0.0993645
93.5001 0 0.0993446
93.6001 0 0.0992968
93.7001 0 0.0993249
93.8001 0 0.0992963
93.9001 0 0.0993285
94.0002 0 0.0991681
94.1002 0 0.0993188
94.2001 0 0.0992875
94.3001 0 0.0993285
94.4001 0 0.099286
94.5001 0 0.0993273
94.6002 0 0.0992988
94.7002 0 0.099329
94.8002 0 0.0991621
94.9002 0 0.099325
95.0001 0 0.0992855
95.1001 0 0.0993276
95.2001 0 0.0992868
95.3001 0 0.0993307
95.4002 0 0.0993022
95.5002 0 0.0993252
95.6001 0 0.0993032
95.7001 0 0.099333
95.8001 0 0.0992977
95.9001 0 0.0993283
96.0001 0 0.0992958
96.1001 0 0.0993279
96.2001 0 0.0992928
96.3002 0 0.0993275
96.4001 0 0.0992952
96.5001 0 0.0993342
96.6001 0 0.0993001
96.7001 0 0.0993021
96.8002 0 0.0991869
96.9001 0 0.0993186
97.0001 0 0.099286
97.1001 0 0.0992843
97.2001 0 0.0992905
97.3001 0 0.0993231
97.4001 0 0.099292
97.5001 0 0.0993285
97.6001 0 0.099304
97.7001 0 0.0992894
97.8001 0 0.0992825
97.9001 0 0.0993251
98.0001 0 0.0992864
98.1001 0 0.099325
98.2001 0 0.0992855
98.3001 0 0.0993225
98.4002 0 0.0992985
98.5002 0 0.0993277
98.6002 0 0.098914
98.7001 0 0.0988952
98.8001 0 0.0991815
98.9001 0 0.0993268
99.0001 0 0.0993435
99.1001 0 0.0993671
99.2001 0 0.0993588
99.3001 0 0.0993684
99.4001 0 0.0993639
99.5002 0 0.0992305
99.6002 0 0.0992954
99.7002 0 0.0993293
99.8002 0 0.0991623
99.9002 0 0.0993187
100 0 0.0992738
100.1 0 0.099275
100.2 0 0.099288
100.3 0 0.0993252
100.4 0 0.0992917
100.5 0 0.0993287
100.6 0 0.0993029
100.7 0 0.0993281
100.8 0 0.0993052
100.9 0 0.0993307
101 0 0.0993037
101.1 0 0.0993311
101.2 0 0.0992456
101.3 0 0.0993291
101.4 0 0.0993027
101.5 0 0.0993257
101.6 0 0.0993024
101.7 0 0.0993344
101.8 0 0.0992706
101.9 0 0.0993227
102 0 0.099287
102.1 0 0.0993254
102.2 0 0.0992874
102.3 0 0.099325
