1.198e-06 0 0.0499824
0.0502352 0 0.0497607
0.10011 0 0.0498865
0.150119 0 0.0498751
0.200118 0 0.0498789
0.250108 0 0.0498894
0.300137 0 0.0498568
0.350121 0 0.0498734
0.400114 0 0.0498817
0.450106 0 0.0498921
0.500155 0 0.0498428
0.55011 0 0.0498855
0.600176 0 0.0498199
0.650108 0 0.0498887
0.700107 0 0.0498901
0.750107 0 0.0498889
0.800112 0 0.0498855
0.850107 0 0.0498906
0.900108 0 0.0498894
0.950104 0 0.049892
1.00011 0 0.049887
1.05011 0 0.0498878
1.10011 0 0.0498893
1.15011 0 0.0498872
1.20011 0 0.0498866
1.25011 0 0.0498885
1.30011 0 0.0498848
1.35011 0 0.0498911
1.40011 0 0.0498867
1.45011 0 0.0498907
1.50011 0 0.0498882
1.55011 0 0.0498867
1.60012 0 0.049879
1.65016 0 0.0498392
1.70011 0 0.0498889
1.75012 0 0.0498724
1.80011 0 0.0498866
1.85011 0 0.0498901
1.9001 0 0.0498932
1.95011 0 0.0498906
2.00015 0 0.0498444
2.05014 0 0.0498499
2.10018 0 0.0498171
2.15011 0 0.0498835
2.20012 0 0.0498731
2.25011 0 0.049886
2.30011 0 0.0498806
2.35011 0 0.0498861
2.40011 0 0.0498856
2.45016 0 0.0498424
2.50011 0 0.0498918
2.55012 0 0.0498764
2.60012 0 0.0498777
2.65015 0 0.0498439
2.70011 0 0.0498903
2.75011 0 0.0498882
2.80011 0 0.0498846
2.85011 0 0.0498905
2.90015 0 0.0498509
2.9501 0 0.049892
3.00015 0 0.0498458
3.05011 0 0.0498877
3.10057 0 0.0494178
3.15019 0 0.0498023
3.20039 0 0.0496066
3.25014 0 0.0498569
3.30014 0 0.0498577
3.35013 0 0.0498636
3.40011 0 0.0498899
3.45009 0 0.0499062
3.5001 0 0.0499002
3.5501 0 0.0499001
3.6001 0 0.0498977
3.65009 0 0.0499058
3.70009 0 0.0499111
3.75009 0 0.0499073
3.80009 0 0.049906
3.85009 0 0.0499075
3.90009 0 0.0499111
3.9501 0 0.0498992
4.0001 0 0.0498928
4.05012 0 0.0498811
4.10011 0 0.0498904
4.15012 0 0.0498732
4.20011 0 0.0498861
4.25016 0 0.0498336
4.30013 0 0.0498713
4.35011 0 0.0498816
4.40011 0 0.0498845
4.45011 0 0.0498909
4.50015 0 0.0498478
4.55011 0 0.0498903
4.60016 0 0.0498311
4.65011 0 0.0498845
4.70011 0 0.0498894
4.7501 0 0.0498906
4.80011 0 0.049882
4.85011 0 0.0498925
4.90011 0 0.049891
4.95011 0 0.0498895
5.00011 0 0.0498861
5.05016 0 0.0498421
5.10011 0 0.0498907
5.1501 0 0.0498911
5.20011 0 0.0498857
5.25011 0 0.0498866
5.30014 0 0.0498578
5.35012 0 0.049876
5.40012 0 0.0498793
5.45011 0 0.0498898
5.50011 0 0.0498887
5.55011 0 0.0498873
5.60018 0 0.0498184
5.65011 0 0.0498832
5.70011 0 0.0498904
5.75011 0 0.049888
5.80011 0 0.0498857
5.85011 0 0.0498876
5.90011 0 0.0498918
5.95011 0 0.0498905
6.00011 0 0.0498861
6.05015 0 0.0498454
6.10011 0 0.0498887
6.15012 0 0.0498736
6.20011 0 0.0498864
6.25015 0 0.0498485
6.30011 0 0.0498865
6.35011 0 0.0498919
6.40011 0 0.0498867
6.45011 0 0.0498916
6.5001 0 0.0498929
6.5501 0 0.0498923
6.60016 0 0.0498364
6.65011 0 0.0498879
6.70011 0 0.04989
6.7501 0 0.0498917
6.80011 0 0.0498873
6.85011 0 0.0498926
6.9001 0 0.0498936
6.9501 0 0.0498925
7.00011 0 0.0498811
7.05015 0 0.0498457
7.10012 0 0.0498743
7.15011 0 0.0498852
7.20013 0 0.0498673
7.25016 0 0.0498361
7.30012 0 0.0498783
7.35011 0 0.0498868
7.40011 0 0.0498842
7.45011 0 0.0498904
7.50015 0 0.0498444
7.55011 0 0.0498916
7.60017 0 0.0498266
7.65011 0 0.0498841
7.70011 0 0.0498905
7.75011 0 0.0498894
7.80011 0 0.0498838
7.85011 0 0.0498907
7.90011 0 0.0498922
7.95011 0 0.0498892
8.00011 0 0.049886
8.05015 0 0.0498445
8.10011 0 0.0498892
8.1501 0 0.0498922
8.20012 0 0.0498747
8.25012 0 0.0498788
8.30013 0 0.0498666
8.35011 0 0.0498814
8.40011 0 0.0498829
8.45011 0 0.0498914
8.50015 0 0.0498442
8.55011 0 0.0498817
8.60018 0 0.0498183
8.65011 0 0.0498857
8.70011 0 0.0498896
8.75011 0 0.0498868
8.80011 0 0.0498871
8.85011 0 0.0498903
8.9001 0 0.0498928
8.95011 0 0.0498889
9.00011 0 0.0498866
9.05015 0 0.0498434
9.10021 0 0.0497761
9.15015 0 0.0498372
9.20014 0 0.0498579
9.25014 0 0.049852
9.30012 0 0.0498724
9.35013 0 0.0498635
9.40011 0 0.0498895
9.4501 0 0.0499028
9.50009 0 0.049907
9.55009 0 0.0499024
9.6001 0 0.0498974
9.65009 0 0.0499065
9.70009 0 0.0499124
9.75009 0 0.0499061
9.80009 0 0.0499047
9.85009 0 0.0499103
9.90009 0 0.049911
9.95009 0 0.0499051
10.0001 0 0.0498863
10.0501 0 0.0498865
10.1001 0 0.0498893
10.1501 0 0.0498859
10.2001 0 0.0498852
10.2501 0 0.0498905
10.3001 0 0.0498581
10.3501 0 0.0498754
10.4001 0 0.0498797
10.4501 0 0.0498927
10.5001 0 0.0498905
10.5501 0 0.0498862
10.6001 0 0.0498744
10.6501 0 0.0498884
10.7001 0 0.0498886
10.7501 0 0.0498869
10.8002 0 0.0498359
10.8501 0 0.0498881
10.9001 0 0.0498905
10.9501 0 0.0498911
11.0001 0 0.0498872
11.0501 0 0.0498855
11.1001 0 0.04989
11.1501 0 0.0498904
11.2001 0 0.0498862
11.2502 0 0.0498474
11.3001 0 0.0498819
11.3501 0 0.0498734
11.4001 0 0.0498856
11.4501 0 0.0498917
11.5001 0 0.0498872
11.5501 0 0.0498865
11.6001 0 0.0498784
11.6501 0 0.0498885
11.7002 0 0.0498459
11.7501 0 0.0498762
11.8002 0 0.0498187
11.8501 0 0.0498873
11.9001 0 0.0498884
11.9501 0 0.0498819
12.0001 0 0.0498882
12.0501 0 0.04985
12.1001 0 0.0498728
12.1501 0 0.0498849
12.2001 0 0.0498779
12.2502 0 0.0498331
12.3001 0 0.0498762
12.3501 0 0.049867
12.4001 0 0.0498879
12.4501 0 0.0498896
12.5001 0 0.0498522
12.5501 0 0.04989
12.6002 0 0.0498311
12.6501 0 0.0498853
12.7001 0 0.0498913
12.7501 0 0.0498909
12.8001 0 0.0498871
12.8502 0 0.0498463
12.9001 0 0.0498918
12.9501 0 0.0498779
13.0001 0 0.0498885
13.0501 0 0.0498883
13.1001 0 0.0498914
13.1501 0 0.0498919
13.2001 0 0.0498756
13.2501 0 0.0498784
13.3001 0 0.049871
13.3501 0 0.0498787
13.4001 0 0.049882
13.4501 0 0.0498885
13.5002 0 0.0498429
13.5501 0 0.0498847
13.6002 0 0.0498198
13.6501 0 0.0498857
13.7001 0 0.0498904
13.7501 0 0.0498903
13.8001 0 0.0498861
13.8501 0 0.0498901
13.9001 0 0.0498911
13.9501 0 0.0498891
14.0001 0 0.0498889
14.0501 0 0.0498877
14.1001 0 0.0498913
14.1501 0 0.049891
14.2001 0 0.0498726
14.2502 0 0.0498297
14.3001 0 0.0498668
14.3501 0 0.0498804
14.4001 0 0.0498866
14.4501 0 0.0498736
14.5001 0 0.0498758
14.5501 0 0.0498863
14.6001 0 0.049867
14.6501 0 0.0498795
14.7001 0 0.0498908
14.7501 0 0.0498826
14.8001 0 0.0498844
14.8501 0 0.0498908
14.9001 0 0.0498925
14.9501 0 0.0498909
15.0001 0 0.0498857
15.0501 0 0.0498584
15.1002 0 0.0497755
15.1501 0 0.0498502
15.2001 0 0.0498643
15.2501 0 0.049864
15.3001 0 0.0498646
15.3501 0 0.0498815
15.4001 0 0.0498955
15.4501 0 0.04991
15.5001 0 0.0499091
15.5501 0 0.0499044
15.6001 0 0.0498931
15.6501 0 0.0499056
15.7001 0 0.0499104
15.7501 0 0.0499045
15.8001 0 0.0499042
15.8501 0 0.0499087
15.9002 0 0.0497831
15.9501 0 0.0498988
16.0002 0 0.049794
16.0501 0 0.0498877
16.1001 0 0.0498752
16.1501 0 0.0498846
16.2002 0 0.0498417
16.2501 0 0.0498877
16.3001 0 0.0498645
16.3501 0 0.0498887
16.4001 0 0.049887
16.4501 0 0.049891
16.5001 0 0.049894
16.5501 0 0.049875
16.6001 0 0.0498845
16.6501 0 0.0498922
16.7001 0 0.049892
16.7501 0 0.049886
16.8001 0 0.0498939
16.8501 0 0.0498915
16.9001 0 0.0498514
16.9501 0 0.0498882
17.0001 0 0.0498465
17.0501 0 0.0498806
17.1002 0 0.0498287
17.1501 0 0.0498567
17.2001 0 0.0498766
17.2501 0 0.049885
17.3001 0 0.0498801
17.3501 0 0.0498791
17.4001 0 0.049888
17.4501 0 0.0498903
17.5001 0 0.0498876
17.5501 0 0.0498759
17.6001 0 0.0498802
17.6502 0 0.0498395
17.7001 0 0.049891
17.7501 0 0.0498597
17.8001 0 0.0498852
17.8501 0 0.0498899
17.9001 0 0.0498924
17.9501 0 0.0498857
18.0001 0 0.0498857
18.0501 0 0.0498901
18.1001 0 0.0498916
18.1501 0 0.0498822
18.2001 0 0.0498762
18.2501 0 0.0498793
18.3001 0 0.0498658
18.3501 0 0.0498707
18.4001 0 0.0498822
18.4501 0 0.0498881
18.5001 0 0.0498487
18.5501 0 0.0498807
18.6002 0 0.0498303
18.6501 0 0.0498866
18.7001 0 0.0498906
18.7501 0 0.0498838
18.8001 0 0.0498877
18.8501 0 0.0498897
18.9001 0 0.0498911
18.9501 0 0.0498491
19.0001 0 0.0498875
19.0501 0 0.0498872
19.1001 0 0.0498897
19.1501 0 0.0498904
19.2001 0 0.0498833
19.2501 0 0.0498577
19.3001 0 0.0498709
19.3501 0 0.0498818
19.4001 0 0.049882
19.4501 0 0.0498875
19.5002 0 0.0498471
19.5501 0 0.0498884
19.6001 0 0.0498791
19.6502 0 0.049835
19.7001 0 0.0498909
19.7501 0 0.04989
19.8001 0 0.0498824
19.8501 0 0.0498873
19.9001 0 0.0498897
19.9501 0 0.0498903
20.0001 0 0.0498852
20.0501 0 0.0498896
20.1001 0 0.0498931
20.1501 0 0.0498895
20.2001 0 0.049886
20.2501 0 0.0498874
20.3001 0 0.049872
20.3501 0 0.0498659
20.4001 0 0.0498678
20.4501 0 0.0498856
20.5002 0 0.0498465
20.5501 0 0.0498885
20.6001 0 0.0498629
20.6501 0 0.0498811
20.7001 0 0.0498925
20.7501 0 0.0498885
20.8001 0 0.0498838
20.8501 0 0.0498882
20.9001 0 0.0498909
20.9502 0 0.0498228
21.0001 0 0.0498635
21.0503 0 0.0497305
21.1002 0 0.0498296
21.1501 0 0.0498563
21.2001 0 0.0498638
21.2501 0 0.0498649
21.3001 0 0.049876
21.3501 0 0.0498898
21.4001 0 0.0499015
21.4501 0 0.0499039
21.5001 0 0.0499079
21.5501 0 0.0499083
21.6001 0 0.0498961
21.6501 0 0.0499057
21.7001 0 0.04991
21.7501 0 0.0499084
21.8001 0 0.0499035
21.8501 0 0.049908
21.9001 0 0.0498923
21.9501 0 0.0498958
22.0001 0 0.0498814
22.0501 0 0.0498861
22.1001 0 0.0498635
22.1501 0 0.0498744
22.2001 0 0.0498784
22.2501 0 0.0498786
22.3001 0 0.0498559
22.3501 0 0.0498842
22.4001 0 0.0498812
22.4501 0 0.0498884
22.5001 0 0.0498921
22.5502 0 0.0498468
22.6001 0 0.0498779
22.6502 0 0.0498331
22.7001 0 0.0498901
22.7501 0 0.0498892
22.8001 0 0.0498849
22.8501 0 0.0498882
22.9001 0 0.0498916
22.9501 0 0.0498905
23.0001 0 0.0498874
23.0501 0 0.0498862
23.1001 0 0.0498909
23.1501 0 0.0498897
23.2001 0 0.0498653
23.2501 0 0.0498788
23.3001 0 0.0498852
23.3501 0 0.049874
23.4001 0 0.0498803
23.4501 0 0.0498803
23.5002 0 0.0498427
23.5501 0 0.0498846
23.6002 0 0.0498167
23.6501 0 0.0498821
23.7001 0 0.0498895
23.7501 0 0.0498875
23.8001 0 0.0498804
23.8501 0 0.0498888
23.9001 0 0.0498907
23.9501 0 0.049889
24.0001 0 0.049882
24.0502 0 0.0498414
24.1001 0 0.0498901
24.1502 0 0.049846
24.2001 0 0.049886
24.2501 0 0.0498885
24.3001 0 0.0498672
24.3501 0 0.0498764
24.4001 0 0.0498776
24.4501 0 0.0498833
24.5001 0 0.04989
24.5501 0 0.0498888
24.6001 0 0.0498778
24.6501 0 0.0498877
24.7002 0 0.0498443
24.7501 0 0.0498873
24.8001 0 0.0498859
24.8501 0 0.0498882
24.9001 0 0.0498914
24.9501 0 0.0498497
25.0001 0 0.0498863
25.0501 0 0.0498857
25.1001 0 0.0498903
25.1501 0 0.0498881
25.2001 0 0.0498919
25.2501 0 0.0498901
25.3001 0 0.0498851
25.3501 0 0.0498587
25.4001 0 0.0498743
25.4501 0 0.0498802
25.5002 0 0.0498415
25.5501 0 0.0498856
25.6001 0 0.0498807
25.6501 0 0.0498843
25.7001 0 0.0498907
25.7501 0 0.0498494
25.8001 0 0.0498905
25.8502 0 0.0498412
25.9001 0 0.0498895
25.9501 0 0.0498896
26.0001 0 0.0498915
26.0501 0 0.0498862
26.1001 0 0.0498908
26.1501 0 0.0498857
26.2001 0 0.0498871
26.2501 0 0.0498851
26.3001 0 0.0498819
26.3501 0 0.0498889
26.4001 0 0.0498925
26.4501 0 0.049886
26.5001 0 0.049891
26.5501 0 0.0498897
26.6001 0 0.0498856
26.6501 0 0.0498853
26.7002 0 0.0498453
26.7501 0 0.0498864
26.8001 0 0.0498894
26.8501 0 0.0498863
26.9001 0 0.0498916
26.9501 0 0.0498497
27.0002 0 0.0497912
27.0502 0 0.0497728
27.1002 0 0.0498415
27.1501 0 0.0498474
27.2001 0 0.0498612
27.2501 0 0.0498444
27.3001 0 0.0498811
27.3501 0 0.0499014
27.4001 0 0.0499027
27.4501 0 0.0499038
27.5001 0 0.0499061
27.5501 0 0.0499081
27.6001 0 0.0499006
27.6501 0 0.0499031
27.7001 0 0.0499077
27.7501 0 0.0499071
27.8001 0 0.0499095
27.8501 0 0.0499082
27.9002 0 0.0497771
27.9501 0 0.0498878
28.0001 0 0.0498749
28.0501 0 0.0498814
28.1001 0 0.0498494
28.1501 0 0.0498835
28.2001 0 0.0498467
28.2501 0 0.0498749
28.3001 0 0.0498773
28.3501 0 0.0498743
28.4001 0 0.0498867
28.4501 0 0.0498791
28.5001 0 0.0498916
28.5501 0 0.0498892
28.6001 0 0.0498876
28.6502 0 0.0498274
28.7001 0 0.049887
28.7502 0 0.0498449
28.8001 0 0.0498895
28.8501 0 0.0498868
28.9001 0 0.0498904
28.9501 0 0.0498891
29.0001 0 0.049891
29.0501 0 0.0498869
29.1001 0 0.0498909
29.1501 0 0.0498903
29.2001 0 0.0498905
29.2501 0 0.049887
29.3001 0 0.0498656
29.3501 0 0.0498717
29.4001 0 0.0498821
29.4501 0 0.0498856
29.5002 0 0.0498442
29.5501 0 0.0498875
29.6001 0 0.049889
29.6501 0 0.0498821
29.7001 0 0.0498899
29.7502 0 0.0498422
29.8001 0 0.0498886
29.8501 0 0.0498863
29.9001 0 0.0498674
29.9501 0 0.0498737
30.0001 0 0.0498816
30.0501 0 0.049885
30.1001 0 0.0498777
30.1501 0 0.0498862
30.2001 0 0.0498871
30.2501 0 0.0498806
30.3001 0 0.049882
30.3501 0 0.0498581
30.4001 0 0.0498731
30.4501 0 0.0498801
30.5002 0 0.0498474
30.5501 0 0.0498854
30.6001 0 0.0498734
30.6501 0 0.049881
30.7001 0 0.0498744
30.7501 0 0.0498851
30.8001 0 0.0498873
30.8501 0 0.0498855
30.9001 0 0.0498911
30.9501 0 0.0498487
31.0001 0 0.0498907
31.0501 0 0.0498851
31.1001 0 0.0498908
31.1501 0 0.0498935
31.2001 0 0.0498914
31.2501 0 0.0498879
31.3001 0 0.0498849
31.3501 0 0.0498868
31.4001 0 0.0498926
31.4501 0 0.0498865
31.5001 0 0.0498512
31.5501 0 0.0498868
31.6001 0 0.0498904
31.6501 0 0.0498871
31.7001 0 0.0498896
31.7501 0 0.0498878
31.8001 0 0.0498914
31.8501 0 0.0498878
31.9001 0 0.049891
31.9501 0 0.0498899
32.0001 0 0.0498915
32.0501 0 0.0498868
32.1001 0 0.049854
32.1501 0 0.0498762
32.2001 0 0.0498857
32.2501 0 0.0498803
32.3001 0 0.0498772
32.3501 0 0.0498855
32.4001 0 0.0498893
32.4501 0 0.0498874
32.5001 0 0.0498904
32.5501 0 0.0498892
32.6001 0 0.049892
32.6502 0 0.0498331
32.7001 0 0.0498892
32.7501 0 0.0498906
32.8001 0 0.0498895
32.8501 0 0.0498849
32.9002 0 0.049843
32.9501 0 0.0498882
33.0002 0 0.049748
33.0502 0 0.0498314
33.1001 0 0.0498599
33.1501 0 0.0498823
33.2001 0 0.0498738
33.2501 0 0.0498741
33.3001 0 0.0498895
33.3501 0 0.0498915
33.4001 0 0.0499019
33.4501 0 0.0499034
33.5001 0 0.0499055
33.5501 0 0.0499067
33.6001 0 0.0499046
33.6501 0 0.0499011
33.7001 0 0.0499084
33.7501 0 0.0499097
33.8001 0 0.049907
33.8501 0 0.0498868
33.9001 0 0.0498903
33.9501 0 0.0498725
34.0001 0 0.0498899
34.0502 0 0.0498377
34.1001 0 0.0498891
34.1501 0 0.0498488
34.2001 0 0.0498917
34.2501 0 0.0498567
34.3001 0 0.0498627
34.3502 0 0.0498176
34.4001 0 0.049878
34.4501 0 0.0498805
34.5001 0 0.0498894
34.5501 0 0.0498835
34.6001 0 0.0498861
34.6501 0 0.0498816
34.7002 0 0.0498415
34.7501 0 0.0498898
34.8001 0 0.0498863
34.8501 0 0.0498867
34.9001 0 0.0498924
34.9501 0 0.0498481
35.0001 0 0.0498913
35.0501 0 0.0498874
35.1001 0 0.0498921
35.1501 0 0.0498885
35.2001 0 0.0498889
35.2501 0 0.0498874
35.3001 0 0.0498711
35.3501 0 0.0498506
35.4001 0 0.0498489
35.4501 0 0.0498779
35.5001 0 0.0498874
35.5501 0 0.0498921
35.6001 0 0.0498866
35.6502 0 0.0498314
35.7001 0 0.0498874
35.7502 0 0.0498451
35.8001 0 0.0498902
35.8501 0 0.0498852
35.9001 0 0.0498913
35.9501 0 0.0498901
36.0001 0 0.0498894
36.0501 0 0.0498849
36.1002 0 0.0498432
36.1501 0 0.0498821
36.2001 0 0.0498878
36.2501 0 0.0498852
36.3001 0 0.0498864
36.3501 0 0.0498867
36.4001 0 0.0498884
36.4501 0 0.0498868
36.5001 0 0.0498906
36.5501 0 0.0498886
36.6001 0 0.0498904
36.6501 0 0.0498852
36.7001 0 0.0498903
36.7501 0 0.0498867
36.8001 0 0.0498879
36.8501 0 0.049871
36.9001 0 0.0498883
36.9501 0 0.0498906
37.0001 0 0.0498918
37.0501 0 0.0498856
37.1002 0 0.0498327
37.1501 0 0.0498707
37.2001 0 0.0498808
37.2501 0 0.049881
37.3001 0 0.049882
37.3501 0 0.0498791
37.4001 0 0.0498866
37.4501 0 0.0498853
37.5001 0 0.0498897
37.5502 0 0.0498441
37.6001 0 0.0498915
37.6501 0 0.0498811
37.7002 0 0.0498423
37.7501 0 0.0498856
37.8001 0 0.0498901
37.8501 0 0.0498873
37.9001 0 0.0498926
37.9501 0 0.0498882
38.0001 0 0.0498853
38.0501 0 0.0498876
38.1001 0 0.0498895
38.1502 0 0.0498443
38.2001 0 0.0498602
38.2501 0 0.0498576
38.3001 0 0.0498799
38.3501 0 0.0498715
38.4001 0 0.0498773
38.4501 0 0.0498862
38.5001 0 0.0498878
38.5501 0 0.0498824
38.6001 0 0.0498802
38.6501 0 0.0498914
38.7002 0 0.0498385
38.7501 0 0.0498856
38.8001 0 0.0498808
38.8501 0 0.0498867
38.9001 0 0.0498904
38.9502 0 0.0497518
39.0002 0 0.0498339
39.0502 0 0.0498422
39.1001 0 0.0498597
39.1501 0 0.049863
39.2001 0 0.0498458
39.2501 0 0.0498868
39.3001 0 0.0498819
39.3501 0 0.0498963
39.4001 0 0.0498928
39.4501 0 0.0499023
39.5001 0 0.0499046
39.5501 0 0.0499083
39.6001 0 0.0499124
39.6501 0 0.0499031
39.7001 0 0.0499052
39.7501 0 0.0499069
39.8001 0 0.0499127
39.8501 0 0.0498821
39.9001 0 0.0498867
39.9501 0 0.0498742
40.0001 0 0.0498908
40.0501 0 0.0498875
40.1001 0 0.0498857
40.1501 0 0.0498887
40.2001 0 0.049852
40.2501 0 0.0498864
40.3001 0 0.0498624
40.3501 0 0.0498522
40.4002 0 0.0498118
40.4501 0 0.0498744
40.5001 0 0.0498816
40.5501 0 0.0498894
40.6001 0 0.0498865
40.6501 0 0.0498792
40.7001 0 0.0498833
40.7501 0 0.0498859
40.8001 0 0.0498913
40.8501 0 0.0498887
40.9001 0 0.0498856
40.9501 0 0.0498853
41.0001 0 0.0498897
41.0501 0 0.0498848
41.1001 0 0.0498859
41.1501 0 0.0498908
41.2001 0 0.0498935
41.2501 0 0.0498673
41.3001 0 0.0498845
41.3502 0 0.049847
41.4001 0 0.0498919
41.4501 0 0.0498877
41.5001 0 0.0498885
41.5501 0 0.0498887
41.6001 0 0.0498911
41.6501 0 0.049887
41.7002 0 0.0498411
41.7501 0 0.0498883
41.8001 0 0.0498911
41.8501 0 0.0498853
41.9001 0 0.0498902
41.9502 0 0.0498473
42.0001 0 0.0498934
42.0501 0 0.0498865
42.1001 0 0.0498488
42.1501 0 0.0498748
42.2001 0 0.0498883
42.2501 0 0.0498795
42.3001 0 0.0498818
42.3501 0 0.0498834
42.4001 0 0.0498527
42.4501 0 0.0498854
42.5002 0 0.0498419
42.5501 0 0.0498889
42.6001 0 0.0498906
42.6501 0 0.0498803
42.7001 0 0.0498839
42.7501 0 0.049885
42.8001 0 0.0498914
42.8501 0 0.0498827
42.9001 0 0.0498866
42.9502 0 0.049847
43.0001 0 0.0498922
43.0501 0 0.0498914
43.1001 0 0.0498839
43.1501 0 0.0498895
43.2005 0 0.0495312
43.2501 0 0.0498712
43.3001 0 0.0498549
43.3501 0 0.0498697
43.4001 0 0.0498887
43.4501 0 0.0498885
43.5001 0 0.0498793
43.5501 0 0.0498825
43.6001 0 0.0498904
43.6501 0 0.0498843
43.7001 0 0.0498869
43.7502 0 0.0498435
43.8001 0 0.0498916
43.8501 0 0.049886
43.9001 0 0.0498893
43.9501 0 0.0498881
44.0001 0 0.0498932
44.0501 0 0.0498864
44.1001 0 0.0498895
44.1501 0 0.0498885
44.2001 0 0.0498899
44.2501 0 0.0498811
44.3001 0 0.0498667
44.3501 0 0.049876
44.4002 0 0.0498453
44.4501 0 0.0498713
44.5002 0 0.0498336
44.5501 0 0.0498882
44.6001 0 0.0498919
44.6501 0 0.0498791
44.7001 0 0.049871
44.7501 0 0.0498813
44.8001 0 0.0498765
44.8501 0 0.0498794
44.9001 0 0.0498861
44.9502 0 0.0498168
45.0002 0 0.0498165
45.0501 0 0.0498506
45.1001 0 0.0498601
45.1501 0 0.0498723
45.2001 0 0.0498642
45.2501 0 0.0498903
45.3001 0 0.0498927
45.3501 0 0.0498886
45.4001 0 0.0498965
45.4501 0 0.049906
45.5001 0 0.0499015
45.5501 0 0.0499057
45.6001 0 0.0499099
45.6501 0 0.0499066
45.7001 0 0.0499027
45.7501 0 0.0499077
45.8001 0 0.0499103
45.8501 0 0.0498913
45.9001 0 0.0498863
45.9501 0 0.0498727
46.0001 0 0.0498903
46.0501 0 0.0498916
46.1001 0 0.0498844
46.1501 0 0.049882
46.2001 0 0.0498892
46.2501 0 0.0498927
46.3001 0 0.0498834
46.3501 0 0.0498851
46.4001 0 0.0498899
46.4501 0 0.0498917
46.5002 0 0.0498432
46.5501 0 0.0498851
46.6001 0 0.0498927
46.6501 0 0.0498912
46.7001 0 0.0498866
46.7501 0 0.0498862
46.8001 0 0.0498928
46.8501 0 0.0498924
46.9001 0 0.0498861
46.9502 0 0.0498417
47.0001 0 0.0498901
47.0501 0 0.0498922
47.1001 0 0.049861
47.1501 0 0.0498739
47.2001 0 0.0498867
47.2501 0 0.0498813
47.3001 0 0.0498636
47.3501 0 0.0498748
47.4001 0 0.0498889
47.4501 0 0.0498875
47.5001 0 0.0498866
47.5501 0 0.0498864
47.6001 0 0.049893
47.6501 0 0.0498885
47.7002 0 0.0498368
47.7501 0 0.0498861
47.8001 0 0.0498915
47.8501 0 0.0498922
47.9001 0 0.0498871
47.9502 0 0.0498441
48.0001 0 0.0498913
48.0501 0 0.0498911
48.1001 0 0.0498877
48.1501 0 0.0498861
48.2001 0 0.0498523
48.2501 0 0.0498778
48.3001 0 0.049851
48.3501 0 0.0498794
48.4001 0 0.0498895
48.4501 0 0.0498892
48.5001 0 0.0498866
48.5502 0 0.0498422
48.6001 0 0.0498899
48.6501 0 0.0498868
48.7001 0 0.0498835
48.7501 0 0.0498883
48.8001 0 0.0498514
48.8501 0 0.0498929
48.9002 0 0.0498424
48.9501 0 0.0498814
49.0001 0 0.049891
49.0501 0 0.0498884
49.1001 0 0.0498866
49.1501 0 0.0498885
49.2001 0 0.0498929
49.2501 0 0.0498911
49.3001 0 0.0498628
49.3501 0 0.0498689
49.4001 0 0.0498887
49.4501 0 0.049882
49.5001 0 0.0498806
49.5501 0 0.0498914
49.6001 0 0.0498938
49.6501 0 0.0498888
49.7001 0 0.0498797
49.7502 0 0.0498446
49.8001 0 0.0498887
49.8501 0 0.0498917
49.9001 0 0.0498887
49.9501 0 0.0498859
50.0001 0 0.0498913
50.0501 0 0.04989
50.1001 0 0.0498911
50.1501 0 0.0498888
50.2001 0 0.0498919
50.2501 0 0.0498906
50.3001 0 0.0498826
50.3501 0 0.0498616
50.4001 0 0.0498779
50.4501 0 0.0498811
50.5001 0 0.0498764
50.5501 0 0.0498848
50.6001 0 0.0498912
50.6501 0 0.0498873
50.7002 0 0.0498331
50.7501 0 0.0498873
50.8001 0 0.0498927
50.8501 0 0.0498894
50.9002 0 0.0498029
50.9502 0 0.0497835
51.0002 0 0.0498055
51.0502 0 0.0498418
51.1001 0 0.0498555
51.1501 0 0.0498669
