8.33e-07 0 0.000984479
0.00124302 0 0.000751615
0.00213927 0 0.000854792
0.00311229 0 0.000883958
0.00411437 0 0.000882083
0.00512245 0 0.00087349
0.00610953 0 0.000885104
0.00710781 0 0.000888385
0.00811865 0 0.000877865
0.00911151 0 0.000884792
0.0101211 0 0.000875052
0.0111218 0 0.000874531
0.0121156 0 0.000880833
0.0131069 0 0.000888958
0.0141259 0 0.000868958
0.0151154 0 0.00087849
0.0161035 0 0.000892448
0.0171218 0 0.000874062
0.0181167 0 0.000879531
0.0191199 0 0.00087625
0.0201148 0 0.000881771
0.0211135 0 0.000881823
0.0221074 0 0.000886667
0.0231174 0 0.000876875
0.0241168 0 0.00087875
0.0251065 0 0.000889427
0.0261254 0 0.000869375
0.0271313 0 0.000863073
0.0281228 0 0.000871927
0.0291108 0 0.000884948
0.0301289 0 0.000866823
0.0311266 0 0.000869323
0.0321094 0 0.000885781
0.0331169 0 0.000876927
0.034118 0 0.000877552
0.0351156 0 0.000879219
0.03612 0 0.000875677
0.0371179 0 0.000875469
0.0381539 0 0.000839948
0.0391077 0 0.000888073
0.0401071 0 0.00088875
0.0411091 0 0.000885937
0.0421094 0 0.000885156
0.0431084 0 0.000887083
0.0441085 0 0.000886719
0.0451063 0 0.000890521
0.0461105 0 0.000883698
0.0471098 0 0.000886042
0.0481083 0 0.000887292
0.0491084 0 0.000887917
0.0501055 0 0.00089151
0.0511226 0 0.000873542
0.0521197 0 0.000875313
0.0531109 0 0.000885625
0.0541039 0 0.000891563
0.055108 0 0.000888229
0.0561 0 0.000896198
0.0571012 0 0.000894323
0.0581077 0 0.000888542
0.0591076 0 0.00088849
0.0601135 0 0.00088224
0.0611072 0 0.000889896
0.0621083 0 0.000885938
0.0631065 0 0.00088901
0.0641089 0 0.00088651
0.0651013 0 0.000893594
0.0661076 0 0.000889844
0.0671118 0 0.00088401
0.0681148 0 0.000880208
0.0691018 0 0.00089375
0.0701067 0 0.000889688
0.0711097 0 0.000886615
0.072108 0 0.000887917
0.0731084 0 0.000887188
0.0741061 0 0.000890729
0.0751003 0 0.000896563
0.0761097 0 0.00088474
0.0771033 0 0.000891146
0.0781078 0 0.000886719
0.0790951 0 0.000900521
0.0801042 0 0.000893542
0.0811035 0 0.000891979
0.0820929 0 0.000902917
0.0831115 0 0.000885104
0.0841068 0 0.000889427
0.0851014 0 0.000893177
0.0860927 0 0.000903854
0.0871099 0 0.000885885
0.0881078 0 0.000886719
0.089097 0 0.000900885
0.0901057 0 0.000890625
0.0910978 0 0.000899167
0.0920998 0 0.000897344
0.093101 0 0.000893958
0.0940948 0 0.00089974
0.0951029 0 0.000891771
0.0960894 0 0.000907813
0.0970993 0 0.000895417
0.098102 0 0.000895781
0.0991022 0 0.00089224
0.100098 0 0.000898177
0.101097 0 0.000899323
0.102099 0 0.000899427
0.103096 0 0.00090026
0.104095 0 0.00090349
0.105095 0 0.000901771
0.106098 0 0.000900156
0.107094 0 0.000901927
0.108101 0 0.000895729
0.109097 0 0.000899479
0.110104 0 0.00089224
0.111097 0 0.000899167
0.1121 0 0.000897396
0.113098 0 0.000899219
0.114103 0 0.000893802
0.115097 0 0.00090151
0.116104 0 0.000893073
0.11711 0 0.000887031
0.118108 0 0.000886823
0.119109 0 0.000888281
0.120102 0 0.000894792
0.121111 0 0.000885208
0.122101 0 0.000895417
0.123107 0 0.00089
0.124089 0 0.000907708
0.125099 0 0.000897448
0.126117 0 0.000880417
0.127099 0 0.0008975
0.128103 0 0.000894063
0.129097 0 0.000899375
0.130095 0 0.000900469
0.131097 0 0.00090026
0.132103 0 0.000893438
0.133097 0 0.000899635
0.134105 0 0.000891875
0.135099 0 0.000896406
0.136101 0 0.000895313
0.137111 0 0.000885521
0.13811 0 0.000884635
0.139099 0 0.000899219
0.140093 0 0.000903021
0.141099 0 0.000898438
0.142099 0 0.000897292
0.143099 0 0.000898906
0.144105 0 0.000891198
0.145113 0 0.000884323
0.146109 0 0.000884792
0.147117 0 0.0008775
0.148105 0 0.000891927
0.149111 0 0.000885313
0.150115 0 0.000882031
0.15111 0 0.000886979
0.152108 0 0.000889531
0.153106 0 0.000890521
0.154123 0 0.000872083
0.155104 0 0.000892292
0.156101 0 0.000895469
0.1571 0 0.00089651
0.158102 0 0.000894167
0.159103 0 0.000892292
0.160102 0 0.000894896
0.161099 0 0.00089724
0.162093 0 0.000904167
0.163104 0 0.000891823
0.1641 0 0.00089776
0.165099 0 0.000897917
0.166101 0 0.00089599
0.167115 0 0.000882292
0.168109 0 0.000886406
0.169099 0 0.000897552
0.170105 0 0.000891771
0.171095 0 0.000901615
0.172104 0 0.000893073
0.173101 0 0.000895313
0.174097 0 0.000899375
0.1751 0 0.000897448
0.176099 0 0.000897865
0.177106 0 0.000890625
0.178107 0 0.00088974
0.179108 0 0.000888385
0.180089 0 0.000907344
0.181098 0 0.000899219
0.182095 0 0.000901094
0.1831 0 0.000894115
0.184098 0 0.00089974
0.185098 0 0.000898542
0.186096 0 0.000899583
0.187103 0 0.000892396
0.188105 0 0.0008925
0.189087 0 0.000910885
0.190088 0 0.000909635
0.191085 0 0.000913333
0.192084 0 0.000914635
0.193083 0 0.000915417
0.194082 0 0.000916406
0.195084 0 0.000914792
0.196082 0 0.000916354
0.197087 0 0.000911875
0.198084 0 0.000914948
0.199083 0 0.000916094
0.200082 0 0.000916406
0.201082 0 0.000916563
0.202083 0 0.00091599
0.203082 0 0.000916719
0.20408 0 0.000918333
0.205082 0 0.000916458
0.206083 0 0.000915938
0.207087 0 0.000911198
0.208083 0 0.000915313
0.209082 0 0.000916458
0.210082 0 0.000916563
0.211082 0 0.000916667
0.212082 0 0.000916354
0.213082 0 0.000916615
0.214083 0 0.000915885
0.215082 0 0.000916563
0.216082 0 0.000916719
0.217086 0 0.000912344
0.218083 0 0.000915313
0.219082 0 0.00091651
0.220082 0 0.00091651
0.221082 0 0.000916615
0.222082 0 0.00091625
0.223082 0 0.000916406
0.224082 0 0.000916406
0.22508 0 0.000918646
0.22608 0 0.000918281
0.227084 0 0.000915104
0.228086 0 0.000912292
0.229083 0 0.000915781
0.230083 0 0.000915938
0.231082 0 0.000916719
0.232082 0 0.000916406
0.233082 0 0.000916875
0.234082 0 0.000917031
0.235082 0 0.000916198
0.236082 0 0.000917083
0.237087 0 0.000911719
0.238083 0 0.000915938
0.239082 0 0.000916354
0.240082 0 0.000917031
0.241082 0 0.00091651
0.242082 0 0.000916406
0.243082 0 0.000916458
0.244082 0 0.000916302
0.245082 0 0.000916719
0.246082 0 0.000916198
0.247081 0 0.000917188
0.24808 0 0.000918646
0.249083 0 0.000915677
0.250081 0 0.000917188
0.251082 0 0.000917031
0.252042 0 0.00095625
0.253104 0 0.000890781
0.254086 0 0.000912604
0.255079 0 0.000919792
0.256078 0 0.000920313
0.257083 0 0.000915
0.258082 0 0.000916875
0.259081 0 0.000917656
0.260078 0 0.000920417
0.261079 0 0.000920052
0.262078 0 0.000920417
0.263078 0 0.000920469
0.264078 0 0.00092026
0.265078 0 0.000920677
0.266078 0 0.000920313
0.267082 0 0.000916302
0.26808 0 0.000919063
0.269077 0 0.000922083
0.270078 0 0.000920469
0.271078 0 0.000920417
0.272078 0 0.000920208
0.273078 0 0.000920469
0.274078 0 0.000920261
0.275078 0 0.000920469
0.276079 0 0.000920052
0.27708 0 0.000918177
0.27808 0 0.000918906
0.279078 0 0.000920313
0.280078 0 0.000920261
0.281079 0 0.000920156
0.282078 0 0.000920469
0.283078 0 0.000920677
0.284079 0 0.000920208
0.285079 0 0.000920052
0.286078 0 0.000920313
0.287082 0 0.000917031
0.288082 0 0.000916823
0.289079 0 0.000919219
0.290077 0 0.000921719
0.291077 0 0.000921875
0.292079 0 0.000920052
0.293078 0 0.000920313
0.294079 0 0.000920052
0.295079 0 0.000920156
0.296079 0 0.000919844
0.297084 0 0.000914167
0.298085 0 0.000913438
0.299083 0 0.000916094
0.300082 0 0.000916511
0.301082 0 0.000916511
0.302083 0 0.000915261
0.303082 0 0.000916354
0.304082 0 0.000916354
0.305082 0 0.000916563
0.306082 0 0.000916458
0.307082 0 0.000916511
0.308082 0 0.000916511
0.309082 0 0.000916667
0.310082 0 0.00091625
0.311082 0 0.000916458
0.31208 0 0.000918646
0.313082 0 0.000916354
0.314082 0 0.000916719
0.315083 0 0.000915886
0.316082 0 0.000915729
0.317086 0 0.000912396
0.318083 0 0.000915313
0.319082 0 0.000916458
0.320082 0 0.000916146
0.321082 0 0.000916823
0.322082 0 0.000916511
0.323082 0 0.000916511
0.324082 0 0.000916094
0.325082 0 0.000916458
0.326083 0 0.00091599
0.327087 0 0.000911354
0.328084 0 0.000914219
0.329083 0 0.000915677
0.330082 0 0.000916354
0.331082 0 0.000916563
0.332082 0 0.000916719
0.33308 0 0.000918646
0.33408 0 0.000917917
0.335082 0 0.000916511
0.336082 0 0.000916615
0.337087 0 0.000911823
0.338083 0 0.000916042
0.339082 0 0.000916511
0.340082 0 0.000916511
0.341082 0 0.000916406
0.342083 0 0.000916146
0.343082 0 0.000916406
0.344082 0 0.000916615
0.345082 0 0.000916719
0.346083 0 0.000916094
0.347083 0 0.000916198
0.348082 0 0.000916511
0.349082 0 0.000916406
0.350082 0 0.00091625
0.351082 0 0.000916458
0.352082 0 0.000916563
0.353082 0 0.000916667
0.354082 0 0.000916458
0.35508 0 0.000918229
0.35608 0 0.000918386
0.357086 0 0.000912865
0.358082 0 0.000916302
0.359082 0 0.000916406
0.360082 0 0.000916458
0.361082 0 0.000916615
0.362082 0 0.000916615
0.363082 0 0.000916354
0.364082 0 0.000916198
0.365082 0 0.000916615
0.366083 0 0.000916042
0.367086 0 0.000912552
0.368083 0 0.000915208
0.369082 0 0.000916146
0.370082 0 0.000916511
0.371082 0 0.000916458
0.372082 0 0.000916406
0.373082 0 0.000916771
0.374082 0 0.000916458
0.375082 0 0.000916563
0.376082 0 0.000916302
0.377081 0 0.000917083
0.378082 0 0.000916354
0.379082 0 0.000916563
0.380082 0 0.000916458
0.381082 0 0.000916823
0.382082 0 0.00091625
0.383082 0 0.000916406
0.384082 0 0.000916563
0.385082 0 0.000916302
0.386083 0 0.000916042
0.387087 0 0.000911927
0.388085 0 0.000914115
0.389083 0 0.000915833
0.390082 0 0.000916406
0.391082 0 0.00091625
0.392083 0 0.00091625
0.393082 0 0.000916719
0.394082 0 0.000916302
0.395082 0 0.000916667
0.396082 0 0.000916458
0.397086 0 0.00091224
0.39808 0 0.000917761
0.39908 0 0.00091849
0.400082 0 0.000916406
0.401082 0 0.000916615
0.402082 0 0.000916406
0.403082 0 0.000916719
0.404082 0 0.000916458
0.405082 0 0.000916667
0.406083 0 0.000915313
0.407082 0 0.000916458
0.408083 0 0.00091599
0.409082 0 0.000916354
0.410082 0 0.000916406
0.411082 0 0.000916302
0.412082 0 0.000916354
0.413082 0 0.000916406
0.414083 0 0.000915886
0.415082 0 0.000916511
0.416082 0 0.000916406
0.417086 0 0.000912604
0.418083 0 0.00091599
0.419082 0 0.000916458
0.42008 0 0.00091849
0.421082 0 0.000916198
0.422083 0 0.000915469
0.423082 0 0.000916615
0.424082 0 0.000916406
0.425082 0 0.00091625
0.426083 0 0.00091599
0.427083 0 0.000915886
0.428082 0 0.000916406
0.429082 0 0.000916406
0.430083 0 0.000916094
0.431082 0 0.00091625
0.432082 0 0.000916302
0.433082 0 0.000916302
0.434082 0 0.000916615
0.435082 0 0.000916406
0.436082 0 0.000916458
0.437086 0 0.000912396
0.438083 0 0.000915417
0.439082 0 0.000916354
0.440082 0 0.000916458
0.44108 0 0.00091875
0.44208 0 0.000918594
0.443082 0 0.00091625
0.444082 0 0.000916563
0.445082 0 0.000916354
0.446083 0 0.000915833
0.447088 0 0.000910261
0.448082 0 0.000916563
0.449082 0 0.000916979
0.450082 0 0.000916979
0.451082 0 0.000917136
0.452082 0 0.000916927
0.453097 0 0.000900313
0.454087 0 0.000911927
0.455079 0 0.000919896
0.456079 0 0.000919844
0.45708 0 0.000918073
0.45808 0 0.000919011
0.459079 0 0.000919896
0.460079 0 0.000920052
0.461078 0 0.000920261
0.462078 0 0.000920469
0.463076 0 0.000922708
0.464079 0 0.000920208
0.465078 0 0.000920313
0.466078 0 0.000920365
0.467079 0 0.000919427
0.468079 0 0.000919219
0.469078 0 0.000920313
0.470079 0 0.000920156
0.471079 0 0.000920104
0.472078 0 0.000920469
0.473078 0 0.000920208
0.474078 0 0.000920261
0.475078 0 0.000920469
0.476078 0 0.000920261
0.477081 0 0.0009175
0.47808 0 0.000917917
0.479079 0 0.000919896
0.480079 0 0.000920156
0.481078 0 0.000920573
0.482078 0 0.000920156
0.483078 0 0.000920469
0.484079 0 0.000920104
0.485076 0 0.0009225
0.486078 0 0.000920417
0.487079 0 0.000919011
0.48808 0 0.000918386
0.489079 0 0.000919896
0.490079 0 0.000919948
0.491078 0 0.000920104
0.492078 0 0.000920261
0.493079 0 0.000920052
0.494078 0 0.000920261
0.49508 0 0.000918959
0.496079 0 0.000920104
0.497086 0 0.000912604
0.498083 0 0.000915261
0.499083 0 0.000915209
0.500083 0 0.000915886
0.501083 0 0.000916094
0.502083 0 0.000915313
0.503083 0 0.000915521
0.504083 0 0.000915938
0.505083 0 0.000916094
0.506081 0 0.000917917
0.507081 0 0.0009175
0.508079 0 0.000919531
0.509079 0 0.000919896
0.510078 0 0.000920365
0.511079 0 0.00091974
0.512079 0 0.000919844
0.513079 0 0.000920104
0.514079 0 0.000919844
0.515079 0 0.000920052
0.51608 0 0.000919011
0.517083 0 0.000915052
0.518084 0 0.000915104
0.519082 0 0.000916719
0.520082 0 0.000917136
0.521082 0 0.000916979
0.522082 0 0.000917084
0.523081 0 0.00091724
0.524082 0 0.000916875
0.525082 0 0.000917031
0.526197 0 0.000802031
0.527093 0 0.000905209
0.528081 0 0.00091724
0.529083 0 0.000915834
0.530083 0 0.00091599
0.531082 0 0.000916563
0.532083 0 0.000915365
0.533082 0 0.000916198
0.534083 0 0.000915261
0.535082 0 0.000916459
0.536082 0 0.000916459
0.537086 0 0.000912604
0.538082 0 0.00091625
0.539082 0 0.000916511
0.540082 0 0.000916511
0.541082 0 0.00091625
0.542083 0 0.000916042
0.543082 0 0.000916459
0.544082 0 0.00091625
0.545082 0 0.000916406
0.546082 0 0.000916615
0.547083 0 0.000916094
0.548082 0 0.000916563
0.54908 0 0.000918594
0.55008 0 0.000918698
0.551082 0 0.000916406
0.552094 0 0.000904167
0.553093 0 0.000905469
0.554084 0 0.000914948
0.555085 0 0.000912709
0.556084 0 0.000914479
0.557092 0 0.000906979
0.558083 0 0.000915677
0.559082 0 0.00091625
0.560083 0 0.000915625
0.561082 0 0.000916146
0.562082 0 0.000916615
0.563083 0 0.000915677
0.564082 0 0.000916511
0.565082 0 0.000916302
0.566083 0 0.00091599
0.567086 0 0.000912292
0.568083 0 0.000915938
0.569083 0 0.000916146
0.570082 0 0.000916563
0.57108 0 0.000918334
0.572082 0 0.00091625
0.573082 0 0.000916563
0.574082 0 0.00091625
0.575082 0 0.000916511
0.576082 0 0.000916511
0.577086 0 0.000912188
0.578083 0 0.000915781
0.579083 0 0.00091599
0.580083 0 0.000916042
0.581082 0 0.000916302
0.582083 0 0.000916042
0.583082 0 0.000916511
0.584083 0 0.000916042
0.585082 0 0.000916146
0.586082 0 0.000916511
0.587082 0 0.000916146
0.588084 0 0.000914792
0.589082 0 0.000916198
0.590081 0 0.000917136
0.591085 0 0.000913125
0.592081 0 0.000917188
0.593081 0 0.000917865
0.594082 0 0.000916094
0.595083 0 0.000915625
0.596082 0 0.000916354
0.597089 0 0.000909688
0.598083 0 0.000915417
0.599082 0 0.00091625
0.600082 0 0.000916459
0.601082 0 0.000916511
0.602082 0 0.000916354
0.603082 0 0.000916511
0.604082 0 0.000916198
0.605082 0 0.000916198
0.606083 0 0.000915417
0.607086 0 0.000912188
0.608082 0 0.000916094
0.609083 0 0.000916094
0.610082 0 0.000916354
0.611082 0 0.000916511
0.612082 0 0.000916406
0.613082 0 0.000916302
0.61408 0 0.000917917
0.61508 0 0.000918334
0.616083 0 0.000916042
0.617083 0 0.000915417
0.618083 0 0.000915886
0.619083 0 0.000915938
0.620082 0 0.000916094
0.621082 0 0.000916302
0.622083 0 0.000915365
0.623083 0 0.00091599
0.624082 0 0.000916198
0.625082 0 0.00091625
0.626082 0 0.000916719
0.627083 0 0.000915469
0.628084 0 0.000914167
0.629083 0 0.000915938
0.630083 0 0.000915938
0.631082 0 0.000916302
0.632082 0 0.00091625
0.633082 0 0.000916198
0.634082 0 0.000916511
0.635084 0 0.000914271
0.636087 0 0.000910521
0.637092 0 0.000904584
0.638089 0 0.000909011
0.639083 0 0.000915573
0.640083 0 0.000915521
0.641083 0 0.000915938
0.642082 0 0.000916198
0.643084 0 0.000914688
0.644083 0 0.000916198
0.645083 0 0.000915781
0.646083 0 0.000915729
0.647083 0 0.000915886
0.648079 0 0.000919427
0.649079 0 0.00091974
0.650079 0 0.000920052
0.65108 0 0.000919063
0.652079 0 0.000919636
0.653079 0 0.00091974
0.654098 0 0.000898802
0.655085 0 0.000914011
0.65608 0 0.000918854
0.65708 0 0.000917969
0.658078 0 0.000920261
0.659079 0 0.000919115
0.660079 0 0.000919584
0.661079 0 0.000920052
0.662078 0 0.000920156
0.663078 0 0.000920313
0.664078 0 0.000920313
0.665079 0 0.000920156
0.666078 0 0.000920365
0.667082 0 0.000916406
0.668079 0 0.000919271
0.669079 0 0.000920104
0.670078 0 0.000920365
0.671078 0 0.000920261
0.672078 0 0.000920104
0.673078 0 0.000920573
0.674079 0 0.000920052
0.675079 0 0.00092
0.676079 0 0.000920052
0.677084 0 0.000914844
0.678081 0 0.000917396
0.679077 0 0.000922031
0.680078 0 0.000920521
0.681079 0 0.000920052
0.682079 0 0.000920156
0.683079 0 0.000920104
0.684079 0 0.000919896
0.685079 0 0.000920209
0.686078 0 0.000920209
0.687081 0 0.000917448
0.68808 0 0.000918959
0.689079 0 0.000919844
0.690079 0 0.000919584
0.691079 0 0.000919688
0.692079 0 0.000919531
0.693079 0 0.00092
0.694079 0 0.00092
0.695078 0 0.000920209
0.696079 0 0.000919896
0.697087 0 0.000911875
0.698088 0 0.000910417
0.699084 0 0.000914688
0.700081 0 0.0009175
0.701081 0 0.000917761
0.702083 0 0.000915261
0.703083 0 0.000915365
0.704083 0 0.000915729
0.70509 0 0.000908229
0.706092 0 0.000906354
0.707086 0 0.000912709
0.708079 0 0.000919271
0.709079 0 0.000919636
0.710078 0 0.000920261
0.711079 0 0.000919792
0.712079 0 0.000919896
0.713079 0 0.000919896
0.714079 0 0.00092
0.715079 0 0.000919948
0.716079 0 0.000919792
0.717087 0 0.000908907
0.718085 0 0.000913282
0.719083 0 0.000915625
0.720082 0 0.000916354
0.721082 0 0.000916198
0.722081 0 0.000918177
0.72308 0 0.000918125
0.724083 0 0.000916042
0.725082 0 0.000916407
0.726083 0 0.000915782
0.727087 0 0.000912136
0.728084 0 0.000914479
0.729082 0 0.000916459
0.730083 0 0.000915938
0.731082 0 0.000916511
0.732082 0 0.000916146
0.733082 0 0.000916615
0.734083 0 0.000915313
0.735082 0 0.000916719
0.736083 0 0.000916146
0.737086 0 0.000912344
0.738083 0 0.00091599
0.739082 0 0.000916198
0.740082 0 0.000916407
0.741082 0 0.000916198
0.742083 0 0.00091599
0.743082 0 0.00091625
0.74408 0 0.000918334
0.745082 0 0.000916354
0.746082 0 0.00091625
0.747083 0 0.000915677
0.748082 0 0.000916354
0.749082 0 0.000916459
0.750083 0 0.000915261
0.751082 0 0.000916354
0.752082 0 0.000916146
0.753082 0 0.000916302
0.754082 0 0.00091625
0.755082 0 0.00091625
0.756082 0 0.00091625
0.757086 0 0.000912292
0.758083 0 0.000915104
0.759083 0 0.000915834
0.760083 0 0.00091599
0.761082 0 0.000916354
0.762082 0 0.000916302
0.763082 0 0.000916094
0.764083 0 0.000915886
0.76508 0 0.000918542
0.76608 0 0.000917761
0.767087 0 0.000912084
0.768083 0 0.00091599
0.769083 0 0.000916042
0.770083 0 0.000916094
0.771082 0 0.00091625
0.772082 0 0.000916198
0.773082 0 0.00091625
0.774082 0 0.000916094
0.775083 0 0.000916094
0.776082 0 0.000916407
0.777086 0 0.000912344
0.778083 0 0.000916042
0.779083 0 0.00091599
0.780083 0 0.000916146
0.781082 0 0.000916302
0.782083 0 0.000916042
0.783298 0 0.000699011
0.784118 0 0.000879532
0.785103 0 0.000894375
0.7861 0 0.000897604
0.787097 0 0.000901354
0.788099 0 0.000898959
0.789099 0 0.000898802
0.790098 0 0.000899532
0.791098 0 0.000899636
0.792099 0 0.000898646
0.793099 0 0.000899219
0.794099 0 0.000899479
0.795099 0 0.000899115
0.796098 0 0.000899584
0.797105 0 0.000892865
0.798099 0 0.000899063
0.799099 0 0.000899115
0.800098 0 0.000899375
0.801099 0 0.000899323
0.802099 0 0.000898907
0.803098 0 0.000899688
0.804099 0 0.000899271
0.805098 0 0.000899636
0.806099 0 0.000899115
0.807104 0 0.00089349
0.808095 0 0.000902344
0.809096 0 0.000902188
0.810099 0 0.000899011
0.811099 0 0.000899115
0.812099 0 0.000899011
0.813099 0 0.000899063
0.814098 0 0.000899479
0.815099 0 0.000899479
0.816098 0 0.000899636
0.817104 0 0.000893907
0.818101 0 0.000897136
0.819099 0 0.000898542
0.820098 0 0.000899479
0.821099 0 0.000898802
0.822099 0 0.000899323
0.823099 0 0.000899427
0.824099 0 0.000899011
0.825105 0 0.000892448
0.826102 0 0.000895625
0.827104 0 0.000892552
0.8281 0 0.000897709
0.829099 0 0.000899167
0.830096 0 0.000901615
0.831096 0 0.000901563
0.832099 0 0.000899532
0.833099 0 0.000899271
0.834098 0 0.000899948
0.835098 0 0.000899532
0.836098 0 0.0009
0.837106 0 0.000891354
0.838099 0 0.00089875
0.839099 0 0.000898542
0.840098 0 0.000899636
0.841098 0 0.000899532
0.842099 0 0.000898907
0.843099 0 0.000898594
0.844099 0 0.000899011
0.845099 0 0.000899011
0.846099 0 0.000899219
0.847104 0 0.000893698
0.848099 0 0.000899427
0.849098 0 0.000900261
0.850098 0 0.000900313
0.851098 0 0.000900417
0.852095 0 0.000903021
0.853098 0 0.000899844
0.854419 0 0.000575209
0.855107 0 0.000890625
0.856096 0 0.000901042
0.857094 0 0.000903229
0.858095 0 0.000903021
0.859093 0 0.000904584
0.860093 0 0.000904792
0.861093 0 0.000905052
0.862093 0 0.000905417
0.863093 0 0.000905313
0.864093 0 0.000905365
0.865093 0 0.000905261
0.866093 0 0.000905157
0.867103 0 0.000892552
0.868096 0 0.000901667
0.869093 0 0.000905
0.870093 0 0.000905157
0.871092 0 0.000905677
0.872093 0 0.000905573
0.87309 0 0.000908229
0.87409 0 0.000908021
0.875094 0 0.000904375
0.876093 0 0.000905365
0.877095 0 0.000902917
0.878096 0 0.000901615
0.879093 0 0.000904948
0.880093 0 0.000904896
0.881093 0 0.000904375
0.882093 0 0.000905313
0.883147 0 0.000850834
0.884096 0 0.000900729
0.885094 0 0.000903594
0.886093 0 0.000904844
0.887097 0 0.00090099
0.888094 0 0.000903386
0.889093 0 0.000904427
0.890094 0 0.000904323
0.891092 0 0.000905417
0.892093 0 0.000905052
0.893094 0 0.000904532
0.894093 0 0.000905052
0.89509 0 0.000907448
0.896094 0 0.000904219
0.8971 0 0.00089724
0.898102 0 0.000896094
0.899099 0 0.000898594
0.900099 0 0.000899375
0.901099 0 0.000899375
0.902098 0 0.000899688
0.903098 0 0.000899532
0.904099 0 0.000899271
0.905099 0 0.000899271
0.906099 0 0.000899271
0.907099 0 0.000898698
0.908099 0 0.000899063
0.909098 0 0.000899688
0.910099 0 0.00089875
0.911099 0 0.000899584
0.912099 0 0.000899271
0.913098 0 0.000899896
0.914099 0 0.000899167
0.915099 0 0.000899115
0.916096 0 0.000902292
0.917102 0 0.000896354
0.918101 0 0.000896875
0.919101 0 0.000896459
0.920099 0 0.000898959
0.921098 0 0.00089948
0.922098 0 0.000899636
0.923099 0 0.000899167
0.924099 0 0.000899167
0.925098 0 0.000899844
0.926098 0 0.00089948
0.927105 0 0.000892917
0.928099 0 0.000898959
0.929099 0 0.000899375
0.930099 0 0.000899323
0.931099 0 0.000899375
0.932098 0 0.000899844
0.933099 0 0.000899167
0.934099 0 0.000899167
0.935098 0 0.000899896
0.936098 0 0.000899584
0.937105 0 0.000893282
0.938096 0 0.000902188
0.939095 0 0.000902605
0.940099 0 0.000899271
0.941099 0 0.000899219
0.942098 0 0.000899636
0.943099 0 0.000898907
0.944098 0 0.000899584
0.945099 0 0.000899011
0.946099 0 0.000899375
0.947099 0 0.000898646
0.948099 0 0.000899427
0.949099 0 0.000899375
0.950104 0 0.00089323
0.951112 0 0.000884792
0.952104 0 0.000893646
0.9531 0 0.000897657
0.954099 0 0.000899271
0.9551 0 0.000898177
0.956098 0 0.000899427
0.957108 0 0.000889948
0.958099 0 0.00089875
0.959099 0 0.000899063
0.960096 0 0.000902344
0.961098 0 0.000899584
0.962099 0 0.00089948
0.963098 0 0.00089974
0.964098 0 0.000899844
0.965099 0 0.000899532
0.966099 0 0.000899323
0.967106 0 0.000892396
0.968099 0 0.000899115
0.969099 0 0.000899271
0.970099 0 0.000899323
0.97111 0 0.000886511
0.972101 0 0.000896459
0.973104 0 0.000893021
0.9741 0 0.000897448
0.975099 0 0.000899115
0.976099 0 0.00089948
0.977107 0 0.000891198
0.978099 0 0.00089875
0.979099 0 0.000899063
0.980099 0 0.000899271
0.981095 0 0.000902813
0.982095 0 0.000902761
0.983159 0 0.00083849
0.984108 0 0.000889271
0.985101 0 0.000897396
0.986099 0 0.000899219
0.9871 0 0.000898021
0.988098 0 0.000900209
0.989099 0 0.000898907
0.990099 0 0.000899115
0.991098 0 0.000899532
0.992098 0 0.000899688
0.993098 0 0.00089948
0.994099 0 0.000899219
0.995099 0 0.00089948
0.996098 0 0.000899375
0.997101 0 0.000893594
0.9981 0 0.000897761
0.999099 0 0.000898334
1.0001 0 0.000899792
1.0011 0 0.00089849
1.0021 0 0.000899115
1.0031 0 0.000902136
1.0041 0 0.000899271
1.0051 0 0.000899636
1.0061 0 0.000899219
1.00711 0 0.000892084
1.0081 0 0.000899115
1.0091 0 0.000899584
1.0101 0 0.000899896
1.0111 0 0.000899375
1.0121 0 0.000899532
1.0131 0 0.000899011
1.0141 0 0.000899584
1.0151 0 0.000899167
1.0161 0 0.000899896
1.0171 0 0.000893438
1.0181 0 0.000896823
1.0191 0 0.000897448
1.0201 0 0.000898959
1.0211 0 0.00089974
1.0221 0 0.000898959
1.0231 0 0.000899584
