2.812e-06 0 0.0999811
0.100257 0 0.0997372
0.200128 0 0.0998683
0.300109 0 0.0998856
0.400123 0 0.0998742
0.500109 0 0.0998873
0.600146 0 0.0998479
0.700138 0 0.0998566
0.800137 0 0.0998607
0.900114 0 0.0998815
1.00012 0 0.0998777
1.1001 0 0.0998914
1.20011 0 0.0998832
1.30011 0 0.0998892
1.40013 0 0.0998713
1.50013 0 0.0998592
1.60013 0 0.0998623
1.70012 0 0.0998691
1.80014 0 0.0998566
1.9001 0 0.099898
2.0001 0 0.0998987
2.10009 0 0.0999045
2.2001 0 0.0999024
2.30009 0 0.0999052
2.40012 0 0.0998733
2.50012 0 0.0998743
2.60012 0 0.099872
2.70011 0 0.0998886
2.80012 0 0.0998793
2.90011 0 0.0998876
3.00012 0 0.0998732
3.1001 0 0.0998916
3.20012 0 0.0998811
3.30011 0 0.0998886
3.40011 0 0.099886
3.50011 0 0.0998821
3.60013 0 0.0998708
3.70011 0 0.099886
3.80012 0 0.0998761
3.90011 0 0.0998874
4.00011 0 0.0998837
4.10012 0 0.0998726
4.20013 0 0.0998681
4.30011 0 0.0998884
4.40011 0 0.0998875
4.50011 0 0.0998889
4.60013 0 0.0998695
4.70012 0 0.0998778
4.80012 0 0.0998746
4.90011 0 0.0998858
5.00014 0 0.0998551
5.10011 0 0.0998891
5.20011 0 0.0998845
5.30011 0 0.0998881
5.40013 0 0.099871
5.50011 0 0.0998883
5.60013 0 0.0998591
5.70012 0 0.0998779
5.80013 0 0.0998704
5.90011 0 0.0998782
6.00013 0 0.09987
6.10011 0 0.099882
6.20012 0 0.099876
6.30011 0 0.0998876
6.40014 0 0.0998569
6.50011 0 0.0998885
6.60012 0 0.0998804
6.70011 0 0.0998879
6.80013 0 0.0998697
6.9001 0 0.0998985
7.00012 0 0.099877
7.1001 0 0.0998989
7.20011 0 0.0998826
7.30011 0 0.0998904
7.40012 0 0.0998771
7.50014 0 0.0998547
7.60012 0 0.0998755
7.70012 0 0.0998745
7.80011 0 0.0998879
7.90009 0 0.0999077
8.00009 0 0.0999035
8.10009 0 0.099907
8.2001 0 0.0999006
8.3001 0 0.0998897
8.40015 0 0.0998439
8.50012 0 0.0998764
8.60013 0 0.0998669
8.70011 0 0.0998852
8.80012 0 0.0998794
8.9001 0 0.0998902
9.00013 0 0.0998629
9.1001 0 0.0998912
9.20012 0 0.0998807
9.30011 0 0.0998891
9.40014 0 0.0998602
9.5001 0 0.0998904
9.60012 0 0.0998734
9.70012 0 0.0998758
9.80013 0 0.0998697
9.9001 0 0.0998954
10.0001 0 0.0998752
10.1001 0 0.0998895
10.2001 0 0.099887
10.3001 0 0.0998906
10.4001 0 0.0998724
10.5001 0 0.0998972
10.6001 0 0.0998611
10.7001 0 0.099869
10.8001 0 0.0998535
10.9001 0 0.0998864
11.0001 0 0.0998778
11.1001 0 0.0998913
11.2001 0 0.099882
11.3001 0 0.0998857
11.4001 0 0.0998615
11.5001 0 0.0998861
11.6001 0 0.0998759
11.7001 0 0.099888
11.8001 0 0.099886
11.9001 0 0.099888
12.0001 0 0.0998865
12.1001 0 0.0998898
12.2001 0 0.0998858
12.3001 0 0.0998893
12.4001 0 0.099885
12.5001 0 0.0998564
12.6001 0 0.0998553
12.7001 0 0.0998882
12.8001 0 0.0998857
12.9001 0 0.099888
13.0001 0 0.0998718
13.1001 0 0.0998909
13.2001 0 0.0998843
13.3001 0 0.0998903
13.4001 0 0.0998567
13.5002 0 0.0998304
13.6001 0 0.0998607
13.7001 0 0.099874
13.8001 0 0.0998905
13.9001 0 0.0999027
14.0001 0 0.0998977
14.1001 0 0.0999057
14.2001 0 0.0999033
14.3001 0 0.099882
14.4001 0 0.0998526
14.5001 0 0.0998929
14.6001 0 0.0998721
14.7001 0 0.0998719
14.8001 0 0.0998736
14.9001 0 0.0998913
15.0001 0 0.09987
15.1001 0 0.0998919
15.2001 0 0.0998846
15.3001 0 0.0998913
15.4001 0 0.0998859
15.5001 0 0.099891
15.6001 0 0.099887
15.7001 0 0.0998764
15.8001 0 0.0998738
15.9001 0 0.0998955
16.0001 0 0.0998708
16.1001 0 0.0998907
16.2001 0 0.0998848
16.3001 0 0.0998918
16.4001 0 0.0998853
16.5001 0 0.0998876
16.6001 0 0.0998729
16.7001 0 0.0998878
16.8001 0 0.0998577
16.9001 0 0.0998901
17.0001 0 0.0998683
17.1001 0 0.0998744
17.2001 0 0.0998533
17.3001 0 0.0998756
17.4001 0 0.0998697
17.5001 0 0.099878
17.6001 0 0.0998537
17.7001 0 0.0998809
17.8001 0 0.0998748
17.9001 0 0.0998877
18.0001 0 0.0998677
18.1001 0 0.0998771
18.2001 0 0.0998811
18.3001 0 0.0998844
18.4001 0 0.0998692
18.5001 0 0.0998687
18.6002 0 0.0998435
18.7001 0 0.099878
18.8001 0 0.0998634
18.9001 0 0.0998636
19.0001 0 0.0998678
19.1001 0 0.0998772
19.2001 0 0.0998821
19.3001 0 0.0998737
19.4002 0 0.099785
19.5001 0 0.0998363
19.6001 0 0.0998569
19.7001 0 0.0998779
19.8001 0 0.0998896
19.9001 0 0.0999029
20.0001 0 0.0998962
20.1001 0 0.0999047
20.2001 0 0.0999027
20.3001 0 0.0998863
20.4001 0 0.0998845
20.5001 0 0.0998883
20.6001 0 0.0998825
20.7001 0 0.0998752
20.8001 0 0.0998803
20.9002 0 0.0998256
21.0002 0 0.0998182
21.1001 0 0.0998765
21.2001 0 0.0998755
21.3001 0 0.0998855
21.4001 0 0.0998769
21.5001 0 0.0998863
21.6001 0 0.0998859
21.7001 0 0.0998882
21.8001 0 0.0998571
21.9001 0 0.0998929
22.0001 0 0.0998856
22.1001 0 0.0998892
22.2001 0 0.0998861
22.3001 0 0.0998912
22.4001 0 0.0998712
22.5001 0 0.0998731
22.6001 0 0.0998514
22.7001 0 0.099887
22.8001 0 0.0998865
22.9001 0 0.0998926
23.0001 0 0.0998711
23.1001 0 0.0998972
23.2001 0 0.0998808
23.3001 0 0.0998906
23.4001 0 0.0998707
23.5001 0 0.0998708
23.6001 0 0.099869
23.7001 0 0.099885
23.8001 0 0.0998781
23.9001 0 0.0998929
24.0001 0 0.099869
24.1001 0 0.0998908
24.2001 0 0.0998822
24.3001 0 0.0998883
24.4001 0 0.0998842
24.5001 0 0.0998891
24.6001 0 0.0998713
24.7001 0 0.0998739
24.8001 0 0.0998756
24.9001 0 0.0998968
25.0001 0 0.0998832
25.1001 0 0.099896
25.2001 0 0.0998664
25.3001 0 0.099887
25.4002 0 0.0998338
25.5001 0 0.0998527
25.6002 0 0.0998384
25.7001 0 0.099865
25.8001 0 0.0998921
25.9001 0 0.0998964
26.0001 0 0.0999014
26.1001 0 0.0999093
26.2001 0 0.0999036
26.3001 0 0.0998884
26.4001 0 0.0998806
26.5001 0 0.0998893
26.6001 0 0.0998816
26.7001 0 0.0998932
26.8001 0 0.0998851
26.9001 0 0.0998885
27.0001 0 0.0998674
27.1001 0 0.0998956
27.2001 0 0.0998768
27.3001 0 0.099874
27.4001 0 0.0998458
27.5002 0 0.0998444
27.6001 0 0.0998772
27.7001 0 0.09989
27.8001 0 0.0998839
27.9001 0 0.0998843
28.0001 0 0.0998663
28.1001 0 0.0998681
28.2001 0 0.0998812
28.3001 0 0.0998919
28.4001 0 0.0998773
28.5001 0 0.0998629
28.6001 0 0.0998666
28.7002 0 0.099772
28.8001 0 0.0998746
28.9001 0 0.0998662
29.0001 0 0.0998667
29.1001 0 0.0998716
29.2001 0 0.0998877
29.3001 0 0.0998754
29.4001 0 0.0998702
29.5001 0 0.099884
29.6001 0 0.0998688
29.7001 0 0.0998773
29.8001 0 0.0998812
29.9001 0 0.0998693
30.0001 0 0.099876
30.1001 0 0.0998898
30.2001 0 0.0998846
30.3001 0 0.099892
30.4001 0 0.0998833
30.5001 0 0.0998886
30.6001 0 0.0998818
30.7001 0 0.0998765
30.8001 0 0.0998706
30.9001 0 0.099878
31.0001 0 0.0998675
31.1001 0 0.0998914
31.2001 0 0.0998775
31.3001 0 0.0998587
31.4001 0 0.0998624
31.5001 0 0.099868
31.6001 0 0.0998479
31.7001 0 0.0998912
31.8001 0 0.0998992
31.9001 0 0.0999037
32.0001 0 0.0998992
32.1001 0 0.0999057
32.2001 0 0.0998785
32.3001 0 0.0998882
32.4001 0 0.0998436
32.5002 0 0.0998429
32.6001 0 0.0998748
32.7001 0 0.0998823
32.8001 0 0.0998828
32.9001 0 0.0998903
33.0001 0 0.0998821
33.1001 0 0.0998801
33.2001 0 0.0998571
33.3001 0 0.0998682
33.4001 0 0.0998924
33.5001 0 0.0998555
33.6001 0 0.0998707
33.7001 0 0.099877
33.8001 0 0.0998836
33.9001 0 0.0998814
34.0001 0 0.0998827
34.1001 0 0.0998783
34.2001 0 0.0998648
34.3001 0 0.099892
34.4001 0 0.0998837
34.5001 0 0.099885
34.6001 0 0.0998732
34.7001 0 0.0998781
34.8001 0 0.0998824
34.9001 0 0.099883
35.0001 0 0.0998813
35.1001 0 0.0998939
35.2001 0 0.0998629
35.3001 0 0.0998923
35.4001 0 0.0998848
35.5001 0 0.0998935
35.6001 0 0.0998853
35.7001 0 0.0998758
35.8001 0 0.0998706
35.9001 0 0.0998748
36.0001 0 0.0998837
36.1001 0 0.0998705
36.2001 0 0.0998755
36.3001 0 0.0998548
36.4001 0 0.099858
36.5001 0 0.099879
36.6001 0 0.0998839
36.7001 0 0.0998897
36.8001 0 0.0998814
36.9001 0 0.0998864
37.0001 0 0.0998693
37.1001 0 0.099893
37.2001 0 0.0998832
37.3001 0 0.0998469
37.4001 0 0.0998439
37.5001 0 0.0998677
37.6001 0 0.0998703
37.7001 0 0.099896
37.8001 0 0.0999121
37.9001 0 0.0999007
38.0001 0 0.0999056
38.1001 0 0.0999076
38.2001 0 0.0998908
38.3001 0 0.0998901
38.4001 0 0.099882
38.5001 0 0.0998433
38.6001 0 0.0998715
38.7001 0 0.0998769
38.8001 0 0.0998738
38.9001 0 0.0998734
39.0001 0 0.0998826
39.1001 0 0.0998853
39.2001 0 0.0998827
39.3001 0 0.0998833
39.4001 0 0.0998848
39.5001 0 0.0998894
39.6001 0 0.0998442
39.7001 0 0.0998813
39.8001 0 0.0998868
39.9001 0 0.0998683
40.0001 0 0.0998816
40.1001 0 0.0998914
40.2001 0 0.0998669
40.3001 0 0.0998906
40.4001 0 0.0998773
40.5001 0 0.0998892
40.6001 0 0.0998818
40.7001 0 0.0998709
40.8001 0 0.0998672
40.9001 0 0.0998702
41.0001 0 0.0998818
41.1001 0 0.0998795
41.2001 0 0.0998618
41.3001 0 0.0998902
41.4001 0 0.099885
41.5001 0 0.0998895
41.6001 0 0.0998839
41.7001 0 0.0998933
41.8001 0 0.0998893
41.9001 0 0.0998862
42.0001 0 0.0998847
42.1001 0 0.0998755
42.2001 0 0.0998667
42.3001 0 0.0998916
42.4001 0 0.0998774
42.5001 0 0.0998718
42.6001 0 0.0998822
42.7001 0 0.0998835
42.8001 0 0.099884
42.9001 0 0.0998808
43.0001 0 0.0998836
43.1001 0 0.0998704
43.2001 0 0.0998819
43.3001 0 0.0998465
43.4001 0 0.0998582
43.5001 0 0.0998685
43.6001 0 0.0998766
43.7001 0 0.0998955
43.8001 0 0.0998986
43.9001 0 0.0999079
44.0001 0 0.0998995
44.1001 0 0.09991
44.2001 0 0.0998872
44.3002 0 0.0998386
44.4001 0 0.0998828
44.5001 0 0.0998889
44.6001 0 0.0998828
44.7001 0 0.099881
44.8001 0 0.0998769
44.9001 0 0.0998828
45.0001 0 0.0998813
45.1001 0 0.0998766
45.2001 0 0.0998604
45.3001 0 0.0998911
45.4001 0 0.0998962
45.5001 0 0.0998889
45.6001 0 0.0998899
45.7001 0 0.0998755
45.8001 0 0.0998767
45.9001 0 0.0998845
46.0001 0 0.099887
46.1001 0 0.0998761
46.2001 0 0.0998928
46.3001 0 0.0998895
46.4001 0 0.0998972
46.5001 0 0.0998853
46.6001 0 0.0998918
46.7001 0 0.0998911
46.8001 0 0.0998924
46.9001 0 0.0998792
47.0001 0 0.099889
47.1001 0 0.0998756
47.2001 0 0.0998874
47.3001 0 0.0998815
47.4001 0 0.0998895
47.5001 0 0.0998721
47.6001 0 0.0998834
47.7001 0 0.0998823
47.8001 0 0.0998907
47.9001 0 0.0998886
48.0001 0 0.0998903
48.1001 0 0.0998899
48.2001 0 0.0998899
48.3001 0 0.0998804
48.4001 0 0.0998969
48.5001 0 0.0998613
48.6001 0 0.0998717
48.7001 0 0.0998753
48.8001 0 0.0998818
48.9001 0 0.0998696
49.0001 0 0.0998857
49.1001 0 0.0998764
49.2001 0 0.0998815
49.3001 0 0.0998673
49.4001 0 0.0998582
49.5001 0 0.0998472
49.6001 0 0.0998828
49.7001 0 0.0998999
49.8001 0 0.0999027
49.9001 0 0.0998973
50.0001 0 0.0999079
50.1001 0 0.0999072
50.2001 0 0.0998868
50.3001 0 0.0998878
50.4001 0 0.0998851
50.5002 0 0.0998424
50.6001 0 0.0998878
50.7001 0 0.0998548
50.8001 0 0.0998723
50.9001 0 0.0998814
51.0001 0 0.0998756
51.1001 0 0.099878
51.2001 0 0.0998741
51.3001 0 0.0998779
51.4001 0 0.0998869
51.5001 0 0.0998886
51.6001 0 0.0998888
51.7001 0 0.0998906
51.8001 0 0.0998855
51.9001 0 0.0998847
52.0001 0 0.0998882
52.1001 0 0.0998948
52.2001 0 0.0998522
52.3002 0 0.0998406
52.4001 0 0.0998679
52.5001 0 0.0998679
52.6001 0 0.0998846
52.7001 0 0.0998829
52.8001 0 0.09989
52.9001 0 0.0998746
53.0001 0 0.0998781
53.1001 0 0.0998617
53.2001 0 0.0998728
53.3001 0 0.0998737
53.4001 0 0.0998835
53.5001 0 0.099847
53.6001 0 0.0998702
53.7001 0 0.0998467
53.8001 0 0.0998829
53.9001 0 0.099867
54.0001 0 0.0998755
54.1001 0 0.099869
54.2001 0 0.0998842
54.3001 0 0.0998713
54.4001 0 0.0998846
54.5001 0 0.0998681
54.6001 0 0.0998778
54.7001 0 0.0998768
54.8001 0 0.0998847
54.9001 0 0.0998613
55.0001 0 0.099883
55.1001 0 0.0998593
55.2002 0 0.0998306
55.3002 0 0.0998327
55.4001 0 0.0998574
55.5001 0 0.0998695
55.6001 0 0.0998909
55.7001 0 0.0998849
55.8001 0 0.0998957
55.9001 0 0.0998998
56.0001 0 0.0998964
56.1001 0 0.099898
56.2001 0 0.099887
56.3001 0 0.099876
56.4001 0 0.0998824
56.5001 0 0.0998698
56.6001 0 0.0998716
56.7001 0 0.0998778
56.8001 0 0.0998716
56.9001 0 0.099867
57.0001 0 0.0998814
57.1001 0 0.0998675
57.2001 0 0.0998826
57.3001 0 0.0998912
57.4001 0 0.0998773
57.5001 0 0.0998679
57.6001 0 0.0998752
57.7001 0 0.0998894
57.8001 0 0.0998905
57.9001 0 0.0998835
58.0001 0 0.0998854
58.1001 0 0.099867
58.2001 0 0.0998953
58.3001 0 0.0998899
58.4001 0 0.0998905
58.5001 0 0.0998883
58.6001 0 0.0998723
58.7001 0 0.0998762
58.8001 0 0.0998816
58.9001 0 0.0998724
59.0001 0 0.0998773
59.1001 0 0.0998745
59.2001 0 0.0998846
59.3001 0 0.0998824
59.4001 0 0.0998888
59.5001 0 0.0998888
59.6001 0 0.0998666
59.7001 0 0.0998621
59.8001 0 0.0998837
59.9001 0 0.0998733
60.0001 0 0.0998844
60.1001 0 0.0998892
60.2001 0 0.0998887
60.3001 0 0.0998915
60.4001 0 0.0998986
60.5001 0 0.0998738
60.6001 0 0.0998879
60.7001 0 0.0998711
60.8001 0 0.0998736
60.9001 0 0.0998762
61.0001 0 0.0998861
61.1001 0 0.0998923
61.2002 0 0.0997721
61.3001 0 0.099853
61.4001 0 0.0998666
61.5001 0 0.0998682
61.6001 0 0.0998877
61.7001 0 0.0999055
61.8001 0 0.0999051
61.9001 0 0.0998977
62.0001 0 0.0999024
62.1001 0 0.0998882
62.2001 0 0.0998862
62.3001 0 0.0998723
62.4001 0 0.0998884
62.5001 0 0.0998739
62.6001 0 0.0998955
62.7001 0 0.0998887
62.8001 0 0.0998892
62.9001 0 0.0998631
63.0001 0 0.0998883
63.1001 0 0.0998909
63.2001 0 0.0998878
63.3001 0 0.0998878
63.4001 0 0.0999
63.5001 0 0.0998861
63.6001 0 0.0998733
63.7001 0 0.0998574
63.8001 0 0.0998773
63.9001 0 0.0998784
64.0001 0 0.0998877
64.1001 0 0.0998898
64.2001 0 0.0998887
64.3001 0 0.0998835
64.4001 0 0.0998859
64.5001 0 0.0998921
64.6001 0 0.0998758
64.7001 0 0.0998597
64.8001 0 0.0998718
64.9001 0 0.0998728
65.0001 0 0.0998901
65.1001 0 0.0998896
65.2001 0 0.0998829
65.3001 0 0.099887
65.4001 0 0.0998846
65.5001 0 0.0998836
65.6001 0 0.099886
65.7001 0 0.0998662
65.8001 0 0.0998698
65.9001 0 0.099876
66.0001 0 0.0998812
66.1001 0 0.0998724
66.2001 0 0.0998722
66.3001 0 0.0998772
66.4001 0 0.0998759
66.5001 0 0.0998772
66.6001 0 0.0998878
66.7001 0 0.0998868
66.8001 0 0.0998652
66.9001 0 0.0998773
67.0001 0 0.0998861
67.1001 0 0.0998882
67.2001 0 0.0998566
67.3001 0 0.0998627
67.4001 0 0.0998531
67.5001 0 0.0998909
67.6001 0 0.0999028
67.7001 0 0.0999012
67.8001 0 0.0999052
67.9001 0 0.099898
68.0001 0 0.0998855
68.1001 0 0.0998926
68.2001 0 0.0998838
68.3001 0 0.0998887
68.4001 0 0.0998849
68.5001 0 0.0998894
68.6001 0 0.0998616
68.7001 0 0.0998762
68.8001 0 0.0998677
68.9001 0 0.0998767
69.0001 0 0.099855
69.1001 0 0.0998897
69.2001 0 0.0998826
69.3001 0 0.0998898
69.4001 0 0.0998857
69.5001 0 0.0998888
69.6001 0 0.0998847
69.7001 0 0.0998814
69.8001 0 0.0998744
69.9001 0 0.0998863
70.0001 0 0.0998782
70.1001 0 0.0998858
70.2001 0 0.0998847
70.3001 0 0.0998898
70.4001 0 0.0998855
70.5001 0 0.0998705
70.6001 0 0.0998628
70.7001 0 0.099872
70.8001 0 0.099876
70.9001 0 0.0998647
71.0001 0 0.0998672
71.1001 0 0.099889
71.2001 0 0.099882
71.3001 0 0.0998884
71.4001 0 0.0998867
71.5001 0 0.099889
71.6001 0 0.0998804
71.7001 0 0.0998738
71.8001 0 0.0998729
71.9001 0 0.0998896
72.0001 0 0.0998828
72.1001 0 0.0998846
72.2001 0 0.0998862
72.3001 0 0.0998908
72.4001 0 0.0998638
72.5001 0 0.0998572
72.6001 0 0.0998545
72.7001 0 0.0998873
72.8001 0 0.0998768
72.9001 0 0.099896
73.0001 0 0.0998585
73.1002 0 0.0997771
73.2002 0 0.099832
73.3001 0 0.0998597
73.4001 0 0.0998537
73.5001 0 0.0998886
73.6001 0 0.099882
73.7001 0 0.0998933
73.8001 0 0.0999027
73.9001 0 0.0999036
74.0001 0 0.0999007
74.1001 0 0.0998865
74.2001 0 0.0998824
74.3001 0 0.099889
74.4001 0 0.099886
74.5001 0 0.0998896
74.6001 0 0.0998867
74.7001 0 0.0998586
74.8001 0 0.099859
74.9001 0 0.0998836
75.0001 0 0.0998775
75.1001 0 0.0998884
75.2001 0 0.0998842
75.3001 0 0.0998874
75.4001 0 0.0998703
75.5001 0 0.0998872
75.6001 0 0.0998865
75.7001 0 0.0998669
75.8001 0 0.0998696
75.9001 0 0.0998862
76.0001 0 0.0998661
76.1001 0 0.099887
76.2001 0 0.0998829
76.3001 0 0.0998886
76.4001 0 0.0998777
76.5001 0 0.0998891
76.6001 0 0.0998863
76.7001 0 0.099883
76.8001 0 0.0998723
76.9001 0 0.0998709
77.0001 0 0.0998694
77.1001 0 0.0998905
77.2001 0 0.0998844
77.3001 0 0.0998871
77.4001 0 0.0998454
77.5001 0 0.0998536
77.6001 0 0.0998529
77.7001 0 0.0998922
77.8001 0 0.0998847
77.9001 0 0.0998942
78.0001 0 0.0998772
78.1001 0 0.0998904
78.2001 0 0.0998853
78.3001 0 0.0998895
78.4001 0 0.0998838
78.5001 0 0.0998886
78.6001 0 0.0998695
78.7001 0 0.0998747
78.8001 0 0.0998812
78.9001 0 0.0998886
79.0001 0 0.0998846
79.1002 0 0.0998138
79.2001 0 0.0998482
79.3001 0 0.099859
79.4001 0 0.0998635
79.5001 0 0.0998893
79.6001 0 0.0998916
79.7001 0 0.0998974
79.8001 0 0.0998897
79.9001 0 0.0999001
80.0001 0 0.0998776
80.1002 0 0.0998421
80.2001 0 0.0998589
80.3001 0 0.0998876
80.4001 0 0.0998756
80.5001 0 0.0998864
80.6001 0 0.0998712
80.7001 0 0.0998623
80.8001 0 0.0998641
80.9001 0 0.0998845
81.0002 0 0.0998275
81.1001 0 0.0998737
81.2001 0 0.0998719
81.3001 0 0.0998779
81.4001 0 0.0998711
81.5001 0 0.0998889
81.6001 0 0.099882
81.7001 0 0.099887
81.8001 0 0.0998693
81.9001 0 0.0998585
82.0001 0 0.0998519
82.1001 0 0.0998769
82.2001 0 0.0998723
82.3001 0 0.0998744
82.4001 0 0.0998549
82.5001 0 0.0998702
82.6001 0 0.0998739
82.7001 0 0.099885
82.8001 0 0.0998811
82.9001 0 0.0998852
83.0001 0 0.0998598
83.1001 0 0.0998719
83.2001 0 0.0998699
83.3001 0 0.0998819
83.4001 0 0.0998896
83.5001 0 0.0998689
83.6002 0 0.0998388
83.7001 0 0.0998741
83.8001 0 0.0998728
83.9001 0 0.0998864
84.0001 0 0.0998591
84.1001 0 0.0998898
84.2001 0 0.0998848
84.3001 0 0.0998893
84.4001 0 0.0998716
84.5001 0 0.0998913
84.6001 0 0.0998847
84.7001 0 0.0998841
84.8001 0 0.0998737
84.9001 0 0.0998973
85.0001 0 0.0998864
85.1002 0 0.0998327
85.2001 0 0.0998637
85.3001 0 0.0998633
85.4001 0 0.0998743
85.5001 0 0.099893
85.6001 0 0.0999026
85.7001 0 0.0999051
85.8001 0 0.0998906
85.9001 0 0.0998833
86.0001 0 0.0998626
86.1001 0 0.0998888
86.2001 0 0.0998656
86.3001 0 0.0998898
86.4001 0 0.099885
86.5001 0 0.0998894
86.6001 0 0.0998815
86.7001 0 0.0998861
86.8001 0 0.0998858
86.9001 0 0.0998902
87.0001 0 0.0998848
87.1001 0 0.099893
87.2001 0 0.0998838
87.3001 0 0.0998915
87.4001 0 0.0998852
87.5001 0 0.0998829
87.6001 0 0.0998782
87.7001 0 0.0998682
87.8001 0 0.0998691
87.9001 0 0.0998872
88.0001 0 0.0998769
88.1001 0 0.0998887
88.2001 0 0.0998838
88.3001 0 0.0998852
88.4001 0 0.0998703
88.5001 0 0.0998887
88.6001 0 0.0998723
88.7001 0 0.0998698
88.8001 0 0.0998722
88.9001 0 0.0998847
89.0001 0 0.0998658
89.1001 0 0.0998819
89.2001 0 0.0998583
89.3001 0 0.0998808
89.4001 0 0.0998764
89.5001 0 0.0998896
89.6001 0 0.0998847
89.7001 0 0.099882
89.8001 0 0.0998713
89.9001 0 0.0998886
90.0001 0 0.0998647
90.1001 0 0.099888
90.2001 0 0.0998823
90.3001 0 0.0998899
90.4001 0 0.0998845
90.5001 0 0.0998902
90.6001 0 0.0998863
90.7001 0 0.0998814
90.8001 0 0.0998584
90.9001 0 0.0998769
91.0001 0 0.0998826
91.1003 0 0.099723
91.2001 0 0.0998631
91.3001 0 0.0998688
91.4001 0 0.0998886
91.5001 0 0.0999011
91.6001 0 0.0999034
91.7001 0 0.0999038
91.8001 0 0.0999084
91.9001 0 0.0999058
92.0001 0 0.0998804
92.1001 0 0.0998852
92.2001 0 0.0998851
92.3001 0 0.0998877
92.4001 0 0.0998837
92.5001 0 0.0998714
92.6001 0 0.0998701
92.7001 0 0.0998867
92.8001 0 0.0998851
92.9001 0 0.0998849
93.0001 0 0.099857
93.1001 0 0.0998875
93.2001 0 0.099883
93.3001 0 0.0998887
93.4001 0 0.0998676
93.5001 0 0.0998847
93.6001 0 0.0998633
93.7001 0 0.0998734
93.8001 0 0.0998555
93.9001 0 0.0998961
94.0001 0 0.0998781
94.1001 0 0.0998882
94.2001 0 0.0998646
94.3001 0 0.0998855
94.4001 0 0.0998832
94.5001 0 0.0998862
94.6001 0 0.0998845
94.7001 0 0.0998882
94.8001 0 0.099875
94.9001 0 0.0998783
95.0001 0 0.0998586
95.1001 0 0.0998841
95.2001 0 0.0998729
95.3001 0 0.0998864
95.4001 0 0.0998859
95.5001 0 0.0998888
95.6001 0 0.0998858
95.7001 0 0.0998897
95.8001 0 0.0998851
95.9001 0 0.099876
96.0001 0 0.0998769
96.1001 0 0.0998851
96.2001 0 0.0998698
96.3001 0 0.0998837
96.4001 0 0.0998858
96.5001 0 0.0998783
96.6001 0 0.0998756
96.7001 0 0.099884
96.8001 0 0.0998824
96.9001 0 0.0998755
97.0001 0 0.0998459
97.1001 0 0.0998582
97.2001 0 0.099852
97.3001 0 0.0998691
97.4001 0 0.0998892
97.5001 0 0.0998966
97.6001 0 0.0998906
97.7001 0 0.0999014
97.8001 0 0.0999045
97.9001 0 0.0998881
98.0002 0 0.0998244
98.1001 0 0.0998782
98.2001 0 0.0998849
98.3001 0 0.0998923
98.4001 0 0.0998653
98.5001 0 0.0998866
98.6001 0 0.0998648
98.7001 0 0.0998706
98.8001 0 0.0998701
98.9001 0 0.0998885
99.0001 0 0.0998617
99.1001 0 0.0998852
99.2001 0 0.0998829
99.3001 0 0.0998901
99.4001 0 0.0998685
99.5001 0 0.0998873
99.6001 0 0.0998855
99.7001 0 0.0998912
99.8001 0 0.099886
99.9001 0 0.0998891
100 0 0.0998662
100.1 0 0.0998877
100.2 0 0.0998911
100.3 0 0.0998895
100.4 0 0.0998713
100.5 0 0.0998892
100.6 0 0.099886
100.7 0 0.0998887
100.8 0 0.0998718
100.9 0 0.0998723
101 0 0.0998712
101.1 0 0.0998752
101.2 0 0.099879
101.3 0 0.0998831
101.4 0 0.099871
101.5 0 0.0998865
101.6 0 0.0998871
101.7 0 0.099883
101.8 0 0.0998706
101.9 0 0.0998697
102 0 0.099872
102.1 0 0.0998853
102.2 0 0.0998828
102.3 0 0.0998875
