1.25e-06 0 0.00998141
0.0102232 0 0.00977261
0.0201083 0 0.00988865
0.0301041 0 0.0098937
0.0401021 0 0.00989594
0.0501081 0 0.00988792
0.060103 0 0.00989505
0.0701231 0 0.00987276
0.0801058 0 0.00989146
0.0901134 0 0.00988417
0.100102 0 0.00989594
0.110101 0 0.00989755
0.120103 0 0.00989505
0.130101 0 0.00989724
0.1401 0 0.00989792
0.150105 0 0.00989302
0.160117 0 0.00987896
0.170156 0 0.00984115
0.180104 0 0.00989276
0.190105 0 0.00989261
0.200102 0 0.00989636
0.210104 0 0.00989386
0.220102 0 0.00989578
0.2301 0 0.0098975
0.2401 0 0.00989818
0.2501 0 0.00989833
0.2601 0 0.00989761
0.2701 0 0.00989755
0.280101 0 0.00989714
0.290113 0 0.00988453
0.300111 0 0.00988526
0.310103 0 0.00989484
0.3201 0 0.00989761
0.3301 0 0.00989813
0.3401 0 0.00989797
0.350102 0 0.00989563
0.360111 0 0.00988625
0.370117 0 0.00987802
0.380175 0 0.00982245
0.390108 0 0.00988776
0.400108 0 0.00988766
0.410105 0 0.00989276
0.420102 0 0.00989615
0.430105 0 0.00989271
0.440102 0 0.00989536
0.450104 0 0.00989359
0.460101 0 0.00989698
0.470101 0 0.00989677
0.4801 0 0.00989734
0.490101 0 0.00989667
0.5001 0 0.00989761
0.5101 0 0.0098974
0.520101 0 0.00989734
0.5301 0 0.00989771
0.5401 0 0.00989781
0.550101 0 0.00989698
0.560105 0 0.00989219
0.570112 0 0.00988531
0.580112 0 0.009885
0.590105 0 0.00989313
0.600103 0 0.00989484
0.610102 0 0.00989609
0.620102 0 0.00989573
0.630102 0 0.00989636
0.640101 0 0.00989672
0.6501 0 0.00989771
0.6601 0 0.00989823
0.6701 0 0.0098974
0.680103 0 0.00989479
0.690142 0 0.00985568
0.700103 0 0.00989521
0.710101 0 0.00989688
0.720101 0 0.0098975
0.7301 0 0.00989781
0.7401 0 0.00989776
0.7501 0 0.00989781
0.7601 0 0.00989818
0.770106 0 0.00989167
0.7801 0 0.00989839
0.790138 0 0.00985766
0.800104 0 0.00989406
0.810107 0 0.00988828
0.820105 0 0.00989271
0.830101 0 0.0098974
0.840101 0 0.00989677
0.850104 0 0.00989354
0.860103 0 0.00989453
0.870101 0 0.00989667
0.880101 0 0.00989703
0.890101 0 0.00989745
0.900103 0 0.009895
0.9101 0 0.0098975
0.920117 0 0.00987807
0.930121 0 0.00987453
0.940104 0 0.00989313
0.950101 0 0.00989708
0.960103 0 0.00989474
0.970117 0 0.00987948
0.980108 0 0.0098901
0.990105 0 0.00989318
1.00011 0 0.00988615
1.01011 0 0.00989156
1.0201 0 0.00989526
1.0301 0 0.00989661
1.04011 0 0.00989193
1.05011 0 0.00989167
1.0601 0 0.00989396
1.0701 0 0.00989761
1.0801 0 0.00989792
1.09011 0 0.00988844
1.10015 0 0.00984693
1.1101 0 0.00989401
1.12011 0 0.00989156
1.1301 0 0.00989396
1.1401 0 0.00989636
1.1501 0 0.00989771
1.1601 0 0.00989755
1.1701 0 0.00989396
1.18011 0 0.00988255
1.1901 0 0.00989307
1.20015 0 0.00984865
1.2101 0 0.00989771
1.2201 0 0.00989349
1.23011 0 0.00989276
1.2401 0 0.0098962
1.2501 0 0.00989698
1.2601 0 0.00989771
1.2701 0 0.0098974
1.2801 0 0.00989787
1.2901 0 0.00989714
1.3001 0 0.00989745
1.3101 0 0.00989661
1.3201 0 0.0098974
1.3301 0 0.00989833
1.3401 0 0.00989818
1.3501 0 0.00989823
1.3601 0 0.00989771
1.37011 0 0.00988526
1.38011 0 0.00988604
1.3901 0 0.00989333
1.4001 0 0.00989245
1.4101 0 0.0098938
1.4201 0 0.00989875
1.4301 0 0.00989292
1.4401 0 0.00989604
1.4501 0 0.0098975
1.4601 0 0.00989797
1.4701 0 0.00989745
1.4801 0 0.00989766
1.4901 0 0.00989724
1.5001 0 0.00989813
1.51014 0 0.00985599
1.5201 0 0.00989318
1.5301 0 0.00989682
1.5401 0 0.00989682
1.5501 0 0.00989823
1.5601 0 0.00989573
1.57011 0 0.00988563
1.5801 0 0.00989276
1.5901 0 0.00989573
1.60011 0 0.00988854
1.61015 0 0.00984906
1.6201 0 0.00990125
1.6301 0 0.00989354
1.6401 0 0.0098963
1.6501 0 0.00989761
1.6601 0 0.00989636
1.6701 0 0.0098974
1.6801 0 0.00989557
1.6901 0 0.00989698
1.7001 0 0.00989776
1.7101 0 0.00989859
1.7201 0 0.00989708
1.7301 0 0.00989719
1.7401 0 0.00989677
1.7501 0 0.00989844
1.7601 0 0.00989844
1.77011 0 0.00988745
1.7801 0 0.00989469
1.7901 0 0.00989672
1.8001 0 0.0098949
1.8101 0 0.00989604
1.8201 0 0.00989354
1.8301 0 0.00989583
1.8401 0 0.00989443
1.8501 0 0.00989563
1.8601 0 0.00989698
1.8701 0 0.00989417
1.8801 0 0.00989677
1.8901 0 0.00989807
1.9001 0 0.00989729
1.9101 0 0.00989745
1.92014 0 0.0098588
1.9301 0 0.00989422
1.94011 0 0.00989219
1.9501 0 0.00989625
1.9601 0 0.00989464
1.97011 0 0.00988521
1.98011 0 0.00989188
1.9901 0 0.00989302
2.0001 0 0.00989453
2.0101 0 0.0098951
2.02015 0 0.00984828
2.0301 0 0.00989547
2.0401 0 0.00989573
2.0501 0 0.00989245
2.0601 0 0.00989443
2.0701 0 0.00989474
2.0801 0 0.00989589
2.09011 0 0.00989193
2.1001 0 0.00989448
2.1101 0 0.00989417
2.12015 0 0.00985047
2.1301 0 0.00989511
2.1401 0 0.00989761
2.1501 0 0.00989781
2.16013 0 0.00986917
2.17012 0 0.00987412
2.18011 0 0.00988589
2.19011 0 0.00989182
2.20011 0 0.0098913
2.21011 0 0.00989255
2.2201 0 0.00989479
2.23017 0 0.00983156
2.2401 0 0.00989333
2.2501 0 0.00989667
2.2601 0 0.0098938
2.2701 0 0.00989474
2.2801 0 0.0098951
2.2901 0 0.00989781
2.3001 0 0.00989636
2.3101 0 0.00989776
2.3201 0 0.0098974
2.3301 0 0.0098974
2.34014 0 0.00985714
2.3501 0 0.00989484
2.3601 0 0.0098974
2.37012 0 0.00988109
2.38011 0 0.00988313
2.39011 0 0.00989209
2.4001 0 0.00989323
2.4101 0 0.00989557
2.4201 0 0.00990047
2.4301 0 0.00989422
2.44015 0 0.00984349
2.4501 0 0.00989474
2.4601 0 0.00989698
2.47012 0 0.00987214
2.48011 0 0.00988182
2.4901 0 0.00989313
2.5001 0 0.00989667
2.5101 0 0.00989755
2.5201 0 0.0098986
2.5301 0 0.0098974
2.5401 0 0.00989766
2.55015 0 0.00984531
2.56011 0 0.00989172
2.57011 0 0.00988339
2.58011 0 0.00989078
2.5901 0 0.00989422
2.60011 0 0.00988927
2.6101 0 0.00989448
2.6201 0 0.00989401
2.6301 0 0.00989651
2.64011 0 0.00989162
2.65015 0 0.00984886
2.6601 0 0.00989427
2.6701 0 0.00989807
2.6801 0 0.00989495
2.6901 0 0.00989797
2.7001 0 0.00989761
2.7101 0 0.0098987
2.7201 0 0.00989901
2.7301 0 0.00989959
2.7401 0 0.00989865
2.7501 0 0.00989953
2.76014 0 0.0098599
2.77011 0 0.00988516
2.7801 0 0.00989276
2.7901 0 0.00989547
2.8001 0 0.00989359
2.81011 0 0.00988224
2.82011 0 0.00988797
2.8301 0 0.00989615
2.8401 0 0.0098988
2.85011 0 0.00988896
2.86016 0 0.00984162
2.87011 0 0.00989125
2.8801 0 0.00989682
2.89012 0 0.00988042
2.90011 0 0.00989182
2.9101 0 0.00989594
2.9201 0 0.00989828
2.9301 0 0.00989391
2.9401 0 0.00989547
2.9501 0 0.00989615
2.9601 0 0.00989771
2.97011 0 0.00988422
2.98011 0 0.00989089
2.9901 0 0.0098937
3.0001 0 0.00989526
3.0101 0 0.00989557
3.02012 0 0.00987844
3.03011 0 0.00988818
3.04012 0 0.009875
3.05012 0 0.00987958
3.06011 0 0.0098887
3.07017 0 0.00982594
3.08011 0 0.00989235
3.09011 0 0.00988807
3.10011 0 0.00989
3.1101 0 0.00989573
3.1201 0 0.00989547
3.1301 0 0.0098974
3.1401 0 0.0098975
3.15011 0 0.00989057
3.1601 0 0.00989537
3.17017 0 0.00982573
3.18011 0 0.00988578
3.1901 0 0.00989302
3.20011 0 0.00988823
3.21011 0 0.00989266
3.22011 0 0.00988698
3.2301 0 0.00989484
3.2401 0 0.0098949
3.2501 0 0.00989708
3.2601 0 0.00989531
3.2701 0 0.00989781
3.28015 0 0.00985052
3.2901 0 0.00989448
3.3001 0 0.00989787
3.3101 0 0.00989495
3.3201 0 0.00989479
3.3301 0 0.00989776
3.3401 0 0.00989802
3.3501 0 0.00989792
3.3601 0 0.00989833
3.37011 0 0.00988391
3.38016 0 0.00983703
3.39011 0 0.00988776
3.4001 0 0.00989391
3.4101 0 0.00989406
3.4201 0 0.0099013
3.4301 0 0.00989287
3.4401 0 0.00989547
3.4501 0 0.00989771
3.4601 0 0.00989776
3.4701 0 0.00989266
3.48017 0 0.00982438
3.49011 0 0.00989162
3.5001 0 0.00989714
3.5101 0 0.00989761
3.52011 0 0.00989162
3.5301 0 0.00989521
3.5401 0 0.00989787
3.5501 0 0.00989776
3.5601 0 0.00989797
3.57011 0 0.00988422
3.58011 0 0.00989016
3.59011 0 0.00989198
3.60011 0 0.00988818
3.61011 0 0.00989125
3.6201 0 0.00989365
3.6301 0 0.00989667
3.6401 0 0.00989781
3.6501 0 0.00989651
3.6601 0 0.00989755
3.6701 0 0.00989787
3.68011 0 0.00989042
3.69015 0 0.00985182
3.7001 0 0.00989412
3.7101 0 0.00989766
3.7201 0 0.00989724
3.7301 0 0.00989391
3.7401 0 0.00989651
3.7501 0 0.00989813
3.7601 0 0.00989339
3.7701 0 0.00989422
3.78011 0 0.00988651
3.7901 0 0.00989287
3.8001 0 0.00989474
3.8101 0 0.00989354
3.8201 0 0.0098962
3.8301 0 0.00989531
3.8401 0 0.00989667
3.8501 0 0.00989813
3.8601 0 0.00989714
3.8701 0 0.00989401
3.8801 0 0.00989698
3.8901 0 0.00989797
3.90015 0 0.00985276
3.9101 0 0.00989375
3.9201 0 0.00989651
3.9301 0 0.0099013
3.9401 0 0.00989349
3.9501 0 0.00989667
3.9601 0 0.00989761
3.9701 0 0.00989854
3.98011 0 0.00988328
3.99011 0 0.00989141
4.00015 0 0.0098488
4.01011 0 0.00989141
4.0201 0 0.00989474
4.0301 0 0.00989552
4.0401 0 0.00989682
4.0501 0 0.00989578
4.0601 0 0.00989651
4.0701 0 0.00989818
4.0801 0 0.00989813
4.09011 0 0.00989208
4.10015 0 0.00985172
4.1101 0 0.00989542
4.1201 0 0.00989771
4.1301 0 0.00989828
4.1401 0 0.00989792
4.15011 0 0.00989203
4.16015 0 0.00984714
4.17024 0 0.00974943
4.18024 0 0.00975203
4.19022 0 0.00976474
4.20026 0 0.0097313
4.21021 0 0.00978219
4.22018 0 0.00981813
4.23016 0 0.00982698
4.24014 0 0.00985052
4.25013 0 0.00986287
4.26013 0 0.00985797
4.27014 0 0.00985641
4.28013 0 0.00986547
4.29013 0 0.00986469
4.30013 0 0.00986526
4.31013 0 0.00986703
4.32012 0 0.0098762
4.33012 0 0.00987151
4.34011 0 0.00988198
4.35011 0 0.00988646
4.36011 0 0.00988146
4.37012 0 0.00987214
4.38013 0 0.00986526
4.39011 0 0.00988162
4.40011 0 0.00988099
4.41011 0 0.00988266
4.42013 0 0.00986485
4.43011 0 0.00989151
4.4401 0 0.00990167
4.45009 0 0.00991276
4.46008 0 0.00991464
4.47008 0 0.00991375
4.48008 0 0.00991401
4.49008 0 0.00991505
4.50008 0 0.00991511
4.51008 0 0.0099138
4.52009 0 0.00991344
4.53008 0 0.00991479
4.54008 0 0.00991578
4.55008 0 0.00991505
4.56008 0 0.00991526
4.57009 0 0.00990886
4.58011 0 0.0098913
4.5901 0 0.00990078
4.60009 0 0.00991266
4.61009 0 0.00991125
4.62009 0 0.00991323
4.63008 0 0.00991297
4.64008 0 0.00991417
4.65008 0 0.00991474
4.66008 0 0.00991537
4.67008 0 0.00991427
4.68008 0 0.00991308
4.69008 0 0.0099137
4.70008 0 0.00991485
4.71008 0 0.00991401
4.72009 0 0.00990943
4.73009 0 0.00991224
4.74008 0 0.00991531
4.75008 0 0.00991547
4.76008 0 0.00991474
4.77008 0 0.00991469
4.7801 0 0.00989922
4.79009 0 0.00990771
4.80008 0 0.00991365
4.81009 0 0.00991276
4.82009 0 0.00991214
4.83008 0 0.00991354
4.84008 0 0.00991427
4.85009 0 0.00990896
4.86009 0 0.00991287
4.87008 0 0.00991386
4.88008 0 0.00991557
4.89008 0 0.00991485
4.90008 0 0.00991516
4.91008 0 0.00991578
4.92008 0 0.00991573
4.93009 0 0.00991261
4.94008 0 0.00991438
4.9501 0 0.00989636
4.96009 0 0.00990682
4.97009 0 0.00991068
4.9801 0 0.00990136
4.9901 0 0.00989927
5.00009 0 0.00990875
5.01021 0 0.00979099
5.0201 0 0.00989766
5.0301 0 0.00989318
5.0401 0 0.00989636
5.0501 0 0.00989344
5.0601 0 0.00989782
5.0701 0 0.0098974
5.0801 0 0.00989297
5.09011 0 0.00988755
5.1001 0 0.00989511
5.11015 0 0.00984667
5.12011 0 0.00988875
5.1301 0 0.00989693
5.1401 0 0.00989776
5.1501 0 0.00989797
5.1601 0 0.00989719
5.1701 0 0.00989656
5.18011 0 0.00988485
5.1901 0 0.00989453
5.2001 0 0.00989568
5.21015 0 0.00984672
5.22011 0 0.00989156
5.2301 0 0.00989396
5.2401 0 0.00989682
5.2501 0 0.00989714
5.2601 0 0.00989656
5.2701 0 0.00989714
5.28011 0 0.00989209
5.29011 0 0.00989287
5.3001 0 0.00989657
5.3101 0 0.00989703
5.32014 0 0.0098562
5.3301 0 0.00989391
5.34011 0 0.00989136
5.3501 0 0.00989709
5.3601 0 0.00989745
5.37011 0 0.00988453
5.38011 0 0.00988532
5.39011 0 0.00988745
5.4001 0 0.00989287
5.41011 0 0.00988771
5.42015 0 0.00984953
5.4301 0 0.00989401
5.4401 0 0.00989563
5.4501 0 0.0098963
5.4601 0 0.0098961
5.4701 0 0.00989667
5.4801 0 0.00989719
5.4901 0 0.00989834
5.5001 0 0.00989782
5.5101 0 0.00989792
5.5201 0 0.00989771
5.53014 0 0.00985688
5.5401 0 0.00989516
5.5501 0 0.00989735
5.5601 0 0.00989776
5.5701 0 0.00989807
5.58012 0 0.00987761
5.59011 0 0.00988573
5.6001 0 0.00989542
5.6101 0 0.00989896
5.6201 0 0.00989802
5.63015 0 0.00984886
5.6401 0 0.00989391
5.6501 0 0.00989662
5.6601 0 0.00989761
5.6701 0 0.00989667
5.6801 0 0.00989688
5.6901 0 0.00989391
5.7001 0 0.00989682
5.7101 0 0.00989698
5.7201 0 0.00989703
5.7301 0 0.00989688
5.74014 0 0.00985474
5.7501 0 0.00989469
5.76011 0 0.00989058
5.7701 0 0.00989573
5.78011 0 0.00988532
5.7901 0 0.00989407
5.8001 0 0.00989396
5.8101 0 0.00989209
5.8201 0 0.00989599
5.8301 0 0.00989313
5.84015 0 0.00985198
5.8501 0 0.00989516
5.8601 0 0.00989735
5.8701 0 0.00989745
5.8801 0 0.00989724
5.8901 0 0.00989688
5.9001 0 0.00989745
5.9101 0 0.00989745
5.92013 0 0.00986693
5.93012 0 0.00987068
5.94017 0 0.00983006
5.9501 0 0.00989323
5.9601 0 0.00989563
5.9701 0 0.00989719
5.98012 0 0.00988084
5.99011 0 0.0098861
6.0001 0 0.00989464
6.0101 0 0.00989281
6.02011 0 0.0098924
6.0301 0 0.00990068
6.04011 0 0.00989156
6.05011 0 0.00988802
6.0601 0 0.0098949
6.0701 0 0.00989756
6.0801 0 0.00989808
6.09011 0 0.00989084
6.1001 0 0.00989407
6.1101 0 0.0098974
6.1201 0 0.00989756
6.1301 0 0.00989802
6.1401 0 0.00989495
6.15015 0 0.00984979
6.1601 0 0.00989438
6.1701 0 0.00989729
6.18011 0 0.00988328
6.19011 0 0.00988672
6.2001 0 0.009895
6.21011 0 0.00988584
6.2201 0 0.00989459
6.2301 0 0.0098949
6.2401 0 0.00989433
6.25011 0 0.00989193
6.2601 0 0.00989412
6.2701 0 0.00989656
6.2801 0 0.00989802
6.2901 0 0.00989797
6.3001 0 0.00989334
6.3101 0 0.00989698
6.3201 0 0.00989797
6.3301 0 0.00989818
6.3401 0 0.00989703
6.3501 0 0.00989729
6.36014 0 0.00985651
6.37011 0 0.00988677
6.38011 0 0.0098825
6.3901 0 0.00989281
6.40011 0 0.00989198
6.41011 0 0.00988886
6.4201 0 0.0098937
6.4301 0 0.00989427
6.4401 0 0.00989656
6.4501 0 0.00989818
6.46015 0 0.0098499
6.4701 0 0.0098936
6.4801 0 0.00989719
6.4901 0 0.00989818
6.5001 0 0.00989828
6.5101 0 0.00989787
6.5201 0 0.00989844
6.5301 0 0.00989844
6.5401 0 0.0098986
6.5501 0 0.00989808
6.5601 0 0.00989849
6.57014 0 0.00985979
6.58011 0 0.00988573
6.59012 0 0.00987881
6.60011 0 0.00988823
6.6101 0 0.00989355
6.6201 0 0.00989568
6.6301 0 0.00989396
6.6401 0 0.00989469
6.6501 0 0.00989787
6.6601 0 0.00989735
6.67015 0 0.00985047
6.68011 0 0.00989256
6.6901 0 0.00989438
6.7001 0 0.00989677
6.7101 0 0.00989808
6.7201 0 0.00989703
6.7301 0 0.00989823
6.7401 0 0.00989839
6.7501 0 0.00989787
6.7601 0 0.00989792
6.7701 0 0.00989808
6.78011 0 0.009885
6.7901 0 0.00989828
6.8001 0 0.00989287
6.81011 0 0.00989203
6.8201 0 0.00989656
6.8301 0 0.00989724
6.8401 0 0.00989813
6.8501 0 0.00989391
6.8601 0 0.00989532
6.8701 0 0.00989802
6.88015 0 0.00984318
6.89011 0 0.0098924
6.9001 0 0.00989657
6.9101 0 0.00989849
6.9201 0 0.00989813
6.9301 0 0.00989532
6.9401 0 0.00989693
6.9501 0 0.00989818
6.9601 0 0.00989797
6.9701 0 0.0098975
6.98015 0 0.00984532
6.99011 0 0.00989094
7.0001 0 0.00989412
7.0101 0 0.00989526
7.0201 0 0.00989573
7.0301 0 0.00989396
7.0401 0 0.00989547
7.0501 0 0.0098961
7.0601 0 0.00989802
7.0701 0 0.00989714
7.0801 0 0.00989787
7.09011 0 0.00988771
7.1001 0 0.00989479
7.1101 0 0.00989662
7.1201 0 0.00989714
7.1301 0 0.00989323
7.1401 0 0.00989808
7.1501 0 0.00989646
7.1601 0 0.00989667
7.17011 0 0.00988229
7.18013 0 0.00986839
7.19012 0 0.00988172
7.20011 0 0.00989266
7.2101 0 0.00989391
7.2201 0 0.0098963
7.2301 0 0.00989344
7.2401 0 0.009895
7.2501 0 0.00989823
7.2601 0 0.00989761
7.2701 0 0.00989776
7.2801 0 0.00989677
7.29015 0 0.00985125
7.3001 0 0.00989271
7.3101 0 0.00989511
7.3201 0 0.00989782
7.3301 0 0.00989735
7.3401 0 0.00989698
7.3501 0 0.00989787
7.36011 0 0.00989193
7.3701 0 0.00989349
7.38012 0 0.00988131
7.39017 0 0.00982896
7.40011 0 0.00989006
7.4101 0 0.00989334
7.4201 0 0.00989365
7.4301 0 0.00989495
7.4401 0 0.00989532
7.4501 0 0.00989761
7.4601 0 0.00989849
7.4701 0 0.00989802
7.4801 0 0.00989735
7.4901 0 0.00989776
7.50014 0 0.00985688
7.5101 0 0.00989318
7.5201 0 0.00989646
7.5301 0 0.00989787
7.5401 0 0.00989802
7.5501 0 0.00989735
7.5601 0 0.00989719
7.5701 0 0.00989823
7.58011 0 0.00988855
7.59012 0 0.00988073
7.60017 0 0.00982927
7.61011 0 0.00989167
7.6201 0 0.00989573
7.6301 0 0.00989412
7.6401 0 0.0098961
7.6501 0 0.00989719
7.6601 0 0.00989714
7.6701 0 0.00989662
7.6801 0 0.00989537
7.6901 0 0.00989344
7.7001 0 0.00989573
7.71014 0 0.00985453
7.7201 0 0.00989422
7.7301 0 0.00989651
7.7401 0 0.00989797
7.7501 0 0.00989828
7.7601 0 0.00989589
7.7701 0 0.00989599
7.78011 0 0.00988714
7.79011 0 0.00988953
7.8001 0 0.00989532
7.81015 0 0.00984792
7.82011 0 0.00989209
7.8301 0 0.00989953
7.84011 0 0.00989105
7.8501 0 0.00989438
7.8601 0 0.00989787
7.8701 0 0.00989443
7.8801 0 0.00989714
7.8901 0 0.00989625
7.9001 0 0.00989776
7.9101 0 0.00989792
7.92015 0 0.0098524
7.9301 0 0.0098936
7.9401 0 0.00989636
7.9501 0 0.00989787
7.9601 0 0.00989787
7.9701 0 0.00989766
7.98011 0 0.00988875
7.9901 0 0.00989276
8.0001 0 0.00989422
8.0101 0 0.00989334
8.02014 0 0.00985344
8.0301 0 0.00989485
8.0401 0 0.00989625
8.05012 0 0.00987214
8.06011 0 0.0098837
8.0701 0 0.00989537
8.0801 0 0.0098974
8.09011 0 0.00989032
8.10011 0 0.00989214
8.1101 0 0.00989693
8.1201 0 0.00989782
8.13017 0 0.0098287
8.14011 0 0.00988875
8.1501 0 0.009895
8.1601 0 0.00989719
8.1701 0 0.00989828
8.1801 0 0.00989516
8.19011 0 0.00988422
8.20011 0 0.00989172
8.21011 0 0.00989261
8.2201 0 0.00989287
8.23016 0 0.00983849
8.2401 0 0.00989308
8.2501 0 0.00989662
8.2601 0 0.00989813
8.2701 0 0.00989797
8.2801 0 0.00989667
8.2901 0 0.00989693
8.3001 0 0.00989672
8.3101 0 0.00989839
8.3201 0 0.00989719
8.3301 0 0.00989672
8.34014 0 0.0098575
8.3501 0 0.00989245
8.3601 0 0.00989506
8.3701 0 0.009895
8.38011 0 0.00988542
8.39012 0 0.00988177
8.40011 0 0.00988771
8.4101 0 0.00989495
8.4201 0 0.0098974
8.4301 0 0.00989771
8.44015 0 0.00984511
8.4501 0 0.00989401
8.4601 0 0.0098975
8.4701 0 0.00989828
8.4801 0 0.00989813
8.4901 0 0.00989745
8.5001 0 0.00989782
8.5101 0 0.00989834
8.5201 0 0.00989839
8.5301 0 0.00989714
8.5401 0 0.00989745
8.55014 0 0.00985818
8.5601 0 0.00989328
8.5701 0 0.00989599
8.5801 0 0.0098973
8.59011 0 0.00988891
8.6001 0 0.00989599
8.6101 0 0.00989651
8.6201 0 0.00989485
8.6301 0 0.00989532
8.6401 0 0.00989521
8.65015 0 0.00984875
8.6601 0 0.00989433
8.6701 0 0.00989745
8.6801 0 0.00989485
8.6901 0 0.00989573
8.7001 0 0.0098975
8.7101 0 0.00989792
8.7201 0 0.00989776
8.7301 0 0.00989808
8.7401 0 0.00989823
8.7501 0 0.00989839
8.76014 0 0.00985964
8.7701 0 0.00989453
8.7801 0 0.00989573
8.79011 0 0.00988813
8.80012 0 0.00987146
8.81011 0 0.00988604
8.82011 0 0.0098923
8.8301 0 0.00989422
8.8401 0 0.00989386
8.85011 0 0.00988834
8.86016 0 0.00984256
8.87011 0 0.00989178
8.8801 0 0.00989276
8.8901 0 0.00989526
8.9001 0 0.00989787
8.9101 0 0.00989839
8.9201 0 0.00989834
8.9301 0 0.00989469
8.9401 0 0.00989547
8.9501 0 0.00989808
8.9601 0 0.00989427
8.97014 0 0.00985532
8.9801 0 0.00989339
8.99011 0 0.00988193
9.00011 0 0.00989058
9.0101 0 0.00989506
9.0201 0 0.00989355
9.0301 0 0.00989573
9.0401 0 0.00989459
9.0501 0 0.00989339
9.0601 0 0.00989761
9.0701 0 0.00989771
9.08015 0 0.00984813
9.09011 0 0.00988849
9.1001 0 0.00989516
9.1101 0 0.00989646
9.1201 0 0.00989605
9.1301 0 0.00989698
9.1401 0 0.00989787
9.1501 0 0.00989823
9.1601 0 0.00989813
9.1701 0 0.00989641
9.18014 0 0.00985855
9.19011 0 0.00988355
9.20011 0 0.00989204
9.2101 0 0.00989516
9.2201 0 0.00989443
9.2301 0 0.00989657
9.2401 0 0.00989568
9.2501 0 0.00989688
9.2601 0 0.00989802
9.2701 0 0.00989646
9.2801 0 0.00989808
9.29015 0 0.00985198
9.3001 0 0.00989375
9.3101 0 0.00989709
9.3201 0 0.00989787
9.3301 0 0.00989797
9.3401 0 0.00989802
9.3501 0 0.00989704
9.3601 0 0.00989787
9.37011 0 0.00988948
9.38011 0 0.00988844
9.39016 0 0.00983693
9.40011 0 0.0098837
9.4101 0 0.00989365
9.4201 0 0.0099012
9.4301 0 0.00989985
9.44011 0 0.00989131
9.4501 0 0.00989558
9.4601 0 0.00989646
9.4701 0 0.00989698
9.4801 0 0.0098974
9.4901 0 0.0098973
9.50014 0 0.00985401
9.5101 0 0.0098961
9.5201 0 0.00989693
9.5301 0 0.00989813
9.5401 0 0.00989787
9.5501 0 0.00989771
9.5601 0 0.00989386
9.5701 0 0.00989495
9.5801 0 0.00989672
9.59012 0 0.00987709
9.60017 0 0.00982448
9.61011 0 0.00988724
9.6201 0 0.00989433
9.6301 0 0.00989511
9.6401 0 0.00989625
9.6501 0 0.00989422
9.6601 0 0.0098948
9.6701 0 0.00989672
9.6801 0 0.009895
9.6901 0 0.00989323
9.7001 0 0.00989615
9.71015 0 0.00985178
9.7201 0 0.00989521
9.7301 0 0.00989724
9.7401 0 0.00989719
9.7501 0 0.00989792
9.7601 0 0.00989651
9.7701 0 0.00989704
9.7801 0 0.00989802
9.79011 0 0.0098849
9.8001 0 0.00989667
9.81014 0 0.00985391
9.8201 0 0.00989282
9.8301 0 0.00989547
9.8401 0 0.00989412
9.8501 0 0.00989516
9.8601 0 0.00989584
9.8701 0 0.00989308
9.8801 0 0.00989662
9.8901 0 0.00989719
9.9001 0 0.00989792
9.9101 0 0.00989719
9.9201 0 0.00989422
9.93011 0 0.00989214
9.9401 0 0.00989558
9.95012 0 0.00987792
9.96013 0 0.00986365
9.97011 0 0.00988672
9.9801 0 0.00989735
9.99012 0 0.00988094
10.0001 0 0.00988678
10.0101 0 0.00989245
10.0202 0 0.00983834
10.0301 0 0.00989349
10.0401 0 0.00989402
10.0501 0 0.00989625
10.0601 0 0.00989797
10.0701 0 0.00989553
10.0801 0 0.00989678
10.0901 0 0.00988886
10.1001 0 0.00989427
10.1101 0 0.00989303
10.1202 0 0.00984313
10.1302 0 0.00974839
10.1402 0 0.00976287
10.1502 0 0.00977271
10.1602 0 0.00977719
10.1702 0 0.00975657
10.1802 0 0.00976
10.1902 0 0.00982922
10.2002 0 0.00984027
10.2102 0 0.00981771
10.2202 0 0.00979365
10.2301 0 0.00985839
