1.146e-06 0 0.0049826
0.00523906 0 0.00475776
0.0101236 0 0.00487208
0.0151046 0 0.00489328
0.0201067 0 0.0048912
0.0251054 0 0.0048925
0.0301135 0 0.00488328
0.0351063 0 0.00489167
0.0401027 0 0.00489505
0.0451018 0 0.00489609
0.0501028 0 0.00489495
0.0551043 0 0.0048937
0.0601026 0 0.00489531
0.0651178 0 0.0048763
0.0701108 0 0.0048862
0.075102 0 0.00489604
0.0801019 0 0.00489609
0.0851014 0 0.00489656
0.0901079 0 0.00488995
0.0951064 0 0.00489115
0.100108 0 0.0048899
0.105096 0 0.00490193
0.110106 0 0.00489162
0.115105 0 0.00489266
0.120101 0 0.00489682
0.1251 0 0.00489755
0.130107 0 0.00489089
0.135102 0 0.00489557
0.140111 0 0.00488667
0.145106 0 0.00489177
0.150135 0 0.00486271
0.155101 0 0.00489651
0.160107 0 0.00489068
0.165104 0 0.00489391
0.170109 0 0.00488891
0.175102 0 0.00489604
0.180107 0 0.00489073
0.185101 0 0.00489667
0.190106 0 0.00489156
0.195102 0 0.00489344
0.200103 0 0.0048949
0.205101 0 0.00489656
0.210108 0 0.0048899
0.215101 0 0.00489672
0.220107 0 0.0048913
0.225102 0 0.00489474
0.230107 0 0.00488969
0.235107 0 0.0048913
0.240102 0 0.00489552
0.245102 0 0.00489568
0.250102 0 0.00489568
0.255158 0 0.00483943
0.260107 0 0.00489068
0.265105 0 0.00489312
0.270103 0 0.004895
0.275101 0 0.00489677
0.280102 0 0.00489563
0.285109 0 0.0048888
0.290114 0 0.00488375
0.295105 0 0.00489286
0.300108 0 0.0048901
0.305102 0 0.00489651
0.310107 0 0.00489136
0.315101 0 0.00489677
0.320102 0 0.00489568
0.325101 0 0.00489661
0.330104 0 0.00489312
0.335104 0 0.00489448
0.340107 0 0.00489057
0.345102 0 0.00489594
0.350107 0 0.00489078
0.355144 0 0.00485344
0.360102 0 0.00489511
0.365097 0 0.00490068
0.370105 0 0.0048924
0.375105 0 0.00489276
0.380108 0 0.00489036
0.385101 0 0.00489667
0.390102 0 0.00489583
0.395101 0 0.00489682
0.400102 0 0.00489615
0.405095 0 0.00490276
0.410106 0 0.0048913
0.415103 0 0.00489432
0.420107 0 0.00489068
0.425102 0 0.00489651
0.430108 0 0.00488677
0.435106 0 0.00489177
0.440103 0 0.00489443
0.445103 0 0.00489505
0.450103 0 0.00489557
0.45516 0 0.00483771
0.460107 0 0.00489036
0.465104 0 0.00489422
0.470107 0 0.00489104
0.475103 0 0.00489417
0.480102 0 0.00489635
0.485101 0 0.00489703
0.490107 0 0.00489073
0.495102 0 0.00489646
0.500108 0 0.00488953
0.505102 0 0.00489625
0.510107 0 0.00489073
0.515103 0 0.00489505
0.520102 0 0.00489594
0.525101 0 0.00489719
0.530107 0 0.00489057
0.535102 0 0.0048962
0.540107 0 0.0048912
0.545101 0 0.00489677
0.550107 0 0.00489136
0.555161 0 0.00483396
0.560116 0 0.00488136
0.565103 0 0.00489537
0.570109 0 0.00488891
0.575096 0 0.00490161
0.580106 0 0.00489177
0.585102 0 0.00489578
0.590107 0 0.00489063
0.595102 0 0.00489536
0.600103 0 0.00489521
0.605095 0 0.00490281
0.610103 0 0.00489448
0.615102 0 0.00489635
0.620106 0 0.00489146
0.6251 0 0.00489755
0.630107 0 0.00488969
0.635103 0 0.00489469
0.640102 0 0.00489562
0.6451 0 0.00489771
0.650102 0 0.00489589
0.6551 0 0.00489766
0.660105 0 0.00489297
0.665103 0 0.00489531
0.670102 0 0.00489547
0.6751 0 0.00489766
0.680101 0 0.00489734
0.6851 0 0.00489812
0.690107 0 0.00489125
0.695101 0 0.00489672
0.700105 0 0.0048924
0.7051 0 0.00489745
0.710106 0 0.00489224
0.715102 0 0.00489536
0.720102 0 0.00489599
0.7251 0 0.00489807
0.730105 0 0.0048925
0.7351 0 0.00489745
0.740105 0 0.00489255
0.7451 0 0.00489761
0.750105 0 0.00489261
0.755101 0 0.00489708
0.760142 0 0.00485599
0.765102 0 0.00489511
0.770107 0 0.00489073
0.7751 0 0.00489745
0.780108 0 0.00488719
0.785102 0 0.0048949
0.790106 0 0.00489177
0.795104 0 0.00489406
0.800102 0 0.00489552
0.805102 0 0.00489589
0.810109 0 0.00488891
0.815102 0 0.00489604
0.820107 0 0.00489125
0.825101 0 0.00489672
0.830108 0 0.00488938
0.835105 0 0.00489271
0.840103 0 0.00489422
0.845102 0 0.00489615
0.850102 0 0.00489573
0.855096 0 0.00490172
0.860103 0 0.00489406
0.865155 0 0.0048425
0.870104 0 0.00489365
0.875102 0 0.00489615
0.880101 0 0.00489656
0.885101 0 0.00489693
0.890107 0 0.00489052
0.895102 0 0.00489609
0.900107 0 0.00489125
0.905102 0 0.00489573
0.910107 0 0.00489042
0.915102 0 0.0048963
0.920102 0 0.00489609
0.925114 0 0.00488203
0.930113 0 0.00488464
0.935102 0 0.00489594
0.940113 0 0.00488234
0.945121 0 0.00487479
0.950124 0 0.00487167
0.955104 0 0.0048938
0.960102 0 0.00489609
0.965101 0 0.00489688
0.970175 0 0.0048225
0.975107 0 0.00489
0.980103 0 0.0048937
0.985102 0 0.00489599
0.990108 0 0.00488969
0.995096 0 0.0049024
1.00011 0 0.00489141
1.0051 0 0.00489396
1.01012 0 0.00488
1.01511 0 0.00488745
1.02011 0 0.00488698
1.0251 0 0.00489568
1.0301 0 0.00489161
1.03511 0 0.00489057
1.0401 0 0.00489568
1.0451 0 0.00489635
1.0501 0 0.00489401
1.0551 0 0.00489615
1.0601 0 0.00489547
1.0651 0 0.00489672
1.0701 0 0.00489646
1.07516 0 0.00484099
1.08011 0 0.00489115
1.0851 0 0.00489599
1.09011 0 0.00489021
1.0951 0 0.00489688
1.10011 0 0.00489109
1.1051 0 0.00490224
1.1101 0 0.00489302
1.1151 0 0.0048938
1.1201 0 0.00489615
1.1251 0 0.0048975
1.13011 0 0.00489089
1.1351 0 0.00489667
1.14011 0 0.0048913
1.1451 0 0.00489636
1.15011 0 0.00489078
1.1551 0 0.00489568
1.1601 0 0.00489516
1.1651 0 0.00489703
1.17011 0 0.00489036
1.17514 0 0.00485313
1.18011 0 0.00488813
1.1851 0 0.00489547
1.19011 0 0.00489104
1.1951 0 0.00489516
1.2001 0 0.00489594
1.2051 0 0.00490219
1.21011 0 0.00489177
1.2151 0 0.004895
1.22011 0 0.00489104
1.2251 0 0.0048963
1.23011 0 0.00489146
1.23511 0 0.00489188
1.2401 0 0.00489583
1.2451 0 0.00489667
1.2501 0 0.00489495
1.2551 0 0.00489589
1.2601 0 0.0048962
1.2651 0 0.00489656
1.2701 0 0.00489589
1.2751 0 0.00489682
1.28015 0 0.00484786
1.28511 0 0.0048863
1.29012 0 0.00488234
1.2951 0 0.00489391
1.30011 0 0.00489156
1.3051 0 0.00489625
1.31011 0 0.00489141
1.3151 0 0.00489682
1.3201 0 0.00489641
1.3251 0 0.00489609
1.33011 0 0.00489
1.3351 0 0.00489635
1.34011 0 0.0048912
1.3451 0 0.00489682
1.35011 0 0.00489094
1.3551 0 0.00490271
1.3601 0 0.00489333
1.3651 0 0.00489302
1.37011 0 0.00488943
1.3751 0 0.00489609
1.38015 0 0.00484359
1.3851 0 0.00489354
1.39011 0 0.00489042
1.3951 0 0.00489636
1.4001 0 0.00489641
1.4051 0 0.00489682
1.41011 0 0.00489104
1.4151 0 0.00490271
1.4201 0 0.00489255
1.4251 0 0.00489516
1.43011 0 0.00488578
1.43511 0 0.00489167
1.4401 0 0.00489406
1.4451 0 0.00490297
1.45011 0 0.00488865
1.45511 0 0.00489042
1.4601 0 0.00489604
1.4651 0 0.00489536
1.4701 0 0.00489609
1.4751 0 0.00489682
1.4801 0 0.00489609
1.48515 0 0.0048488
1.49011 0 0.0048863
1.4951 0 0.00489406
1.50011 0 0.00489016
1.5051 0 0.00489661
1.51011 0 0.00489141
1.5151 0 0.00489651
1.5201 0 0.00489682
1.5251 0 0.0048962
1.53011 0 0.00489026
1.5351 0 0.00489646
1.54011 0 0.00489141
1.5451 0 0.00489729
1.55011 0 0.00489115
1.5551 0 0.00489703
1.5601 0 0.00489589
1.5651 0 0.00489563
1.57011 0 0.00489078
1.5751 0 0.00489589
1.58011 0 0.0048913
1.58514 0 0.00485766
1.59011 0 0.00488771
1.5951 0 0.00489589
1.6001 0 0.00489599
1.6051 0 0.00490266
1.6101 0 0.00489365
1.6151 0 0.00489531
1.62011 0 0.0048901
1.6251 0 0.00490234
1.63011 0 0.00488427
1.6351 0 0.00489313
1.6401 0 0.00489505
1.6451 0 0.00489604
1.6501 0 0.00489635
1.6551 0 0.00489698
1.6601 0 0.00489573
1.6651 0 0.00489703
1.6701 0 0.0048963
1.6751 0 0.00489651
1.6801 0 0.00489589
1.6851 0 0.00489745
1.69011 0 0.00488979
1.6951 0 0.00489672
1.70011 0 0.00489099
1.7051 0 0.00489625
1.71011 0 0.00489193
1.7151 0 0.0048962
1.7201 0 0.00489573
1.7251 0 0.00489552
1.73011 0 0.00489052
1.7351 0 0.00489615
1.74011 0 0.00489115
1.7451 0 0.00489646
1.75011 0 0.00489136
1.7551 0 0.00489615
1.7601 0 0.0048961
1.7651 0 0.00489557
1.77011 0 0.00489031
1.7751 0 0.00489453
1.78011 0 0.00489146
1.7851 0 0.00489615
1.79015 0 0.00485063
1.7951 0 0.00489396
1.8001 0 0.00489417
1.8051 0 0.00489682
1.81011 0 0.00489099
1.8151 0 0.00489625
1.82011 0 0.00489172
1.8251 0 0.00489625
1.83011 0 0.00489182
1.8351 0 0.0048986
1.84011 0 0.00489198
1.8451 0 0.00489505
1.8501 0 0.00489469
1.8551 0 0.00490172
1.8601 0 0.00489422
1.8651 0 0.00489458
1.8701 0 0.00489609
1.8751 0 0.00489594
1.8801 0 0.00489604
1.8851 0 0.00489677
1.89015 0 0.00484755
1.8951 0 0.0048938
1.90011 0 0.00489047
1.9051 0 0.0048963
1.91011 0 0.00489193
1.9151 0 0.00489672
1.9201 0 0.00489615
1.9251 0 0.00489703
1.9301 0 0.00489573
1.9351 0 0.00489651
1.94011 0 0.00489125
1.9451 0 0.0048962
1.95011 0 0.00489141
1.9551 0 0.00489714
1.9601 0 0.00489667
1.9651 0 0.00489667
1.97011 0 0.00489083
1.9751 0 0.00489521
1.9801 0 0.00489453
1.9851 0 0.00489599
1.99011 0 0.00489047
1.99514 0 0.00485417
2.0001 0 0.0048938
2.0051 0 0.00490057
2.01011 0 0.00488464
2.01511 0 0.00489266
2.02011 0 0.00488781
2.0251 0 0.00489604
2.03011 0 0.00489052
2.03511 0 0.00488802
2.0401 0 0.00489323
2.0451 0 0.00490214
2.05011 0 0.00488318
2.0551 0 0.00489443
2.0601 0 0.00489563
2.0651 0 0.00489662
2.0701 0 0.00489578
2.0751 0 0.00489568
2.0801 0 0.00489521
2.0851 0 0.00489698
2.09011 0 0.00489094
2.09515 0 0.00485016
2.10011 0 0.00488542
2.1051 0 0.00490229
2.1101 0 0.00489391
2.1151 0 0.00489448
2.1201 0 0.00489578
2.1251 0 0.00489552
2.13011 0 0.00489057
2.1351 0 0.00489557
2.14011 0 0.00489052
2.1451 0 0.00489708
2.15011 0 0.00489182
2.1551 0 0.00489703
2.1601 0 0.00489646
2.1651 0 0.00489724
2.17012 0 0.00487417
2.17513 0 0.0048586
2.18015 0 0.00484167
2.18521 0 0.00478276
2.19018 0 0.00481354
2.19531 0 0.00468182
2.20014 0 0.00485052
2.2052 0 0.00479802
2.21785 0 -0.00286245
2.21787 0 0.00213104
2.22018 0 0.0048149
2.22519 0 0.00480052
2.23013 0 0.00486391
2.23513 0 0.00486807
2.24011 0 0.00488104
2.24514 0 0.00485406
2.25016 0 0.00483073
2.25518 0 0.00481573
2.26015 0 0.00484656
2.26514 0 0.00485313
2.27012 0 0.00487021
2.27513 0 0.00486287
2.28013 0 0.00486297
2.28514 0 0.00485625
2.29012 0 0.00487547
2.29513 0 0.00485948
2.30012 0 0.00487115
2.30512 0 0.0048749
2.31013 0 0.00486047
2.31517 0 0.00482
2.32016 0 0.00483281
2.32514 0 0.0048586
2.33013 0 0.00486563
2.33512 0 0.00487125
2.34012 0 0.00487276
2.34513 0 0.00486797
2.35012 0 0.00487469
2.35512 0 0.00487141
2.36014 0 0.00485375
2.36514 0 0.00484917
2.37012 0 0.00487198
2.37513 0 0.00486896
2.38012 0 0.00487625
2.38512 0 0.00487287
2.39011 0 0.00488276
2.39512 0 0.0048761
2.40011 0 0.00488162
2.40511 0 0.00488313
2.41012 0 0.00487083
2.41511 0 0.00488328
2.42011 0 0.00488182
2.42511 0 0.00488484
2.43011 0 0.00488026
2.43511 0 0.00487906
2.4401 0 0.00489875
2.44511 0 0.00488667
2.45011 0 0.00488521
2.45511 0 0.00488104
2.46012 0 0.00487474
2.46512 0 0.00487427
2.47011 0 0.00488505
2.47509 0 0.00490641
2.48009 0 0.00491109
2.48508 0 0.00491807
2.49009 0 0.00490766
2.49509 0 0.00491063
2.50009 0 0.00491313
2.50508 0 0.00491401
2.51009 0 0.00490938
2.51508 0 0.0049137
2.52008 0 0.00491375
2.52508 0 0.00491401
2.53009 0 0.00491016
2.53509 0 0.00491089
2.54009 0 0.00490912
2.54509 0 0.0049136
2.55009 0 0.00491047
2.55508 0 0.00491432
2.56008 0 0.00491385
2.56508 0 0.00491427
2.57009 0 0.00491042
2.57508 0 0.00491354
2.58009 0 0.00490979
2.58508 0 0.00491417
2.59009 0 0.00491057
2.59508 0 0.00491401
2.60008 0 0.00491396
2.60508 0 0.00491797
2.61009 0 0.0049113
2.61509 0 0.00491292
2.62009 0 0.00490979
2.62508 0 0.00491391
2.63009 0 0.00491083
2.6351 0 0.00489974
2.64009 0 0.00490776
2.64509 0 0.00491287
2.65009 0 0.00491141
2.65509 0 0.00491016
2.66009 0 0.00491318
2.66508 0 0.00491385
2.67009 0 0.00491323
2.67508 0 0.0049175
2.68009 0 0.00491156
2.68509 0 0.00491266
2.69009 0 0.00490922
2.69509 0 0.00491328
2.70009 0 0.00491349
2.70508 0 0.00491516
2.71009 0 0.00491099
2.71508 0 0.00491365
2.72008 0 0.00491485
2.72508 0 0.00491537
2.73009 0 0.00491125
2.73508 0 0.00491417
2.74009 0 0.00491026
2.74508 0 0.00491443
2.75009 0 0.00491125
2.75508 0 0.00491469
2.76008 0 0.00491474
2.76508 0 0.0049149
2.77009 0 0.00491146
2.77508 0 0.0049138
2.78009 0 0.00491115
2.78509 0 0.00490724
2.79009 0 0.00490901
2.79509 0 0.00491339
2.80009 0 0.00491292
2.80508 0 0.00491427
2.81009 0 0.00491016
2.81509 0 0.00491313
2.82009 0 0.00490927
2.82508 0 0.00491417
2.83009 0 0.00491047
2.83509 0 0.00490745
2.84009 0 0.00491031
2.84508 0 0.00491385
2.85011 0 0.00488698
2.85509 0 0.00490755
2.86009 0 0.00490734
2.86509 0 0.00491104
2.87009 0 0.0049112
2.87508 0 0.00491406
2.88009 0 0.00491313
2.88508 0 0.00491813
2.89009 0 0.00490901
2.89509 0 0.00491271
2.90009 0 0.00490927
2.90508 0 0.00491458
2.91009 0 0.00491063
2.91508 0 0.00491427
2.92008 0 0.00491375
2.92508 0 0.00491432
2.93009 0 0.00491078
2.93508 0 0.00491401
2.94009 0 0.00491031
2.94508 0 0.00491438
2.95009 0 0.0049112
2.95508 0 0.00491396
2.96008 0 0.00491443
2.96508 0 0.00491495
2.97009 0 0.00491094
2.97509 0 0.00490859
2.98009 0 0.00490688
2.98509 0 0.00490849
2.99009 0 0.00490979
2.99509 0 0.00491297
3.00008 0 0.0049137
3.00508 0 0.00491443
3.01009 0 0.00490771
3.01509 0 0.0049113
3.02009 0 0.00490823
3.02508 0 0.00491386
3.03009 0 0.00491047
3.03509 0 0.00490484
3.04009 0 0.00490745
3.04509 0 0.00491209
3.05009 0 0.00491214
3.05509 0 0.00491344
3.06008 0 0.0049137
3.06509 0 0.0049136
3.07009 0 0.00491261
3.07508 0 0.00491386
3.08009 0 0.00491313
3.08508 0 0.0049137
3.09009 0 0.00490953
3.09508 0 0.00491797
3.10008 0 0.00491339
3.10527 0 0.00472844
3.1101 0 0.00489276
3.1151 0 0.00489406
3.1201 0 0.00489505
3.1251 0 0.00489693
3.13011 0 0.00489047
3.1351 0 0.00489609
3.14011 0 0.00489094
3.1451 0 0.0048962
3.15011 0 0.00488974
3.1551 0 0.00489604
3.1601 0 0.00489688
3.1651 0 0.00489688
3.17011 0 0.00489068
3.1751 0 0.00489677
3.18011 0 0.00489078
3.1851 0 0.00489599
3.19011 0 0.00489057
3.1951 0 0.0048962
3.2001 0 0.00489432
3.20514 0 0.00485578
3.21011 0 0.00488807
3.2151 0 0.004895
3.22011 0 0.00489109
3.2251 0 0.00489625
3.23011 0 0.00489167
3.23511 0 0.00488386
3.24011 0 0.00489167
3.2451 0 0.0048963
3.2501 0 0.00489453
3.2551 0 0.00489594
3.2601 0 0.00489469
3.2651 0 0.00489651
3.2701 0 0.00489651
3.2751 0 0.00489709
3.2801 0 0.00489557
3.28511 0 0.00488641
3.29011 0 0.00488339
3.2951 0 0.00489443
3.30011 0 0.00489136
3.3051 0 0.00490245
3.31011 0 0.00488844
3.3151 0 0.00489511
3.3201 0 0.00489625
3.3251 0 0.00489578
3.33011 0 0.00488828
3.3351 0 0.00489599
3.34011 0 0.00489099
3.3451 0 0.00489651
3.35011 0 0.00489115
3.3551 0 0.00490203
3.36011 0 0.00489245
3.3651 0 0.00489443
3.37011 0 0.00488938
3.3751 0 0.0048962
3.38011 0 0.00489094
3.3851 0 0.00489604
3.39011 0 0.00489078
3.3951 0 0.00489604
3.4001 0 0.00489641
3.4051 0 0.00489646
3.41015 0 0.00484583
3.41511 0 0.0048925
3.42011 0 0.00488974
3.4251 0 0.00489594
3.43011 0 0.00489005
3.43511 0 0.00488625
3.44011 0 0.00489156
3.4451 0 0.00489636
3.4501 0 0.00489557
3.4551 0 0.00489542
3.4601 0 0.00489589
3.4651 0 0.00489636
3.4701 0 0.00489625
3.4751 0 0.00489667
3.4801 0 0.00489599
3.4851 0 0.00489708
3.49011 0 0.0048912
3.4951 0 0.00489495
3.50011 0 0.00489031
3.5051 0 0.00489625
3.51011 0 0.0048913
3.51514 0 0.00485526
3.5201 0 0.00489745
3.5251 0 0.00490156
3.53011 0 0.00489
3.5351 0 0.00489516
3.54011 0 0.00488922
3.5451 0 0.00489677
3.55011 0 0.00489037
3.5551 0 0.00489667
3.5601 0 0.00489599
3.5651 0 0.00489693
3.57011 0 0.00489089
3.5751 0 0.004895
3.58011 0 0.00489047
3.5851 0 0.00489651
3.59011 0 0.00489151
3.5951 0 0.00489599
3.6001 0 0.0048963
3.60509 0 0.00490313
3.6101 0 0.00489328
3.61515 0 0.00485219
3.62011 0 0.00488787
3.6251 0 0.00489594
3.63011 0 0.00489073
3.63511 0 0.00488677
3.64011 0 0.00489188
3.6451 0 0.00489584
3.6501 0 0.00489599
3.6551 0 0.00489656
3.6601 0 0.00489636
3.6651 0 0.00489677
3.6701 0 0.00489578
3.6751 0 0.00489636
3.6801 0 0.0048963
3.6851 0 0.00489677
3.69011 0 0.00489052
3.6951 0 0.00489552
3.70011 0 0.00489073
3.7051 0 0.00489703
3.71011 0 0.00489172
3.7151 0 0.00489625
3.72015 0 0.00484766
3.7251 0 0.00489995
3.7301 0 0.00489313
3.7351 0 0.00489474
3.74011 0 0.00488959
3.7451 0 0.00489672
3.75011 0 0.0048913
3.7551 0 0.00489584
3.7601 0 0.00489703
3.7651 0 0.00489563
3.77011 0 0.00489011
3.7751 0 0.00489651
3.78011 0 0.00489099
3.7851 0 0.00489641
3.79011 0 0.00489109
3.7951 0 0.0048961
3.8001 0 0.00489479
3.8051 0 0.00489516
3.81011 0 0.00489068
3.8151 0 0.0048961
3.82018 0 0.00482052
3.82514 0 0.00485828
3.83013 0 0.00487
3.8351 0 0.00489458
3.84011 0 0.00488724
3.8451 0 0.00489334
3.85011 0 0.00489229
3.8551 0 0.00490089
3.86011 0 0.00488589
3.8651 0 0.00489323
3.8701 0 0.00489563
3.8751 0 0.00489651
3.8801 0 0.00489636
3.8851 0 0.00489594
3.8901 0 0.00489531
3.8951 0 0.00489584
3.9001 0 0.00489542
3.9051 0 0.00489656
3.91011 0 0.00489058
3.9151 0 0.00489636
3.9201 0 0.00489651
3.92516 0 0.0048375
3.93011 0 0.00488459
3.9351 0 0.00490011
3.94011 0 0.00489214
3.9451 0 0.00489516
3.95012 0 0.00488136
3.95511 0 0.00489276
3.9601 0 0.00489516
3.9651 0 0.00489495
3.97011 0 0.00489016
3.9751 0 0.00489651
3.98011 0 0.00489109
3.9851 0 0.00489349
3.99011 0 0.00489016
3.9951 0 0.00489703
4.0001 0 0.00489662
4.0051 0 0.00489625
4.0101 0 0.00489448
4.01511 0 0.00489136
4.02011 0 0.00488802
4.02515 0 0.00484281
4.03011 0 0.00488292
4.0351 0 0.00489552
4.04011 0 0.00488922
4.0451 0 0.00489448
4.0501 0 0.0048963
4.0551 0 0.00489459
4.0601 0 0.00489479
4.0651 0 0.0048963
4.0701 0 0.00489485
4.0751 0 0.00489698
4.0801 0 0.00489281
4.0851 0 0.00490136
4.09011 0 0.00489063
4.0951 0 0.00489401
4.10011 0 0.00488729
4.1051 0 0.0049011
4.11011 0 0.00488646
4.1151 0 0.00489438
4.1201 0 0.00489594
4.1251 0 0.00489568
4.13016 0 0.00483849
4.1351 0 0.0048937
4.14011 0 0.00489026
4.1451 0 0.00490214
4.1501 0 0.00489323
4.1551 0 0.00489563
4.1601 0 0.00489625
4.1651 0 0.0048975
4.1701 0 0.00489537
4.1751 0 0.004895
4.18011 0 0.00489073
4.1851 0 0.00489698
4.19011 0 0.00489162
4.1951 0 0.00489724
4.2001 0 0.00489729
4.2051 0 0.00489714
4.21011 0 0.00489162
4.2151 0 0.00489537
4.22011 0 0.00489078
4.2251 0 0.00489641
4.2301 0 0.00489391
4.23515 0 0.00485167
4.24011 0 0.00488896
4.2451 0 0.00489344
4.2501 0 0.00489485
4.2551 0 0.0048963
4.2601 0 0.00489578
4.2651 0 0.00489677
4.2701 0 0.00489558
4.2751 0 0.00489448
4.2801 0 0.00489542
4.28511 0 0.0048874
4.29011 0 0.0048862
4.2951 0 0.0048938
4.30011 0 0.00489037
4.3051 0 0.00489563
4.31011 0 0.00489146
4.31511 0 0.00489151
4.3201 0 0.00489521
4.3251 0 0.00489651
4.33011 0 0.00489037
4.3351 0 0.0048962
4.34015 0 0.00484354
4.3451 0 0.00489281
4.35011 0 0.00488849
4.3551 0 0.00490141
4.36011 0 0.00489141
4.3651 0 0.00489448
4.37011 0 0.00489031
4.3751 0 0.00489667
4.38011 0 0.0048913
4.3851 0 0.00489552
4.39011 0 0.00489073
4.3951 0 0.00489677
4.4001 0 0.0048962
4.4051 0 0.00489708
4.41011 0 0.00489031
4.4151 0 0.00489693
4.42011 0 0.0048913
4.4251 0 0.0048962
4.43011 0 0.00489156
4.4351 0 0.00489703
4.44011 0 0.00489151
4.44515 0 0.00484849
4.45011 0 0.00489151
4.4551 0 0.00489479
4.4601 0 0.00489558
4.4651 0 0.00489688
4.4701 0 0.00489636
4.4751 0 0.00489698
4.4801 0 0.00489599
4.4851 0 0.00489547
4.4901 0 0.00489511
4.4951 0 0.00489672
4.50011 0 0.00489104
4.5051 0 0.0048962
4.51011 0 0.00489125
4.5151 0 0.0048961
4.5201 0 0.00489599
4.5251 0 0.00489464
4.53011 0 0.00488974
4.5351 0 0.00489636
4.54011 0 0.00489167
4.5451 0 0.00489599
4.55015 0 0.00485005
4.5551 0 0.00489406
4.5601 0 0.00489453
4.5651 0 0.0049024
4.57011 0 0.00488959
4.5751 0 0.00489474
4.58011 0 0.00488688
4.5851 0 0.00489688
4.59011 0 0.00489104
4.5951 0 0.00489667
4.6001 0 0.00489589
4.60509 0 0.00490328
4.6101 0 0.00489448
4.6151 0 0.00489448
4.62011 0 0.00489016
4.6251 0 0.00489662
4.63011 0 0.00489115
4.6351 0 0.00489636
4.64011 0 0.00489209
4.6451 0 0.00489479
4.6501 0 0.00489573
4.65515 0 0.00484641
4.6601 0 0.00489318
4.6651 0 0.00489443
4.6701 0 0.00489542
4.6751 0 0.00489724
4.6801 0 0.00489584
4.6851 0 0.00489651
4.69011 0 0.00489063
4.6951 0 0.00489427
4.70011 0 0.0048888
4.7051 0 0.0048961
4.71011 0 0.00489021
4.7151 0 0.0048962
4.7201 0 0.00489636
4.7251 0 0.00489646
4.73011 0 0.00489115
4.7351 0 0.00489584
4.74011 0 0.00489058
4.7451 0 0.00489662
4.75011 0 0.00489125
4.7551 0 0.00489672
4.7601 0 0.00489531
4.7651 0 0.00489636
4.77011 0 0.00488901
4.7751 0 0.00490276
4.7801 0 0.00489448
4.78511 0 0.00489162
4.79011 0 0.00488828
4.7951 0 0.00489589
4.8001 0 0.00489594
4.8051 0 0.00489532
4.81011 0 0.00488964
4.8151 0 0.00489604
4.82011 0 0.00489151
4.8251 0 0.00489657
4.83011 0 0.00489146
4.8351 0 0.00489672
4.8401 0 0.00489282
4.8451 0 0.00489407
4.8501 0 0.00489558
4.8551 0 0.00490224
4.86015 0 0.00484828
4.86511 0 0.00489193
4.8701 0 0.00489427
4.8751 0 0.00489662
4.8801 0 0.00489604
4.8851 0 0.00489641
4.89011 0 0.00488995
4.8951 0 0.00489625
4.90011 0 0.00489063
4.9051 0 0.00489578
4.91011 0 0.00489104
4.9151 0 0.0048962
4.9201 0 0.00489625
4.9251 0 0.00489693
4.93011 0 0.0048912
4.9351 0 0.0048961
4.94011 0 0.0048913
4.9451 0 0.00489547
4.95011 0 0.00489068
4.9551 0 0.0048962
4.9601 0 0.00489604
4.96514 0 0.00485531
4.97011 0 0.00488735
4.9751 0 0.00489542
4.98011 0 0.00489063
4.9851 0 0.00490271
4.99011 0 0.00489224
4.9951 0 0.00489526
5.0001 0 0.00489568
5.0051 0 0.00489573
5.01011 0 0.00489042
5.01511 0 0.00489229
5.02011 0 0.00489052
5.0251 0 0.00489615
5.03011 0 0.00489115
5.0351 0 0.00489615
5.0401 0 0.00489276
5.0451 0 0.00489615
5.0501 0 0.00489464
5.0551 0 0.00489646
5.0601 0 0.00489552
5.06519 0 0.00480516
5.07012 0 0.00487641
5.07511 0 0.00489083
5.0801 0 0.00489458
5.0851 0 0.00489693
5.09011 0 0.00488974
5.0951 0 0.00489636
5.10011 0 0.00488943
5.1051 0 0.0048987
5.11011 0 0.00489052
5.1151 0 0.00489448
