1.146e-06 0 0.00934662
0.0103039 0 0.00913339
0.0201159 0 0.00940547
0.0301065 0 0.00941031
0.0401096 0 0.00941193
0.0501106 0 0.00941193
0.0601096 0 0.00941266
0.0701095 0 0.00926276
0.0801109 0 0.00940422
0.0901085 0 0.0094037
0.100106 0 0.0094087
0.110106 0 0.00934536
0.120115 0 0.00940974
0.130104 0 0.00940537
0.140118 0 0.00940411
0.150107 0 0.00940635
0.160112 0 0.00941177
0.170109 0 0.00941359
0.180108 0 0.00941412
0.190104 0 0.00941224
0.20011 0 0.00941328
0.210109 0 0.00941412
0.220155 0 0.0092838
0.230104 0 0.00941276
0.240105 0 0.00940505
0.250121 0 0.00923688
0.260115 0 0.00927016
0.270117 0 0.00926865
0.280111 0 0.00939776
0.290106 0 0.00940682
0.300105 0 0.00940901
0.310105 0 0.00941089
0.320108 0 0.00940292
0.330114 0 0.00940792
0.340105 0 0.0094074
0.350106 0 0.00940734
0.360111 0 0.00940922
0.370104 0 0.00940953
0.380112 0 0.00941297
0.390104 0 0.00941
0.400109 0 0.00941261
0.410109 0 0.00935667
0.420135 0 0.00925641
0.430183 0 0.00926552
0.440107 0 0.0094075
0.450114 0 0.00941208
0.460105 0 0.0093949
0.470114 0 0.00926984
0.48011 0 0.00940344
0.490106 0 0.00940839
0.500105 0 0.0094075
0.510105 0 0.00941031
0.520109 0 0.00940995
0.530105 0 0.00941104
0.540163 0 0.00927714
0.550106 0 0.00941177
0.56012 0 0.00927099
0.570114 0 0.00941
0.580114 0 0.00940609
0.590105 0 0.00941203
0.600121 0 0.00921677
0.610221 0 0.00904823
0.620178 0 0.00904261
0.630234 0 0.00902021
0.640206 0 0.0089613
0.650178 0 0.00910042
0.660132 0 0.00923182
0.670136 0 0.00925412
0.680135 0 0.00922729
0.690146 0 0.00923787
0.700129 0 0.00921313
0.710141 0 0.0092299
0.720137 0 0.00924661
0.730128 0 0.00923021
0.740146 0 0.00917464
0.750147 0 0.00925844
0.760114 0 0.00925792
0.770121 0 0.00927589
0.780125 0 0.00923672
0.790121 0 0.00924323
0.800128 0 0.00925917
0.810119 0 0.00925682
0.820119 0 0.00925761
0.830122 0 0.0092587
0.840122 0 0.0092599
0.85012 0 0.00925292
0.860128 0 0.00923833
0.870129 0 0.00927234
0.880133 0 0.00927339
0.890119 0 0.0092974
0.900094 0 0.00944167
0.910092 0 0.00944057
0.920089 0 0.00944688
0.930092 0 0.00945042
0.940088 0 0.00944953
0.950093 0 0.00944531
0.960091 0 0.00945
0.970091 0 0.00945083
0.980091 0 0.00944792
0.990087 0 0.00944865
1.00009 0 0.00944792
1.01009 0 0.00944984
1.02009 0 0.00944896
1.03009 0 0.00944906
1.04009 0 0.00944677
1.05009 0 0.00945104
1.06009 0 0.00945141
1.0701 0 0.00943901
1.08009 0 0.00944828
1.09009 0 0.00945115
1.10008 0 0.00945182
1.11009 0 0.00944453
1.12009 0 0.00944943
1.13009 0 0.00944818
1.14009 0 0.00945099
1.15009 0 0.00944865
1.16009 0 0.00944786
1.17009 0 0.00944932
1.18009 0 0.00945047
1.19009 0 0.00944677
1.20009 0 0.00945146
1.21009 0 0.00945141
1.22009 0 0.00945125
1.23009 0 0.00945182
1.24009 0 0.00944849
1.25009 0 0.00945151
1.26009 0 0.00944938
1.27008 0 0.00942865
1.28009 0 0.00944625
1.29009 0 0.00945063
1.30009 0 0.00944849
1.31009 0 0.00944698
1.32009 0 0.00944854
1.33009 0 0.00945052
1.34009 0 0.00945
1.35009 0 0.00945
1.36009 0 0.0094486
1.37009 0 0.00944985
1.38009 0 0.00945125
1.39009 0 0.00944771
1.40009 0 0.00944922
1.41009 0 0.00944844
1.42009 0 0.00945057
1.43009 0 0.00944875
1.44009 0 0.00945031
1.45026 0 0.00932
1.4601 0 0.00942339
1.47011 0 0.00942932
1.4801 0 0.00941844
1.4901 0 0.00942589
1.50009 0 0.00943151
1.5101 0 0.00942495
1.5201 0 0.00942193
1.5301 0 0.00942885
1.5401 0 0.00942578
1.55027 0 0.00917365
1.56011 0 0.00940333
1.57011 0 0.00941031
1.58011 0 0.00940724
1.5901 0 0.00940974
1.60011 0 0.00940266
1.61011 0 0.00941083
1.62011 0 0.0094112
1.6301 0 0.00941276
1.64012 0 0.00927526
1.65017 0 0.00927182
1.66011 0 0.00940938
1.67011 0 0.00940969
1.68012 0 0.00926219
1.69011 0 0.00927099
1.70011 0 0.00941135
1.71011 0 0.00940349
1.72011 0 0.00940943
1.73011 0 0.00940641
1.74011 0 0.00940958
1.75011 0 0.00940719
1.76011 0 0.0094087
1.77012 0 0.00927406
1.78012 0 0.00940406
1.79011 0 0.00940771
1.80011 0 0.00940255
1.81011 0 0.00941037
1.82011 0 0.0094076
1.83011 0 0.00941078
1.84011 0 0.00940729
1.85011 0 0.00941193
1.86016 0 0.00926037
1.8701 0 0.00941198
1.88011 0 0.00927073
1.89011 0 0.00941219
1.9001 0 0.0094163
1.91011 0 0.00940891
1.92011 0 0.00940995
1.93011 0 0.00940807
1.9401 0 0.00941083
1.95011 0 0.00940734
1.96016 0 0.00928078
1.97011 0 0.00940672
1.98011 0 0.00941047
1.99011 0 0.00940828
2.00011 0 0.00940849
2.01011 0 0.00941109
2.02011 0 0.00941136
2.03011 0 0.00940818
2.04011 0 0.0094101
2.05011 0 0.00941005
2.06016 0 0.00925729
2.07011 0 0.0094125
2.08011 0 0.00926948
2.09011 0 0.00941115
2.1001 0 0.00941005
2.11011 0 0.00940927
2.12011 0 0.00940755
2.13011 0 0.00939958
2.14011 0 0.00940813
2.15011 0 0.00941188
2.16011 0 0.00940849
2.17011 0 0.00941104
2.18011 0 0.0094125
2.1901 0 0.00940787
2.20011 0 0.00941115
2.2101 0 0.00940912
2.22011 0 0.00941099
2.23011 0 0.00940969
2.24011 0 0.00941219
2.25015 0 0.0092326
2.26013 0 0.00924677
2.27011 0 0.009405
2.28011 0 0.00926563
2.29011 0 0.00941365
2.3001 0 0.0094112
2.31011 0 0.00940964
2.32011 0 0.00941099
2.33011 0 0.00941083
2.34011 0 0.00940724
2.35026 0 0.00913662
2.36012 0 0.00920656
2.37011 0 0.0094099
2.38011 0 0.00940521
2.39011 0 0.00941073
2.40011 0 0.00940287
2.41011 0 0.00941026
2.42011 0 0.00941099
2.43011 0 0.00941099
2.44011 0 0.00940958
2.45011 0 0.00941193
2.4601 0 0.00940964
2.47015 0 0.00927307
2.48011 0 0.00927047
2.49011 0 0.0094074
2.5001 0 0.00941474
2.51011 0 0.00940563
2.52011 0 0.00941125
2.53011 0 0.00940755
2.54011 0 0.00941198
2.55011 0 0.00940802
2.56011 0 0.0094113
2.57016 0 0.00928432
2.58012 0 0.00940432
2.59011 0 0.00940709
2.60011 0 0.00940813
2.61011 0 0.00940781
2.62011 0 0.00940964
2.6301 0 0.0094099
2.64012 0 0.00926688
2.65011 0 0.00833245
2.66016 0 0.00922365
2.67018 0 0.0092762
2.68011 0 0.00926198
2.69011 0 0.00940953
2.7001 0 0.00939667
2.71011 0 0.00940495
2.72011 0 0.00940917
2.73011 0 0.00941089
2.74011 0 0.00941109
2.75012 0 0.00940662
2.76011 0 0.00941057
2.77012 0 0.0092186
2.78012 0 0.009405
2.79011 0 0.00940641
2.80011 0 0.00941104
2.81011 0 0.00940766
2.82012 0 0.00940448
2.83011 0 0.00941047
2.84011 0 0.00940849
2.85012 0 0.00940479
2.86011 0 0.00941037
2.87011 0 0.0094113
2.88011 0 0.00926417
2.89011 0 0.00941198
2.9001 0 0.00941177
2.91011 0 0.00940792
2.92011 0 0.00940776
2.93011 0 0.00941021
2.94011 0 0.00940714
2.95011 0 0.00941057
2.96011 0 0.00940709
2.97011 0 0.00941193
2.98016 0 0.00926042
2.99011 0 0.00941104
3.00011 0 0.00941151
3.01011 0 0.00940792
3.02011 0 0.00941089
3.03011 0 0.00940531
3.04011 0 0.00941037
3.0501 0 0.00940761
3.06011 0 0.00940959
3.0701 0 0.00941031
3.08011 0 0.00927495
3.09011 0 0.00940844
3.1001 0 0.00941474
3.11011 0 0.00940787
3.12011 0 0.00941146
3.13011 0 0.00941073
3.14011 0 0.00941068
3.15011 0 0.0094099
3.16011 0 0.00940844
3.17011 0 0.00941198
3.18011 0 0.00940734
3.19011 0 0.00940797
3.20011 0 0.00940865
3.21011 0 0.00941209
3.22011 0 0.00940886
3.23011 0 0.00941209
3.24011 0 0.00941193
3.25011 0 0.00940453
3.26011 0 0.00940964
3.2701 0 0.00941266
3.28011 0 0.00927787
3.29015 0 0.00928005
3.3001 0 0.00941521
3.31011 0 0.00940412
3.32011 0 0.00940943
3.33011 0 0.00940495
3.34011 0 0.00941031
3.35011 0 0.00941339
3.36011 0 0.00939985
3.37011 0 0.00941016
3.38011 0 0.00941146
3.39011 0 0.00941162
3.40015 0 0.00927896
3.41011 0 0.00941182
3.42011 0 0.00940834
3.43011 0 0.00941224
3.44011 0 0.00940516
3.45011 0 0.00941109
3.46011 0 0.00940912
3.4701 0 0.00941224
3.4801 0 0.00939943
3.4901 0 0.00941109
3.5001 0 0.00936406
3.51011 0 0.0094062
3.52011 0 0.00941026
3.53011 0 0.00941141
3.54011 0 0.00941005
3.55011 0 0.0094075
3.56011 0 0.00941026
3.57011 0 0.00940854
3.58011 0 0.00941068
3.5901 0 0.00940927
3.60011 0 0.00940729
3.61016 0 0.00927802
3.62011 0 0.00941073
3.63011 0 0.00941016
3.64012 0 0.00927646
3.65011 0 0.00941
3.66011 0 0.00941104
3.67011 0 0.00941245
3.6801 0 0.00940834
3.6901 0 0.00941068
3.7001 0 0.00941323
3.71011 0 0.00941057
3.72011 0 0.00940646
3.73012 0 0.00940927
3.74011 0 0.00940646
3.75011 0 0.00940985
3.76011 0 0.00940573
3.77012 0 0.0092799
3.78012 0 0.00941037
3.79011 0 0.00940901
3.80011 0 0.00941063
3.81011 0 0.00941
3.82016 0 0.00925656
3.83011 0 0.00940485
3.84011 0 0.00941094
3.85011 0 0.00940761
3.86011 0 0.00941011
3.8701 0 0.00941037
3.88011 0 0.00927386
3.8901 0 0.00940896
3.9001 0 0.00941281
3.91011 0 0.00940542
3.92011 0 0.00941047
3.93016 0 0.00928042
3.94011 0 0.00940875
3.95011 0 0.00941089
3.96011 0 0.00940828
3.97011 0 0.00941188
3.98011 0 0.00940886
3.99011 0 0.00941083
4.00011 0 0.00940818
4.01011 0 0.0094112
4.02011 0 0.0094086
4.03013 0 0.0094112
4.04015 0 0.00927953
4.05011 0 0.00940141
4.06011 0 0.00941104
4.0701 0 0.00941292
4.08012 0 0.00927599
4.09011 0 0.0094137
4.1001 0 0.00941433
4.1101 0 0.00941224
4.12011 0 0.00940948
4.13011 0 0.00940818
4.14011 0 0.00941052
4.15015 0 0.00927828
4.16011 0 0.00941162
4.17011 0 0.00940797
4.18011 0 0.00941162
4.19011 0 0.00941057
4.20011 0 0.00941177
4.21011 0 0.00941068
4.22011 0 0.00941214
4.23011 0 0.00941198
4.24011 0 0.00940766
4.25015 0 0.0092825
4.26011 0 0.00940865
4.2701 0 0.00941354
4.28012 0 0.00926682
4.29011 0 0.00941297
4.3001 0 0.00941063
4.3101 0 0.00941531
4.3201 0 0.00941443
4.3301 0 0.00941641
4.34011 0 0.00941136
4.35011 0 0.00941042
4.36011 0 0.00940667
4.37011 0 0.00940688
4.38011 0 0.0094113
4.39011 0 0.00940781
4.40011 0 0.00941141
4.41011 0 0.00940787
4.42011 0 0.00941193
4.43011 0 0.00940886
4.4401 0 0.00941193
4.45011 0 0.00940802
4.46015 0 0.00926219
4.47011 0 0.00941094
4.48046 0 0.00901917
4.4901 0 0.00941037
4.5001 0 0.00941526
4.5101 0 0.00940604
4.52011 0 0.00940552
4.53011 0 0.00941005
4.54011 0 0.00940766
4.55011 0 0.00941032
4.56016 0 0.0092786
4.57013 0 0.00927047
4.58012 0 0.00940391
4.59011 0 0.00941073
4.60011 0 0.00940901
4.61011 0 0.00941078
4.62011 0 0.00941125
4.63012 0 0.00926313
4.64013 0 0.00926365
4.65012 0 0.00940474
4.66018 0 0.00925453
4.67011 0 0.00940766
4.68035 0 0.00914323
4.69011 0 0.0094049
4.7001 0 0.00941417
4.7101 0 0.00941099
4.72011 0 0.0094074
4.73011 0 0.00940599
4.74011 0 0.00940901
4.75011 0 0.00941057
4.76016 0 0.00927526
4.77012 0 0.00927589
4.78011 0 0.00940042
4.79011 0 0.00941005
4.80011 0 0.00940516
4.81013 0 0.00927688
4.82012 0 0.00940714
4.83011 0 0.00940979
4.84011 0 0.00940766
4.85011 0 0.00940953
4.86011 0 0.00935677
4.87011 0 0.00940974
4.88011 0 0.00897188
4.89011 0 0.00927375
4.90011 0 0.00941104
4.9101 0 0.00941479
4.92011 0 0.00940813
4.93011 0 0.00940662
4.94011 0 0.00940568
4.95011 0 0.00940641
4.96011 0 0.00940662
4.97016 0 0.00927813
4.98011 0 0.00940906
4.99011 0 0.00941422
5.00011 0 0.0094113
5.01011 0 0.00941011
5.02011 0 0.00941203
5.03011 0 0.00941193
5.04011 0 0.00940917
5.05011 0 0.00940896
5.06011 0 0.00940761
5.07011 0 0.00941141
5.08015 0 0.00927453
5.09011 0 0.00927443
5.10011 0 0.00940948
5.1101 0 0.00941683
5.12011 0 0.00940557
5.13011 0 0.00941037
5.14011 0 0.00941042
5.15011 0 0.00941151
5.16011 0 0.00941032
5.17011 0 0.00941047
5.18016 0 0.00926089
5.19011 0 0.00940714
5.20011 0 0.00941172
5.21011 0 0.00940828
5.22011 0 0.00941094
5.23011 0 0.00940761
5.24011 0 0.00941125
5.25011 0 0.00940724
5.26011 0 0.00941183
5.27011 0 0.00940896
5.28011 0 0.00941323
5.29011 0 0.00927677
5.30011 0 0.00941485
5.31012 0 0.00941558
5.32011 0 0.00940589
5.33011 0 0.00941141
5.34011 0 0.00940724
5.35011 0 0.0094111
5.36011 0 0.00940693
5.37011 0 0.00941198
5.38011 0 0.00940886
5.39015 0 0.00928115
5.40011 0 0.00940735
5.41011 0 0.00941235
5.42015 0 0.00923537
5.43012 0 0.0094049
5.44011 0 0.00927313
5.45011 0 0.00940849
5.46011 0 0.00941084
5.47011 0 0.00940672
5.48011 0 0.00941151
5.49017 0 0.0092599
5.50011 0 0.00940938
5.5101 0 0.00940698
5.52011 0 0.00940781
5.53011 0 0.00940547
5.54011 0 0.00941104
5.55011 0 0.00940969
5.56012 0 0.00940141
5.57011 0 0.00940979
5.58011 0 0.00940683
5.59011 0 0.00941188
5.60011 0 0.00939594
5.61011 0 0.00940865
5.62011 0 0.00941344
5.63011 0 0.00940703
5.64012 0 0.00926662
5.65011 0 0.00940995
5.66011 0 0.00940651
5.67011 0 0.00941052
5.68011 0 0.00941
5.69011 0 0.00927078
5.7001 0 0.00941125
5.7101 0 0.00941224
5.72011 0 0.00940787
5.73011 0 0.00940506
5.74011 0 0.00940922
5.75011 0 0.00940693
5.76011 0 0.00941
5.77012 0 0.00927198
5.78011 0 0.00940662
5.79011 0 0.00940547
5.80016 0 0.00927875
5.81011 0 0.00940662
5.82011 0 0.00941188
5.83011 0 0.00941188
5.84011 0 0.00941084
5.85011 0 0.00940084
5.86011 0 0.0094112
5.87011 0 0.00941052
5.88011 0 0.00940917
5.89011 0 0.00927406
5.90011 0 0.00936261
5.9101 0 0.00941245
5.92011 0 0.00940631
5.93011 0 0.00940985
5.94011 0 0.00940469
5.95011 0 0.00940755
5.96011 0 0.00940953
5.97011 0 0.00941078
5.98011 0 0.00940938
5.99011 0 0.00941151
6.00011 0 0.00941177
6.01015 0 0.00927552
6.02011 0 0.00941198
6.03011 0 0.00940521
6.04011 0 0.00941115
6.05011 0 0.00940756
6.06011 0 0.00941131
6.07011 0 0.00940781
6.08011 0 0.00941021
6.09041 0 0.00834761
6.10012 0 0.00925625
6.11011 0 0.00940667
6.12011 0 0.00941349
6.1301 0 0.00941391
6.14011 0 0.0094061
6.15011 0 0.00941052
6.16011 0 0.00940625
6.17011 0 0.0094099
6.18011 0 0.00940823
6.19011 0 0.00941151
6.20011 0 0.00940558
6.21011 0 0.00940479
6.22011 0 0.00940745
6.23011 0 0.00941021
6.24011 0 0.00941146
6.25011 0 0.00941183
6.26011 0 0.00941209
6.27013 0 0.00924558
6.28013 0 0.00927677
6.29015 0 0.00925505
6.30011 0 0.00940766
6.3101 0 0.00940162
6.3201 0 0.00941266
6.33011 0 0.00940578
6.34011 0 0.00940854
6.35011 0 0.00940172
6.36011 0 0.00941063
6.37011 0 0.00941172
6.38011 0 0.00941229
6.39011 0 0.00941146
6.40011 0 0.00941157
6.41011 0 0.00940943
6.42016 0 0.00925344
6.43011 0 0.00940922
6.44011 0 0.00940818
6.45011 0 0.00941167
6.46011 0 0.00940724
6.47011 0 0.00941219
6.48011 0 0.00940657
6.49055 0 0.00888875
6.50011 0 0.00940995
6.5101 0 0.00941568
6.5201 0 0.00941578
6.53011 0 0.00940386
6.54011 0 0.00940703
6.55011 0 0.00940589
6.56011 0 0.0094074
6.57011 0 0.00940849
6.58011 0 0.00941021
6.59013 0 0.00927495
6.60011 0 0.00936073
6.61017 0 0.00905813
6.62017 0 0.00903641
6.63016 0 0.00910386
6.64698 0 0.00215933
6.65015 0 0.00921354
6.66015 0 0.00922912
6.67013 0 0.00924537
6.68016 0 0.0090825
6.69014 0 0.00920656
6.70014 0 0.00906214
6.71014 0 0.00923443
6.72012 0 0.00924672
6.73012 0 0.00926354
6.74011 0 0.00924089
6.75011 0 0.0092738
6.76011 0 0.00926183
6.77012 0 0.009275
6.78012 0 0.00922938
6.79013 0 0.00925933
6.80013 0 0.00925209
6.81013 0 0.00925599
6.82011 0 0.00925104
6.83011 0 0.00926365
6.84013 0 0.00925985
6.85012 0 0.00925464
6.86011 0 0.00923521
6.87012 0 0.00927828
6.88015 0 0.00926771
6.89012 0 0.00943896
6.9001 0 0.00942584
6.91009 0 0.00944568
6.92009 0 0.0094512
6.93009 0 0.00944646
6.94009 0 0.00944891
6.95009 0 0.00944933
6.96009 0 0.00944667
6.97009 0 0.00945052
6.98009 0 0.0094474
6.99009 0 0.00944261
7.00009 0 0.00944766
7.01009 0 0.00944933
7.02009 0 0.0094486
7.03009 0 0.00944974
7.04009 0 0.00944198
7.05009 0 0.00945047
7.06009 0 0.00945026
7.07009 0 0.00945068
7.08009 0 0.00945047
7.09009 0 0.00944839
7.10009 0 0.0094388
7.11009 0 0.00944724
7.12009 0 0.0094524
7.13009 0 0.00944537
7.14009 0 0.00944896
7.15009 0 0.00944808
7.16009 0 0.00944917
7.17009 0 0.00944844
7.18009 0 0.00945094
7.19009 0 0.00944943
7.20009 0 0.00944922
7.21009 0 0.00945052
7.22009 0 0.00945115
7.23009 0 0.00945063
7.24009 0 0.00944828
7.25009 0 0.00945021
7.26009 0 0.00944808
7.27009 0 0.00945073
7.28009 0 0.00944797
7.29009 0 0.0094511
7.30009 0 0.0094412
7.31009 0 0.00944922
7.32008 0 0.00945261
7.33009 0 0.00944532
7.34009 0 0.00945011
7.35009 0 0.00944974
7.36009 0 0.00945037
7.37009 0 0.00944886
7.38009 0 0.00945141
7.39009 0 0.0094487
7.40009 0 0.00945058
7.41009 0 0.0094486
7.42009 0 0.0094511
7.43009 0 0.00944886
7.4401 0 0.00928297
7.45011 0 0.0094199
7.4601 0 0.00942302
7.4701 0 0.00942677
7.4801 0 0.009425
7.4901 0 0.00942964
7.5001 0 0.00940855
7.5101 0 0.00942469
7.52009 0 0.00942657
7.5301 0 0.00942495
7.54012 0 0.00940334
7.55011 0 0.00940943
7.56011 0 0.00940818
7.57011 0 0.00941193
7.58011 0 0.00940698
7.59011 0 0.0094125
7.60011 0 0.00940542
7.61011 0 0.00940844
7.62011 0 0.00941094
7.63011 0 0.00941141
7.64017 0 0.00926907
7.65012 0 0.00940521
7.66015 0 0.0088323
7.67013 0 0.00927032
7.68012 0 0.00940537
7.69011 0 0.00940886
7.70011 0 0.00924636
7.71011 0 0.00940605
7.7201 0 0.00941422
7.73011 0 0.00940724
7.74011 0 0.00941058
7.75017 0 0.00926354
7.76011 0 0.00941125
7.77013 0 0.00927261
7.78012 0 0.0094037
7.79011 0 0.00940683
7.80011 0 0.00940662
7.81012 0 0.00927521
7.82011 0 0.00940855
7.83011 0 0.00940787
7.84011 0 0.00940855
7.85017 0 0.00927959
7.86011 0 0.00941042
7.87012 0 0.00941073
7.88011 0 0.00940724
7.89011 0 0.00940855
7.90011 0 0.00924834
7.91011 0 0.00940974
7.9201 0 0.00941552
7.93011 0 0.00940469
7.94011 0 0.00940995
7.95011 0 0.0093536
7.96011 0 0.00940802
7.97011 0 0.00940662
7.98011 0 0.00941058
7.99011 0 0.009405
8.00011 0 0.00941042
8.01011 0 0.00941
8.02011 0 0.00941037
8.03011 0 0.0094036
8.04012 0 0.0094075
8.05011 0 0.00941047
8.06016 0 0.00925479
8.07011 0 0.0094174
8.0801 0 0.00940729
8.09011 0 0.00941203
8.10011 0 0.00924459
8.11011 0 0.00941422
8.1201 0 0.00941282
8.13011 0 0.00940995
8.14011 0 0.00941011
8.15011 0 0.00940912
8.16011 0 0.00941198
8.17016 0 0.00928157
8.18011 0 0.00941141
8.19011 0 0.00940813
8.20011 0 0.00941193
8.21011 0 0.00939954
8.22011 0 0.00941136
8.2301 0 0.0094087
8.24011 0 0.00941255
8.25014 0 0.00923698
8.26013 0 0.00925901
8.27011 0 0.00940558
8.28011 0 0.00941006
8.29011 0 0.00941183
8.30011 0 0.00924084
8.31011 0 0.00941188
8.3201 0 0.00941146
8.33011 0 0.00940829
8.34011 0 0.00940703
8.35011 0 0.00941011
8.36011 0 0.00940844
8.37011 0 0.0094125
8.38016 0 0.00925938
8.39011 0 0.00941167
8.40011 0 0.00940745
8.41011 0 0.00941177
8.42011 0 0.00941104
8.43011 0 0.00940995
8.4401 0 0.00941115
8.45011 0 0.00940855
8.46011 0 0.00941188
8.4701 0 0.00940839
8.48011 0 0.00941198
8.49015 0 0.00928141
8.50011 0 0.00925407
8.5101 0 0.00940797
8.5201 0 0.00941537
8.53011 0 0.00940568
8.54011 0 0.00941058
8.55011 0 0.00939933
8.56011 0 0.0094098
8.57011 0 0.00940985
8.58011 0 0.00940782
8.59011 0 0.00941089
8.60016 0 0.00927922
8.61011 0 0.00941011
8.62011 0 0.0094087
8.6301 0 0.00941287
8.64011 0 0.00926381
8.65012 0 0.00940537
8.66011 0 0.00940646
8.6701 0 0.00941073
8.68011 0 0.00941073
8.69011 0 0.00941224
8.70011 0 0.00925563
8.71011 0 0.00941157
8.7201 0 0.00941396
8.73011 0 0.00940646
8.7401 0 0.00940886
8.75011 0 0.00940729
8.76011 0 0.00941073
8.77012 0 0.00927354
8.78012 0 0.00940532
8.79011 0 0.00940615
8.80011 0 0.00940631
8.81017 0 0.00927829
8.82011 0 0.00941104
8.83011 0 0.00941063
8.84011 0 0.00941084
8.85011 0 0.00941172
8.86011 0 0.00940802
8.87011 0 0.0094124
8.88011 0 0.00940808
8.89011 0 0.00941323
8.9001 0 0.00925193
8.9101 0 0.00941271
8.9201 0 0.0094112
8.93011 0 0.00940938
8.94011 0 0.00940683
8.95011 0 0.00940964
8.96011 0 0.00941026
8.97011 0 0.00941209
8.98011 0 0.00941229
8.9901 0 0.00941162
9.00011 0 0.00941183
9.01011 0 0.00939954
9.02015 0 0.00926646
9.03011 0 0.00940787
9.04011 0 0.00941151
9.05011 0 0.0094087
9.06011 0 0.00941198
9.07011 0 0.00940886
9.08011 0 0.00941136
9.09011 0 0.00941386
9.10011 0 0.00925474
9.11011 0 0.0094149
9.1201 0 0.00941422
9.13011 0 0.00940625
9.14011 0 0.00940438
9.15013 0 0.00941063
9.16011 0 0.00940849
9.17011 0 0.0094124
9.18011 0 0.00940901
9.1901 0 0.00941188
9.20011 0 0.00940698
9.21011 0 0.00941104
9.22011 0 0.00940485
9.23015 0 0.00928178
9.24011 0 0.00941157
9.25011 0 0.00941078
9.26011 0 0.00941188
9.27011 0 0.00940933
9.28011 0 0.00941235
9.29011 0 0.00941068
9.30011 0 0.00926344
9.3101 0 0.00940954
9.3201 0 0.00941568
9.33015 0 0.00927558
9.34011 0 0.0094111
9.35011 0 0.0094075
9.36011 0 0.00940813
9.37011 0 0.00940995
9.38011 0 0.00941063
9.39011 0 0.00941203
9.40011 0 0.00941178
9.41011 0 0.00941141
9.42011 0 0.00940938
9.43011 0 0.00941214
9.44011 0 0.00940709
9.45011 0 0.00941037
9.46011 0 0.00940901
9.4701 0 0.00941209
9.48011 0 0.00940881
9.49011 0 0.00941329
9.5001 0 0.00940495
9.5101 0 0.0094136
9.5201 0 0.00941615
9.53011 0 0.00941084
9.5401 0 0.00940891
9.55011 0 0.00940803
9.5601 0 0.0094098
9.57011 0 0.0094086
9.58011 0 0.00940927
9.5901 0 0.00941443
9.60011 0 0.009405
9.61011 0 0.00940651
9.62011 0 0.00941151
9.6301 0 0.00941266
9.64011 0 0.00940042
9.65012 0 0.00941
9.66011 0 0.00941167
9.6701 0 0.00941141
9.68011 0 0.00940412
9.6901 0 0.00941105
9.70011 0 0.00925464
9.7101 0 0.00941209
9.7201 0 0.00941047
9.7301 0 0.00941646
9.74016 0 0.00925553
9.75011 0 0.00941506
9.7601 0 0.00940438
9.77012 0 0.00927422
9.78012 0 0.00940948
9.79011 0 0.00939771
9.80011 0 0.00940761
9.81011 0 0.00940735
9.82011 0 0.0094111
9.83011 0 0.00940672
9.84016 0 0.00927948
9.85011 0 0.00940594
9.86011 0 0.00941162
9.8701 0 0.00940907
9.88011 0 0.00941203
9.89011 0 0.00940974
9.90011 0 0.00925323
9.9101 0 0.00941412
9.9201 0 0.00941547
9.9301 0 0.00941558
9.94011 0 0.00940922
9.95011 0 0.00940719
9.96011 0 0.00940829
9.97011 0 0.00941219
9.9801 0 0.00940719
9.99011 0 0.00941052
10.0001 0 0.0094075
10.0101 0 0.00941006
10.0201 0 0.0094087
10.0301 0 0.00941073
10.0401 0 0.0094099
10.0502 0 0.00927646
10.0601 0 0.00941125
10.0701 0 0.00941152
10.0801 0 0.00941094
10.0901 0 0.00940881
10.1004 0 0.00902652
10.1101 0 0.00941068
10.1201 0 0.00941506
10.1301 0 0.0094124
10.1401 0 0.00939891
10.1501 0 0.00935703
10.1601 0 0.00940855
10.1701 0 0.00940771
10.1801 0 0.00941178
10.1901 0 0.00940995
10.2001 0 0.00941209
10.2101 0 0.00941214
10.2201 0 0.00940964
10.2301 0 0.00941162
