1.041e-06 0 0.0043149
0.00522083 0 0.00423938
0.0101092 0 0.00437552
0.0151048 0 0.00437932
0.0201717 0 0.00424813
0.0251038 0 0.00437313
0.0301045 0 0.00437479
0.0351038 0 0.00438198
0.0401038 0 0.00438115
0.045103 0 0.00437021
0.0501034 0 0.00437662
0.0551028 0 0.00438047
0.0601101 0 0.00438068
0.0651043 0 0.00438078
0.0701039 0 0.0043787
0.075102 0 0.00438083
0.0801027 0 0.00438297
0.0851051 0 0.0043799
0.0901104 0 0.00437849
0.0951027 0 0.00437917
0.100108 0 0.00437943
0.105103 0 0.00438109
0.110103 0 0.00437771
0.115102 0 0.00437792
0.120103 0 0.00434641
0.125106 0 0.0043738
0.130109 0 0.00438156
0.135103 0 0.00437693
0.140118 0 0.00437089
0.145105 0 0.00438078
0.150105 0 0.00438057
0.155102 0 0.00437802
0.160102 0 0.0043774
0.165111 0 0.00435797
0.170109 0 0.00437276
0.175104 0 0.00437313
0.180106 0 0.00437297
0.185103 0 0.00437969
0.190106 0 0.00437891
0.195103 0 0.00436047
0.200104 0 0.00437261
0.205105 0 0.00437943
0.210103 0 0.00438198
0.215107 0 0.00437073
0.220117 0 0.00431448
0.225107 0 0.00437786
0.230104 0 0.00437771
0.235103 0 0.00437958
0.240105 0 0.00437375
0.245102 0 0.00437828
0.250106 0 0.00437714
0.255103 0 0.00438188
0.260111 0 0.00437865
0.265102 0 0.00437745
0.270103 0 0.00437172
0.275102 0 0.00438026
0.280105 0 0.00438042
0.285102 0 0.00437786
0.29011 0 0.00437974
0.295102 0 0.00438125
0.300104 0 0.00438062
0.305102 0 0.00437714
0.310103 0 0.0043787
0.315103 0 0.00438125
0.320103 0 0.00438156
0.325149 0 0.00437771
0.33011 0 0.0043801
0.335112 0 0.00436776
0.340118 0 0.00437932
0.345103 0 0.00437662
0.350104 0 0.00437854
0.355103 0 0.0043813
0.360102 0 0.00438214
0.365112 0 0.0043612
0.370107 0 0.00436422
0.375104 0 0.00437146
0.380105 0 0.00437953
0.385104 0 0.00438
0.390103 0 0.00437849
0.395103 0 0.0043787
0.400103 0 0.00437792
0.405104 0 0.00438078
0.410103 0 0.00438172
0.415102 0 0.00437687
0.42011 0 0.00437172
0.425157 0 0.00425151
0.430105 0 0.00437786
0.435103 0 0.00437672
0.440103 0 0.0043775
0.445103 0 0.00438344
0.450105 0 0.00437979
0.455103 0 0.00437818
0.46011 0 0.00437698
0.465102 0 0.00438078
0.470104 0 0.00438151
0.475103 0 0.00438188
0.480103 0 0.00437891
0.485102 0 0.0043812
0.490108 0 0.00438302
0.495102 0 0.00437953
0.500108 0 0.00437682
0.505103 0 0.0043776
0.510103 0 0.00438255
0.515102 0 0.00438115
0.520102 0 0.00437859
0.525102 0 0.00433146
0.53011 0 0.00438089
0.535102 0 0.00438078
0.540108 0 0.00438276
0.545102 0 0.00437964
0.550104 0 0.00438224
0.555102 0 0.0043813
0.560103 0 0.0043824
0.565109 0 0.00433964
0.570108 0 0.00437307
0.575102 0 0.00438083
0.580104 0 0.00438052
0.585102 0 0.00437662
0.590104 0 0.00437552
0.595102 0 0.00438292
0.600104 0 0.00437833
0.605103 0 0.00438026
0.610103 0 0.00437932
0.615102 0 0.00438109
0.620109 0 0.00438234
0.625102 0 0.00438094
0.630149 0 0.00437536
0.635103 0 0.00438073
0.640103 0 0.00438266
0.645102 0 0.00438083
0.650109 0 0.00437901
0.655102 0 0.00437656
0.660103 0 0.00438151
0.665103 0 0.0043813
0.670102 0 0.00437656
0.675103 0 0.00437745
0.680104 0 0.00438255
0.685102 0 0.00438156
0.690108 0 0.00438276
0.695102 0 0.0043799
0.700108 0 0.00438234
0.705102 0 0.00438198
0.710103 0 0.00438146
0.715103 0 0.00437833
0.720103 0 0.00437615
0.725102 0 0.0043812
0.730155 0 0.00438016
0.735102 0 0.00437662
0.740109 0 0.00437823
0.745102 0 0.00438349
0.750102 0 0.00438182
0.755102 0 0.00438172
0.760103 0 0.00437906
0.76511 0 0.00436443
0.770105 0 0.00437505
0.775104 0 0.00438047
0.780104 0 0.00437589
0.785103 0 0.00437745
0.790103 0 0.00435906
0.795103 0 0.00438089
0.800104 0 0.00437604
0.805102 0 0.00437729
0.810104 0 0.00438052
0.815103 0 0.00438052
0.820112 0 0.00438214
0.825103 0 0.00437776
0.830103 0 0.00438026
0.835102 0 0.00438162
0.840104 0 0.00438208
0.845102 0 0.00438005
0.850108 0 0.00437667
0.855103 0 0.00437802
0.86011 0 0.00438276
0.865102 0 0.00437802
0.870103 0 0.0043787
0.875103 0 0.00438151
0.880103 0 0.00438224
0.885103 0 0.00438167
0.890109 0 0.00437912
0.895102 0 0.00438375
0.900108 0 0.00438224
0.905102 0 0.00438156
0.910103 0 0.00437927
0.915102 0 0.00437781
0.920103 0 0.00438266
0.925102 0 0.00438073
0.930108 0 0.00437526
0.935146 0 0.00437359
0.94011 0 0.0043824
0.945103 0 0.00438354
0.950103 0 0.00438198
0.955102 0 0.00437844
0.960103 0 0.00438261
0.965102 0 0.0043538
0.970106 0 0.004375
0.975105 0 0.00437474
0.980103 0 0.00437547
0.985104 0 0.00437927
0.990104 0 0.00437755
0.995102 0 0.00438016
1.0001 0 0.00437594
1.0051 0 0.00437932
1.01011 0 0.00438172
1.0151 0 0.00438125
1.02011 0 0.00437839
1.0251 0 0.00438026
1.0301 0 0.00438188
1.0351 0 0.00438151
1.04015 0 0.00437469
1.0451 0 0.00437953
1.0501 0 0.00438255
1.0551 0 0.00438141
1.06011 0 0.0043787
1.0651 0 0.00437828
1.0701 0 0.00438208
1.0751 0 0.00438182
1.0801 0 0.00438052
1.0851 0 0.00437734
1.09011 0 0.00438234
1.0951 0 0.00438307
1.10011 0 0.00438297
1.1051 0 0.00437766
1.1101 0 0.00438182
1.1151 0 0.00438182
1.1201 0 0.00438115
1.1251 0 0.00437729
1.13011 0 0.00437932
1.1351 0 0.00438099
1.14015 0 0.00438125
1.1451 0 0.00437875
1.1501 0 0.00436172
1.1551 0 0.00437964
1.1601 0 0.00438245
1.1651 0 0.0043812
1.17011 0 0.00436573
1.1751 0 0.00437912
1.18011 0 0.00437797
1.18512 0 0.00419917
1.19012 0 0.00421469
1.19511 0 0.00437224
1.2001 0 0.0043736
1.20511 0 0.00437354
1.21011 0 0.00436953
1.21511 0 0.00435849
1.22011 0 0.00437583
1.22511 0 0.00437167
1.23011 0 0.00437958
1.2351 0 0.00437703
1.2401 0 0.00438099
1.2451 0 0.00438036
1.25011 0 0.00438172
1.2551 0 0.00437557
1.26011 0 0.00437708
1.26511 0 0.00438068
1.2701 0 0.00438235
1.2751 0 0.00437818
1.2801 0 0.00437922
1.2851 0 0.0043812
1.29011 0 0.00437089
1.2951 0 0.00438162
1.30011 0 0.00435854
1.3051 0 0.0043775
1.3101 0 0.00438276
1.31511 0 0.00436917
1.32011 0 0.00437526
1.3251 0 0.00437662
1.33011 0 0.00437844
1.33511 0 0.00436578
1.34012 0 0.00437714
1.34515 0 0.00437375
1.3501 0 0.00437886
1.3551 0 0.00438063
1.3601 0 0.00438318
1.3651 0 0.0043762
1.37012 0 0.00434839
1.37511 0 0.00437568
1.3801 0 0.00437677
1.3851 0 0.00437708
1.3901 0 0.00437651
1.3951 0 0.00438386
1.4001 0 0.00437985
1.4051 0 0.00437708
1.4101 0 0.00437458
1.4151 0 0.00438057
1.4201 0 0.00438151
1.4251 0 0.00438083
1.4301 0 0.0043774
1.4351 0 0.00438177
1.4401 0 0.00438005
1.4451 0 0.00434917
1.45011 0 0.00437193
1.4551 0 0.00437536
1.46011 0 0.00438182
1.4651 0 0.00438167
1.4701 0 0.0043788
1.4751 0 0.0043776
1.4801 0 0.00438052
1.4851 0 0.00438057
1.49011 0 0.00438271
1.4951 0 0.00437948
1.5001 0 0.00437964
1.5051 0 0.00438057
1.5101 0 0.00438193
1.5151 0 0.00437833
1.5201 0 0.0043811
1.5251 0 0.0043799
1.5301 0 0.00438136
1.5351 0 0.0043774
1.54011 0 0.00437896
1.5451 0 0.00438266
1.5501 0 0.00438016
1.5551 0 0.00437542
1.5601 0 0.00437735
1.5651 0 0.00438021
1.57012 0 0.00435875
1.57511 0 0.00437484
1.5801 0 0.0043726
1.5851 0 0.0043774
1.5901 0 0.00437901
1.5951 0 0.00436354
1.6001 0 0.00437438
1.6051 0 0.00437672
1.6101 0 0.00438083
1.6151 0 0.00438167
1.6201 0 0.00437849
1.6251 0 0.00437781
1.6301 0 0.00438063
1.6351 0 0.00438136
1.6401 0 0.00438089
1.6451 0 0.00438026
1.65016 0 0.0042487
1.6551 0 0.00437948
1.66011 0 0.00438229
1.6651 0 0.00437849
1.6701 0 0.00437021
1.6751 0 0.00438151
1.6801 0 0.00438292
1.6851 0 0.00437688
1.69011 0 0.00437839
1.6951 0 0.0043824
1.70011 0 0.00438297
1.7051 0 0.00438182
1.7101 0 0.00437912
1.7151 0 0.00438151
1.7201 0 0.00438182
1.7251 0 0.00438104
1.73011 0 0.0043775
1.7351 0 0.00437776
1.74011 0 0.00438302
1.7451 0 0.00436594
1.7501 0 0.00433391
1.7551 0 0.00437703
1.7601 0 0.00438203
1.7651 0 0.00438162
1.77011 0 0.00436198
1.77511 0 0.00437391
1.7801 0 0.00437474
1.7851 0 0.00438078
1.7901 0 0.00437771
1.7951 0 0.00437948
1.8001 0 0.00437552
1.8051 0 0.00438057
1.8101 0 0.00438037
1.8151 0 0.00437594
1.8201 0 0.00437396
1.8251 0 0.00437974
1.8301 0 0.00438042
1.8351 0 0.00438151
1.8401 0 0.00437891
1.8451 0 0.00438261
1.85012 0 0.00433214
1.85513 0 0.00421818
1.86013 0 0.00437297
1.8651 0 0.00437427
1.8701 0 0.00438083
1.8751 0 0.00438104
1.8801 0 0.0043776
1.8851 0 0.00437839
1.89011 0 0.00437974
1.8951 0 0.00437979
1.90011 0 0.00438177
1.9051 0 0.00437787
1.9101 0 0.00438182
1.9151 0 0.00438172
1.92011 0 0.00437948
1.9251 0 0.00437688
1.93011 0 0.00437682
1.9351 0 0.00437896
1.94011 0 0.00438229
1.9451 0 0.00437985
1.9501 0 0.00437906
1.95516 0 0.00437469
1.9601 0 0.00438229
1.9651 0 0.00436151
1.97012 0 0.00435365
1.97511 0 0.00437662
1.98011 0 0.00437302
1.9851 0 0.0043813
1.9901 0 0.00437386
1.9951 0 0.00438188
2.0001 0 0.00437833
2.0051 0 0.00438057
2.0101 0 0.00437557
2.0151 0 0.00437667
2.0201 0 0.0043813
2.0251 0 0.00438047
2.0301 0 0.00437589
2.0351 0 0.00437672
2.0401 0 0.00438261
2.0451 0 0.00438083
2.0501 0 0.00438078
2.05516 0 0.0043726
2.06011 0 0.00438203
2.0651 0 0.00438073
2.0701 0 0.00438235
2.0751 0 0.00437797
2.0801 0 0.0043776
2.0851 0 0.00438156
2.09011 0 0.00438099
2.0951 0 0.00437927
2.10011 0 0.00437917
2.1051 0 0.00438151
2.1101 0 0.00438276
2.1151 0 0.00438198
2.1201 0 0.00437755
2.1251 0 0.0043813
2.1301 0 0.00438094
2.1351 0 0.0043813
2.14011 0 0.00437839
2.1451 0 0.0043799
2.1501 0 0.00438302
2.1551 0 0.00438172
2.16014 0 0.00437974
2.1651 0 0.0043751
2.17012 0 0.00436354
2.17511 0 0.00437844
2.18011 0 0.0043749
2.18511 0 0.00437604
2.19013 0 0.00414516
2.19516 0 0.0041513
2.20021 0 0.00400453
2.20521 0 0.00400927
2.21019 0 0.00417698
2.21519 0 0.00401985
2.22022 0 0.0038574
2.2252 0 0.00400109
2.23028 0 0.00401276
2.23521 0 0.00401537
2.24019 0 0.00404958
2.24518 0 0.00418307
2.25013 0 0.00419802
2.25514 0 0.00421714
2.26039 0 0.00395307
2.26513 0 0.00412438
2.27016 0 0.00419162
2.27513 0 0.00419625
2.28013 0 0.0042013
2.28514 0 0.0042075
2.29013 0 0.00419807
2.29512 0 0.00419198
2.30012 0 0.00420245
2.30512 0 0.00422245
2.31012 0 0.00422396
2.31512 0 0.00421865
2.32012 0 0.00421323
2.32513 0 0.00421266
2.33012 0 0.0042062
2.33513 0 0.00420521
2.34013 0 0.00419745
2.34512 0 0.00435068
2.35012 0 0.00421375
2.35512 0 0.00422219
2.36013 0 0.00421198
2.36511 0 0.00435943
2.37011 0 0.0042276
2.37511 0 0.00424521
2.38011 0 0.00423125
2.38511 0 0.00437203
2.39011 0 0.00436708
2.3951 0 0.00438214
2.40011 0 0.00436224
2.40511 0 0.00424401
2.4101 0 0.00437969
2.41511 0 0.00424
2.42012 0 0.00421797
2.42511 0 0.00436219
2.4301 0 0.00436162
2.43512 0 0.00421662
2.44012 0 0.00422448
2.44511 0 0.0043576
2.45012 0 0.00422959
2.45511 0 0.00437313
2.4601 0 0.00437438
2.46511 0 0.00436927
2.47011 0 0.00436255
2.47511 0 0.00436922
2.48013 0 0.00423943
2.4851 0 0.00439552
2.49011 0 0.00441078
2.49509 0 0.00441823
2.50009 0 0.00441875
2.50509 0 0.00441776
2.51009 0 0.00441724
2.51508 0 0.00442063
2.52009 0 0.00441526
2.52509 0 0.00441995
2.53009 0 0.00441771
2.53508 0 0.0044212
2.54009 0 0.00442042
2.54508 0 0.00442156
2.55009 0 0.00441203
2.55509 0 0.00440125
2.56009 0 0.00441709
2.56509 0 0.00442073
2.5701 0 0.00438412
2.57509 0 0.00441167
2.58009 0 0.00441234
2.58509 0 0.00442057
2.59009 0 0.00441781
2.59509 0 0.00441026
2.60009 0 0.00441099
2.60509 0 0.00441776
2.61009 0 0.00441797
2.61509 0 0.00441833
2.62009 0 0.00441787
2.62509 0 0.00441979
2.63009 0 0.00441526
2.63508 0 0.00441901
2.64009 0 0.00441656
2.64508 0 0.00442141
2.65009 0 0.00442042
2.65509 0 0.00442063
2.66009 0 0.00441891
2.66509 0 0.00442162
2.67009 0 0.00442094
2.67509 0 0.0044225
2.68008 0 0.00441682
2.68508 0 0.0044187
2.69009 0 0.00442037
2.69508 0 0.00442167
2.70009 0 0.00441938
2.70508 0 0.00441724
2.71009 0 0.00442021
2.71508 0 0.00442136
2.72008 0 0.00441985
2.72508 0 0.00441875
2.73009 0 0.00442115
2.73508 0 0.00442125
2.74009 0 0.00442089
2.74508 0 0.00441886
2.75009 0 0.00441849
2.75508 0 0.00442125
2.76009 0 0.00441854
2.76509 0 0.00441849
2.77009 0 0.00441709
2.7751 0 0.00439849
2.78009 0 0.00441198
2.78509 0 0.00441979
2.79009 0 0.00441615
2.79508 0 0.00442068
2.80009 0 0.00441792
2.80509 0 0.00442063
2.81009 0 0.00441573
2.81509 0 0.00442073
2.82009 0 0.00441943
2.82508 0 0.00442094
2.83009 0 0.00441672
2.83508 0 0.00441948
2.84008 0 0.00442068
2.84508 0 0.00442162
2.85009 0 0.00440693
2.85508 0 0.00441781
2.86009 0 0.00442068
2.86508 0 0.00442162
2.87009 0 0.00441932
2.87509 0 0.00441896
2.88009 0 0.00442115
2.88508 0 0.00442156
2.89009 0 0.00441729
2.89509 0 0.00441839
2.90009 0 0.00441792
2.90508 0 0.00442083
2.91009 0 0.00440927
2.91508 0 0.00441828
2.92009 0 0.00441844
2.92509 0 0.00442115
2.93009 0 0.00441771
2.93509 0 0.00442182
2.94009 0 0.00441854
2.94508 0 0.00442125
2.95008 0 0.00442031
2.95508 0 0.00442167
2.96009 0 0.00441807
2.96508 0 0.00441901
2.97009 0 0.00441886
2.97509 0 0.00440261
2.98009 0 0.00440927
2.98509 0 0.00441802
2.99009 0 0.00441526
2.99509 0 0.00442136
3.00009 0 0.00441755
3.00509 0 0.00441839
3.01009 0 0.00441709
3.01508 0 0.0044199
3.02009 0 0.00442068
3.02508 0 0.00441854
3.03009 0 0.00441761
3.03508 0 0.00442156
3.04009 0 0.00441985
3.04508 0 0.00441844
3.05009 0 0.00441724
3.05509 0 0.00442073
3.06009 0 0.00442115
3.06508 0 0.00441964
3.0702 0 0.00428849
3.0751 0 0.00437333
3.0801 0 0.00438073
3.0851 0 0.00437969
3.09011 0 0.00437917
3.0951 0 0.00437927
3.10011 0 0.00438313
3.1051 0 0.00438162
3.1101 0 0.0043775
3.1151 0 0.00437807
3.1201 0 0.00438182
3.1251 0 0.0043812
3.13011 0 0.00438219
3.1351 0 0.00437531
3.14011 0 0.00438255
3.1451 0 0.00438323
3.1501 0 0.00438037
3.1551 0 0.00437771
3.1601 0 0.00437922
3.1651 0 0.00438214
3.17015 0 0.00438073
3.17511 0 0.00435662
3.18011 0 0.00437287
3.1851 0 0.00437927
3.1901 0 0.00437823
3.1951 0 0.00438266
3.20011 0 0.00437682
3.2051 0 0.00435985
3.2101 0 0.00437636
3.2151 0 0.0043799
3.22011 0 0.00436578
3.2251 0 0.00437464
3.2301 0 0.00438094
3.2351 0 0.00438193
3.2401 0 0.0043775
3.2451 0 0.00437912
3.25011 0 0.00438302
3.2551 0 0.00438162
3.26011 0 0.00438078
3.2651 0 0.00437828
3.2701 0 0.00438354
3.27515 0 0.00437615
3.2801 0 0.00438073
3.2851 0 0.00437573
3.2901 0 0.00437495
3.2951 0 0.00438167
3.3001 0 0.00438229
3.3051 0 0.0043762
3.3101 0 0.00437672
3.3151 0 0.00438104
3.3201 0 0.00438292
3.3251 0 0.00437792
3.33011 0 0.00438011
3.33511 0 0.00436912
3.34012 0 0.00437839
3.3451 0 0.00438214
3.3501 0 0.00437729
3.3551 0 0.00435667
3.3601 0 0.00438193
3.3651 0 0.00438031
3.37011 0 0.004365
3.37517 0 0.00422625
3.38011 0 0.0043749
3.3851 0 0.00438037
3.39011 0 0.00437505
3.3951 0 0.00437943
3.40011 0 0.00437875
3.4051 0 0.00438136
3.4101 0 0.00437844
3.4151 0 0.00437469
3.4201 0 0.00438177
3.4251 0 0.00438156
3.4301 0 0.00437459
3.4351 0 0.00437828
3.4401 0 0.00437828
3.4451 0 0.00438359
3.45011 0 0.00438011
3.4551 0 0.00437839
3.46011 0 0.00437959
3.4651 0 0.00438208
3.4701 0 0.00438302
3.4751 0 0.00438172
3.4801 0 0.00437854
3.4851 0 0.00438078
3.49011 0 0.00437995
3.4951 0 0.00438292
3.50011 0 0.00437959
3.5051 0 0.00435959
3.5101 0 0.00438193
3.5151 0 0.00438198
3.5201 0 0.00437938
3.5251 0 0.00437521
3.53011 0 0.00438261
3.5351 0 0.00438094
3.54011 0 0.00438229
3.5451 0 0.0043799
3.5501 0 0.00438334
3.5551 0 0.00438136
3.5601 0 0.00438219
3.5651 0 0.00437865
3.57011 0 0.0043799
3.57511 0 0.0043588
3.58011 0 0.00437526
3.5851 0 0.00437198
3.5901 0 0.00437755
3.5951 0 0.00438245
3.6001 0 0.00438021
3.6051 0 0.00438047
3.6101 0 0.00437578
3.61511 0 0.00437573
3.6201 0 0.00437818
3.6251 0 0.00438162
3.63011 0 0.00437297
3.6351 0 0.00437761
3.6401 0 0.00438094
3.6451 0 0.00438151
3.6501 0 0.00437433
3.6551 0 0.00437703
3.6601 0 0.00438089
3.6651 0 0.00438141
3.6701 0 0.00438005
3.6751 0 0.0043775
3.6801 0 0.00438203
3.6851 0 0.00438063
3.69011 0 0.00433563
3.69511 0 0.00436943
3.70012 0 0.00437599
3.7051 0 0.00438037
3.7101 0 0.00438037
3.7151 0 0.004375
3.7201 0 0.00437922
3.7251 0 0.00437839
3.73011 0 0.00437953
3.7351 0 0.00438026
3.74011 0 0.00437917
3.7451 0 0.00438266
3.7501 0 0.00438308
3.7551 0 0.00438188
3.7601 0 0.00437959
3.7651 0 0.00438078
3.77011 0 0.00438203
3.77511 0 0.0043574
3.78011 0 0.00436271
3.7851 0 0.00437542
3.79011 0 0.00437781
3.7951 0 0.00438396
3.8001 0 0.00437406
3.8051 0 0.00437724
3.81011 0 0.00437797
3.8151 0 0.00438094
3.8201 0 0.00438281
3.8251 0 0.00437776
3.8301 0 0.00438099
3.8351 0 0.00438172
3.8401 0 0.00438261
3.8451 0 0.00438042
3.85012 0 0.00418531
3.85513 0 0.0042212
3.86013 0 0.00437802
3.8651 0 0.00437479
3.8701 0 0.00436854
3.8751 0 0.00438052
3.88017 0 0.00424412
3.8851 0 0.00437662
3.89011 0 0.00437896
3.8951 0 0.00438297
3.90011 0 0.00438365
3.9051 0 0.0043813
3.9101 0 0.00437875
3.9151 0 0.00437792
3.9201 0 0.00437818
3.9251 0 0.00438104
3.93011 0 0.0043787
3.9351 0 0.00437724
3.94011 0 0.00438255
3.94512 0 0.00435214
3.95012 0 0.00437177
3.95511 0 0.0043712
3.9601 0 0.00437818
3.9651 0 0.00437995
3.97011 0 0.00438214
3.97512 0 0.00435037
3.98018 0 0.00423573
3.98511 0 0.00437964
3.99011 0 0.00437667
3.9951 0 0.00437979
4.00011 0 0.00437281
4.0051 0 0.00438031
4.0101 0 0.00437974
4.0151 0 0.00438052
4.02011 0 0.00436823
4.0251 0 0.00438021
4.0301 0 0.00438005
4.0351 0 0.00438094
4.0401 0 0.00437755
4.0451 0 0.00437964
4.0501 0 0.00438245
4.0551 0 0.00438193
4.06011 0 0.00437854
4.0651 0 0.00437818
4.0701 0 0.00438172
4.0751 0 0.00438151
4.08011 0 0.00437339
4.08511 0 0.00437505
4.09011 0 0.00438208
4.0951 0 0.00438047
4.10011 0 0.00437953
4.1051 0 0.00437781
4.1101 0 0.00437839
4.1151 0 0.00438208
4.1201 0 0.00438308
4.1251 0 0.00437844
4.13011 0 0.0043799
4.1351 0 0.00438193
4.14011 0 0.00438193
4.1451 0 0.00438302
4.1501 0 0.00437844
4.1551 0 0.00438115
4.1601 0 0.00437969
4.1651 0 0.0043738
4.17011 0 0.00437797
4.17511 0 0.00435729
4.18012 0 0.00437188
4.18516 0 0.00424787
4.19011 0 0.00437391
4.1951 0 0.0043786
4.2001 0 0.00437932
4.2051 0 0.00438136
4.2101 0 0.00437943
4.2151 0 0.00437719
4.22011 0 0.00436573
4.22511 0 0.00437667
4.23011 0 0.00437813
4.2351 0 0.00437573
4.2401 0 0.00435615
4.2451 0 0.00438208
4.25011 0 0.00438266
4.2551 0 0.00437761
4.26011 0 0.00437823
4.2651 0 0.00438162
4.2701 0 0.00438297
4.2751 0 0.00437787
4.2801 0 0.00438011
4.2851 0 0.00438146
4.2901 0 0.0043824
4.2951 0 0.0043836
4.3001 0 0.00437688
4.3051 0 0.00438162
4.3101 0 0.0043825
4.3151 0 0.0043812
4.3201 0 0.00437636
4.3251 0 0.00437787
4.33011 0 0.00438302
4.3351 0 0.00435505
4.34012 0 0.00437505
4.3451 0 0.00437854
4.3501 0 0.00438162
4.3551 0 0.00438193
4.3601 0 0.00438448
4.3651 0 0.00437563
4.37011 0 0.00438266
4.37511 0 0.00435943
4.38011 0 0.00437417
4.38511 0 0.00437281
4.39016 0 0.00436589
4.3951 0 0.00438198
4.4001 0 0.00437745
4.4051 0 0.00437662
4.41011 0 0.00437313
4.4151 0 0.0043786
4.4201 0 0.00438156
4.4251 0 0.0043811
4.4301 0 0.00437854
4.4351 0 0.00438141
4.44011 0 0.00437964
4.4451 0 0.00438198
4.45011 0 0.00437667
4.4551 0 0.00437771
4.46011 0 0.00438302
4.4651 0 0.00437573
4.4701 0 0.00437834
4.4751 0 0.00437761
4.4801 0 0.00438151
4.4851 0 0.00438141
4.49016 0 0.00438047
4.4951 0 0.0043799
4.50011 0 0.00438203
4.5051 0 0.00438167
4.5101 0 0.00438328
4.5151 0 0.00437792
4.5201 0 0.00437891
4.5251 0 0.00438115
4.53011 0 0.00438136
4.5351 0 0.00437729
4.54011 0 0.0043625
4.5451 0 0.00438151
4.5501 0 0.00438235
4.5551 0 0.00438162
4.5601 0 0.00437865
4.5651 0 0.00438208
4.57011 0 0.00438245
4.57511 0 0.00436276
4.58011 0 0.00437235
4.58511 0 0.00437651
4.5901 0 0.00437917
4.59515 0 0.00438094
4.6001 0 0.00437406
4.6051 0 0.00437573
4.6101 0 0.00438016
4.6151 0 0.00437365
4.6201 0 0.00438078
4.6251 0 0.00437651
4.6301 0 0.00438052
4.6351 0 0.00438203
4.6401 0 0.0043824
4.6451 0 0.00437964
4.6501 0 0.0043812
4.6551 0 0.00438125
4.66011 0 0.00438193
4.6651 0 0.0043775
4.6701 0 0.00437745
4.6751 0 0.00438151
4.6801 0 0.00438323
4.6851 0 0.00437792
4.69011 0 0.00437438
4.6951 0 0.0043825
4.70015 0 0.00438037
4.7051 0 0.00438099
4.7101 0 0.00437839
4.7151 0 0.00437854
4.7201 0 0.0043825
4.7251 0 0.00438162
4.73011 0 0.00437844
4.7351 0 0.00437646
4.74011 0 0.00438208
4.7451 0 0.00438308
4.7501 0 0.0043787
4.7551 0 0.00437813
4.7601 0 0.00438349
4.7651 0 0.00437953
4.77011 0 0.00438224
4.7751 0 0.00435261
4.78011 0 0.00437021
4.7851 0 0.00437995
4.79011 0 0.00437719
4.7951 0 0.00437922
4.8001 0 0.00432807
4.8051 0 0.00438052
4.8101 0 0.00437969
4.8151 0 0.00437735
4.8201 0 0.00437787
4.8251 0 0.00438115
4.8301 0 0.00438214
4.8351 0 0.00438115
4.8401 0 0.00436839
4.8451 0 0.00438151
4.85011 0 0.00438229
4.8551 0 0.00438136
4.8601 0 0.0043788
4.8651 0 0.00437563
4.8701 0 0.00438172
4.8751 0 0.00438068
4.8801 0 0.00437771
4.8851 0 0.0043774
4.89011 0 0.00438245
4.8951 0 0.00438313
4.90011 0 0.0043825
4.90514 0 0.00437453
4.9101 0 0.00438229
4.9151 0 0.00437729
4.9201 0 0.00438089
4.9251 0 0.00437604
4.93011 0 0.00437943
4.9351 0 0.00438115
4.94011 0 0.00438115
4.9451 0 0.00437932
4.9501 0 0.00437766
4.9551 0 0.0043811
4.9601 0 0.00438188
4.9651 0 0.00438136
4.9701 0 0.00437584
4.9751 0 0.00437776
4.98011 0 0.00436563
4.98511 0 0.00437943
4.9901 0 0.004375
4.9951 0 0.00437875
5.00011 0 0.00438058
5.00515 0 0.00437698
5.0101 0 0.00437656
5.0151 0 0.0043774
5.0201 0 0.00438141
5.0251 0 0.00438016
5.0301 0 0.00437995
5.0351 0 0.00437755
5.0401 0 0.00438063
5.0451 0 0.00438287
5.0501 0 0.0043749
5.0551 0 0.00437735
5.06011 0 0.00437792
5.0651 0 0.00438115
5.0701 0 0.00438302
5.0751 0 0.00437745
5.0801 0 0.00437755
5.0851 0 0.00438115
5.0901 0 0.00437834
5.0951 0 0.00438276
5.10011 0 0.0043788
5.1051 0 0.00438089
5.11014 0 0.00437932
5.1151 0 0.00438011
