7.81e-07 0 0.0493687
0.0501945 0 0.0492442
0.100109 0 0.0493771
0.15022 0 0.0492454
0.200118 0 0.0493331
0.250173 0 0.0492339
0.300118 0 0.0493597
0.350125 0 0.0493377
0.400119 0 0.0493484
0.450118 0 0.0493527
0.500127 0 0.04935
0.550115 0 0.0493593
0.600115 0 0.0493476
0.650118 0 0.0493582
0.700168 0 0.0492336
0.750112 0 0.0493565
0.800115 0 0.0493497
0.850119 0 0.0493606
0.900146 0 0.0491978
0.950127 0 0.0493527
1.00012 0 0.0493488
1.05012 0 0.0493539
1.10013 0 0.0491945
1.1502 0 0.0492282
1.20012 0 0.0493461
1.25012 0 0.0493004
1.30012 0 0.0493608
1.35011 0 0.0493563
1.40011 0 0.0493468
1.45011 0 0.0493606
1.50012 0 0.0493516
1.55011 0 0.0493585
1.60012 0 0.0493497
1.65012 0 0.0493633
1.70016 0 0.0493597
1.75011 0 0.049362
1.80011 0 0.0493485
1.85012 0 0.0493635
1.90011 0 0.0493152
1.95011 0 0.0493672
2.00011 0 0.0493586
2.05012 0 0.0493608
2.10011 0 0.0493644
2.15015 0 0.0493582
2.20011 0 0.049352
2.25017 0 0.0492317
2.30011 0 0.0493644
2.35011 0 0.0493457
2.40011 0 0.0493525
2.45011 0 0.0493594
2.50011 0 0.0493443
2.55011 0 0.0493529
2.60011 0 0.0493524
2.65012 0 0.049359
2.70017 0 0.0493607
2.75011 0 0.0493571
2.80011 0 0.0493504
2.85012 0 0.0493591
2.90011 0 0.0493647
2.95011 0 0.0493557
3.00011 0 0.0493526
3.05017 0 0.0492278
3.10012 0 0.049363
3.15011 0 0.0493605
3.20011 0 0.0493524
3.25012 0 0.0493544
3.30011 0 0.0493616
3.35012 0 0.0493313
3.40012 0 0.0493477
3.45014 0 0.0491549
3.50013 0 0.0493459
3.55013 0 0.0492102
3.60012 0 0.0493354
3.65013 0 0.0493426
3.70019 0 0.0492268
3.75012 0 0.0493539
3.80012 0 0.0492888
3.85015 0 0.0491996
3.90013 0 0.0493535
3.95014 0 0.0491978
4.00013 0 0.0492112
4.05013 0 0.0493527
4.10014 0 0.0493502
4.15012 0 0.0493534
4.20012 0 0.0493488
4.25012 0 0.0493406
4.30012 0 0.0493523
4.35018 0 0.0492276
4.40012 0 0.0493429
4.45017 0 0.0492267
4.50014 0 0.0480871
4.55012 0 0.0493522
4.60012 0 0.0492166
4.65012 0 0.0493551
4.70012 0 0.049358
4.75011 0 0.0493169
4.80012 0 0.0493494
4.85012 0 0.0493551
4.90012 0 0.0493552
4.95011 0 0.0493651
5.00012 0 0.0493474
5.05012 0 0.0493581
5.10012 0 0.0493563
5.15011 0 0.0493652
5.20015 0 0.0490179
5.25015 0 0.0491805
5.30015 0 0.0491846
5.35014 0 0.04919
5.40013 0 0.0492037
5.45013 0 0.049208
5.50013 0 0.0492296
5.5501 0 0.0493921
5.6001 0 0.049385
5.6501 0 0.0493993
5.70009 0 0.0494015
5.75009 0 0.0494067
5.80009 0 0.0493946
5.8501 0 0.049398
5.90012 0 0.0493572
5.9501 0 0.0493918
6.00009 0 0.0493892
6.0501 0 0.0494056
6.10013 0 0.049199
6.15012 0 0.0493546
6.20012 0 0.0493481
6.25012 0 0.0493525
6.30017 0 0.0492297
6.35012 0 0.0493552
6.40011 0 0.0493511
6.45011 0 0.0493544
6.50012 0 0.0493497
6.55017 0 0.0492372
6.60012 0 0.0493449
6.65017 0 0.0492368
6.70011 0 0.0493594
6.75011 0 0.0493601
6.80012 0 0.0493469
6.85012 0 0.0493627
6.90011 0 0.0493631
6.95011 0 0.0493603
7.00011 0 0.0493507
7.05011 0 0.0493618
7.10016 0 0.0493578
7.15011 0 0.0493656
7.20011 0 0.0493578
7.25012 0 0.0493561
7.30011 0 0.0493667
7.35011 0 0.0493645
7.40011 0 0.0493513
7.45017 0 0.049227
7.50012 0 0.0493536
7.55012 0 0.0493078
7.60012 0 0.0493486
7.65012 0 0.0493647
7.70011 0 0.0493612
7.75011 0 0.0493614
7.80012 0 0.0493524
7.85012 0 0.049362
7.90017 0 0.0493567
7.95011 0 0.0493652
8.00011 0 0.0493559
8.05011 0 0.0493598
8.10011 0 0.0493663
8.15015 0 0.0493671
8.20011 0 0.0493536
8.25016 0 0.0492293
8.30012 0 0.0493653
8.35011 0 0.0493528
8.40011 0 0.049356
8.45011 0 0.0493636
8.50012 0 0.0493482
8.55014 0 0.0492032
8.60012 0 0.0493409
8.65012 0 0.0493534
8.70018 0 0.0492226
8.75012 0 0.0493635
8.80012 0 0.0493466
8.85012 0 0.0493587
8.90012 0 0.0493652
8.95015 0 0.049201
9.00012 0 0.0493368
9.05012 0 0.0493526
9.10012 0 0.0493553
9.15011 0 0.0493592
9.20012 0 0.0493524
9.25017 0 0.049234
9.30011 0 0.049354
9.35012 0 0.0493503
9.40012 0 0.0493518
9.45012 0 0.0493039
9.50013 0 0.0493481
9.55012 0 0.049361
9.60012 0 0.0493525
9.65012 0 0.0493554
9.70017 0 0.0493608
9.75011 0 0.0493656
9.80011 0 0.0493039
9.85012 0 0.049359
9.90011 0 0.0493638
9.95015 0 0.0493568
10.0001 0 0.0493501
10.0502 0 0.0493607
10.1001 0 0.0493621
10.1501 0 0.049365
10.2001 0 0.0493602
10.2501 0 0.0493108
10.3001 0 0.0493633
10.3501 0 0.0493539
10.4001 0 0.0493528
10.4501 0 0.0493613
10.5001 0 0.0493525
10.5501 0 0.0493619
10.6001 0 0.049348
10.6501 0 0.0493646
10.7002 0 0.0493605
10.7501 0 0.0493596
10.8001 0 0.0493552
10.8501 0 0.0493628
10.9001 0 0.049201
10.9502 0 0.0492326
11.0001 0 0.0493481
11.0501 0 0.0493
11.1001 0 0.0492054
11.1501 0 0.0493436
11.2002 0 0.0490191
11.2502 0 0.0490012
11.3002 0 0.0491906
11.3501 0 0.0491712
11.4001 0 0.0492238
11.4501 0 0.049205
11.5001 0 0.0492274
11.5501 0 0.0493953
11.6001 0 0.0493875
11.6501 0 0.0494048
11.7001 0 0.049401
11.7501 0 0.0494055
11.8001 0 0.0493959
11.8502 0 0.0493975
11.9001 0 0.0494051
11.9501 0 0.0494056
12.0001 0 0.049394
12.0501 0 0.0494045
12.1002 0 0.0492617
12.1501 0 0.0493471
12.2002 0 0.0492195
12.2501 0 0.0493607
12.3002 0 0.0493602
12.3501 0 0.049356
12.4001 0 0.0493496
12.4501 0 0.0493563
12.5001 0 0.0493492
12.5502 0 0.0493541
12.6001 0 0.0493435
12.6502 0 0.0492252
12.7001 0 0.0493354
12.7501 0 0.0493571
12.8001 0 0.0493442
12.8501 0 0.049361
12.9002 0 0.0492192
12.9501 0 0.0493539
13.0001 0 0.0493433
13.0501 0 0.0493551
13.1001 0 0.0493525
13.1502 0 0.0493553
13.2001 0 0.049347
13.2502 0 0.0492222
13.3001 0 0.0493556
13.3501 0 0.049348
13.4001 0 0.0493391
13.4501 0 0.0493526
13.5001 0 0.0493378
13.5501 0 0.0491954
13.6001 0 0.049327
13.6501 0 0.0493469
13.7002 0 0.0492182
13.7501 0 0.0493488
13.8001 0 0.0493434
13.8501 0 0.0493485
13.9001 0 0.0493507
13.9501 0 0.0491897
14.0001 0 0.0492127
14.0501 0 0.0493424
14.1001 0 0.0493437
14.1502 0 0.0492431
14.2001 0 0.0493446
14.2502 0 0.049227
14.3001 0 0.0493458
14.3501 0 0.0492949
14.4001 0 0.0493527
14.4501 0 0.0493608
14.5001 0 0.0493475
14.5501 0 0.0493574
14.6001 0 0.0493522
14.6501 0 0.0493603
14.7001 0 0.0493572
14.7501 0 0.0493635
14.8001 0 0.0493492
14.8501 0 0.0493613
14.9002 0 0.0492377
14.9501 0 0.0493644
15.0001 0 0.0493021
15.0501 0 0.0493601
15.1001 0 0.0493608
15.1501 0 0.049359
15.2001 0 0.0493587
15.2501 0 0.0493612
15.3001 0 0.0493574
15.3501 0 0.0493554
15.4001 0 0.049355
15.4501 0 0.0493547
15.5001 0 0.0493498
15.5501 0 0.0493558
15.6001 0 0.0493508
15.6501 0 0.049357
15.7001 0 0.0493643
15.7501 0 0.0493634
15.8001 0 0.0493483
15.8501 0 0.0493589
15.9001 0 0.0492
15.9501 0 0.0493513
16.0001 0 0.0493455
16.0501 0 0.0493573
16.1001 0 0.0491954
16.1501 0 0.0493513
16.2001 0 0.0493384
16.2502 0 0.0492189
16.3001 0 0.0493614
16.3501 0 0.0493508
16.4001 0 0.0493542
16.4501 0 0.0493468
16.5001 0 0.0493435
16.5501 0 0.0493608
16.6001 0 0.0493545
16.6501 0 0.049352
16.7001 0 0.0493603
16.7501 0 0.0493613
16.8001 0 0.0493643
16.8501 0 0.0493526
16.9002 0 0.049357
16.9501 0 0.0493626
17.0001 0 0.0493643
17.0501 0 0.0493525
17.1001 0 0.0493623
17.1502 0 0.0493628
17.2002 0 0.0490029
17.2502 0 0.0490343
17.3001 0 0.049186
17.3501 0 0.049134
17.4001 0 0.0491939
17.4501 0 0.0492005
17.5001 0 0.0492364
17.5501 0 0.0493944
17.6001 0 0.0494006
17.6501 0 0.0493892
17.7001 0 0.0493976
17.7501 0 0.0494066
17.8001 0 0.0493932
17.8501 0 0.0493877
17.9001 0 0.0493919
17.9501 0 0.0494025
18.0001 0 0.0494024
18.0501 0 0.0493966
18.1001 0 0.0493602
18.1501 0 0.0493612
18.2002 0 0.0493637
18.2501 0 0.0493505
18.3002 0 0.0492281
18.3501 0 0.0493484
18.4001 0 0.0493591
18.4501 0 0.0493498
18.5001 0 0.0493413
18.5501 0 0.0492008
18.6001 0 0.0493529
18.6501 0 0.0493427
18.7001 0 0.0493489
18.7501 0 0.0493601
18.8001 0 0.0493613
18.8501 0 0.0493507
18.9001 0 0.0493596
18.9502 0 0.0479446
19.0001 0 0.0493587
19.0501 0 0.0493437
19.1001 0 0.0493481
19.1501 0 0.0493608
19.2002 0 0.0493583
19.2501 0 0.0493475
19.3002 0 0.0492288
19.3501 0 0.0493557
19.4002 0 0.0493604
19.4501 0 0.0493494
19.5002 0 0.0492251
19.5501 0 0.0493611
19.6001 0 0.049359
19.6501 0 0.0493512
19.7001 0 0.0493608
19.7501 0 0.0493603
19.8001 0 0.0493663
19.8501 0 0.0493519
19.9001 0 0.0493609
19.9501 0 0.049364
20.0001 0 0.0493645
20.0501 0 0.0493519
20.1001 0 0.0493608
20.1501 0 0.0493664
20.2001 0 0.0493635
20.2501 0 0.0493532
20.3001 0 0.0493657
20.3501 0 0.0493529
20.4001 0 0.0493554
20.4501 0 0.0493556
20.5001 0 0.0493465
20.5501 0 0.0493581
20.6001 0 0.0493603
20.6502 0 0.0492267
20.7001 0 0.0493565
20.7501 0 0.0493649
20.8001 0 0.0493662
20.8501 0 0.0493476
20.9002 0 0.0492007
20.9501 0 0.0493581
21.0002 0 0.049225
21.0501 0 0.0493487
21.1002 0 0.049048
21.1501 0 0.049353
21.2001 0 0.0493581
21.2501 0 0.0493432
21.3001 0 0.0493547
21.3501 0 0.0493527
21.4001 0 0.0493626
21.4501 0 0.049352
21.5001 0 0.0493405
21.5501 0 0.0493512
21.6001 0 0.0493629
21.6501 0 0.0493495
21.7001 0 0.0493609
21.7502 0 0.0493617
21.8001 0 0.0493622
21.8501 0 0.0493581
21.9001 0 0.0493588
21.9501 0 0.0493633
22.0002 0 0.0493652
22.0501 0 0.0493555
22.1002 0 0.0493594
22.1501 0 0.0493653
22.2001 0 0.0493653
22.2501 0 0.0493472
22.3001 0 0.049353
22.3501 0 0.0493607
22.4001 0 0.0493605
22.4501 0 0.0493528
22.5001 0 0.0493525
22.5502 0 0.049226
22.6001 0 0.0493551
22.6501 0 0.0493518
22.7001 0 0.0493476
22.7501 0 0.0493613
22.8002 0 0.0493642
22.8501 0 0.0493551
22.9002 0 0.0493482
22.9501 0 0.0493651
23.0001 0 0.0493687
23.0501 0 0.0493526
23.1001 0 0.0493646
23.1502 0 0.0493639
23.2001 0 0.0491602
23.2502 0 0.048853
23.3002 0 0.0491729
23.3501 0 0.0492056
23.4001 0 0.049202
23.4501 0 0.0492043
23.5001 0 0.0493606
23.5501 0 0.0493765
23.6001 0 0.0493942
23.6501 0 0.0493847
23.7001 0 0.0493922
23.7501 0 0.0494001
23.8001 0 0.0494072
23.8501 0 0.0493907
23.9001 0 0.0494047
23.9501 0 0.0493591
24.0003 0 0.0491208
24.0501 0 0.0493588
24.1001 0 0.0493712
24.1501 0 0.0493525
24.2001 0 0.0493637
24.2501 0 0.0493451
24.3001 0 0.0493528
24.3501 0 0.0493489
24.4001 0 0.0493625
24.4501 0 0.0493527
24.5001 0 0.0493567
24.5501 0 0.0493568
24.6001 0 0.0493617
24.6501 0 0.0493467
24.7001 0 0.0493565
24.7502 0 0.049361
24.8001 0 0.0493623
24.8501 0 0.0493503
24.9001 0 0.049359
24.9501 0 0.0493616
25.0001 0 0.0493659
25.0501 0 0.0493569
25.1001 0 0.0493539
25.1501 0 0.049366
25.2001 0 0.0493662
25.2501 0 0.0493563
25.3002 0 0.0493616
25.3501 0 0.0493625
25.4002 0 0.0493634
25.4501 0 0.0493524
25.5002 0 0.0492343
25.5501 0 0.0493501
25.6001 0 0.0493078
25.6501 0 0.0493533
25.7001 0 0.0493588
25.7502 0 0.0493591
25.8001 0 0.049364
25.8501 0 0.0493515
25.9001 0 0.049198
25.9501 0 0.0493534
26.0002 0 0.0492343
26.0501 0 0.0493452
26.1002 0 0.0490428
26.1501 0 0.0493575
26.2001 0 0.0493579
26.2501 0 0.0493403
26.3001 0 0.0493533
26.3501 0 0.0493555
26.4001 0 0.0493535
26.4501 0 0.0493489
26.5001 0 0.0493605
26.5501 0 0.049345
26.6001 0 0.0493589
26.6501 0 0.0493511
26.7001 0 0.0493571
26.7502 0 0.0493602
26.8001 0 0.0493621
26.8501 0 0.0492993
26.9001 0 0.049359
26.9501 0 0.0493646
27.0001 0 0.0493614
27.0501 0 0.0493539
27.1002 0 0.0493603
27.1501 0 0.0493592
27.2002 0 0.0493565
27.2501 0 0.0493519
27.3002 0 0.0493624
27.3501 0 0.0493611
27.4001 0 0.049361
27.4501 0 0.0493565
27.5001 0 0.0493112
27.5501 0 0.049355
27.6001 0 0.0493627
27.6501 0 0.0493527
27.7001 0 0.0493603
27.7502 0 0.0493607
27.8001 0 0.0493631
27.8502 0 0.0492257
27.9001 0 0.0493634
27.9501 0 0.0493611
28.0001 0 0.0493477
28.0501 0 0.0493449
28.1001 0 0.0493521
28.1501 0 0.0493592
28.2001 0 0.0493655
28.2501 0 0.0493462
28.3002 0 0.0492284
28.3501 0 0.049357
28.4001 0 0.0493709
28.4501 0 0.0493494
28.5001 0 0.0493628
28.5501 0 0.049204
28.6001 0 0.0493519
28.6501 0 0.0493431
28.7001 0 0.0493495
28.7501 0 0.0493509
28.8001 0 0.0493605
28.8502 0 0.0492266
28.9001 0 0.0493564
28.9502 0 0.0493626
29.0001 0 0.0492053
29.0502 0 0.049218
29.1001 0 0.0493568
29.1501 0 0.0493629
29.2002 0 0.049139
29.2502 0 0.0491818
29.3002 0 0.0491992
29.3501 0 0.049192
29.4001 0 0.0491999
29.4501 0 0.0492041
29.5001 0 0.0492345
29.5501 0 0.0493876
29.6001 0 0.0494008
29.6501 0 0.0493899
29.7001 0 0.0494004
29.7501 0 0.0494059
29.8001 0 0.0494056
29.8501 0 0.0493885
29.9001 0 0.0493957
29.9501 0 0.0494034
30.0001 0 0.0494036
30.0501 0 0.0493926
30.1001 0 0.0493553
30.1501 0 0.0493602
30.2002 0 0.0493627
30.2501 0 0.049345
30.3002 0 0.0492365
30.3501 0 0.0493527
30.4001 0 0.0493617
30.4501 0 0.049353
30.5001 0 0.0493563
30.5502 0 0.0492252
30.6001 0 0.0493442
30.6502 0 0.0492129
30.7001 0 0.0493569
30.7501 0 0.0493604
30.8001 0 0.0493602
30.8501 0 0.0493548
30.9001 0 0.0493482
30.9501 0 0.0491956
31.0002 0 0.0492261
31.0501 0 0.0493499
31.1002 0 0.0490447
31.1501 0 0.0493456
31.2001 0 0.04936
31.2501 0 0.0493445
31.3001 0 0.0493006
31.3501 0 0.0493549
31.4001 0 0.0493648
31.4501 0 0.049352
31.5001 0 0.0493596
31.5502 0 0.0492253
31.6001 0 0.0493553
31.6501 0 0.0493499
31.7001 0 0.0493606
31.7501 0 0.049361
31.8002 0 0.049364
31.8501 0 0.0493527
31.9001 0 0.0493119
31.9501 0 0.0493599
32.0001 0 0.0493664
32.0501 0 0.0493542
32.1001 0 0.0493577
32.1502 0 0.0493592
32.2001 0 0.0493661
32.2502 0 0.0492261
32.3001 0 0.0493628
32.3502 0 0.0492342
32.4001 0 0.0493574
32.4501 0 0.0493558
32.5001 0 0.0493572
32.5501 0 0.0493466
32.6001 0 0.0493639
32.6501 0 0.0493523
32.7001 0 0.0493529
32.7501 0 0.0493639
32.8002 0 0.0493631
32.8501 0 0.0493523
32.9002 0 0.0493585
32.9501 0 0.0493644
33.0001 0 0.0493608
33.0501 0 0.0493505
33.1001 0 0.0493661
33.1502 0 0.049364
33.2001 0 0.0493631
33.2501 0 0.0493508
33.3001 0 0.0493586
33.3501 0 0.0493562
33.4001 0 0.0493619
33.4501 0 0.049359
33.5001 0 0.0493601
33.5501 0 0.0493527
33.6001 0 0.0492066
33.6501 0 0.0493375
33.7001 0 0.0493537
33.7501 0 0.0493609
33.8001 0 0.0493571
33.8501 0 0.0493503
33.9001 0 0.0493559
33.9501 0 0.0493604
34.0001 0 0.0492002
34.0501 0 0.0493463
34.1001 0 0.04935
34.1501 0 0.0493589
34.2002 0 0.0493632
34.2501 0 0.049333
34.3001 0 0.0492946
34.3501 0 0.0493495
34.4001 0 0.0493634
34.4501 0 0.0493327
34.5001 0 0.0493581
34.5502 0 0.0492253
34.6001 0 0.0493571
34.6502 0 0.0492311
34.7001 0 0.0493451
34.7501 0 0.0493532
34.8001 0 0.049362
34.8501 0 0.0493619
34.9001 0 0.049348
34.9501 0 0.0493714
35.0001 0 0.0493629
35.0501 0 0.0493544
35.1001 0 0.0493499
35.1501 0 0.0493644
35.2002 0 0.0491516
35.2502 0 0.049041
35.3002 0 0.0491746
35.3501 0 0.0491837
35.4001 0 0.0492113
35.4501 0 0.0492087
35.5001 0 0.0492287
35.5501 0 0.0493849
35.6001 0 0.0494023
35.6501 0 0.0494061
35.7001 0 0.0493856
35.7501 0 0.0494021
35.8001 0 0.049404
35.8501 0 0.0494039
35.9001 0 0.049394
35.9501 0 0.0493687
36.0001 0 0.0493978
36.0501 0 0.0494037
36.1001 0 0.0493485
36.1501 0 0.049201
36.2002 0 0.0492289
36.2501 0 0.0493581
36.3001 0 0.0493421
36.3501 0 0.049347
36.4001 0 0.0493593
36.4501 0 0.0493601
36.5001 0 0.0493495
36.5501 0 0.0493502
36.6001 0 0.0493611
36.6501 0 0.049356
36.7001 0 0.0493488
36.7502 0 0.0492338
36.8001 0 0.0493557
36.8502 0 0.049363
36.9001 0 0.0493518
36.9501 0 0.0493142
37.0001 0 0.049362
37.0501 0 0.0493609
37.1001 0 0.0493528
37.1501 0 0.0493539
37.2002 0 0.0493608
37.2501 0 0.0493636
37.3001 0 0.0493003
37.3501 0 0.0493641
37.4001 0 0.049359
37.4501 0 0.0493528
37.5001 0 0.0492138
37.5501 0 0.0493448
37.6001 0 0.0493521
37.6502 0 0.0492271
37.7001 0 0.0493481
37.7501 0 0.0493547
37.8001 0 0.0493579
37.8501 0 0.0493668
37.9001 0 0.049352
37.9501 0 0.0493566
38.0001 0 0.0493644
38.0501 0 0.0493671
38.1001 0 0.0493521
38.1501 0 0.0493617
38.2001 0 0.0493611
38.2501 0 0.049357
38.3002 0 0.0492298
38.3501 0 0.0493581
38.4002 0 0.049356
38.4501 0 0.0493568
38.5001 0 0.0493566
38.5501 0 0.0493482
38.6001 0 0.0492013
38.6501 0 0.049354
38.7001 0 0.0493364
38.7501 0 0.0493586
38.8001 0 0.0493636
38.8501 0 0.0493627
38.9001 0 0.0493495
38.9502 0 0.049234
39.0001 0 0.0492079
39.0502 0 0.0492231
39.1001 0 0.0493447
39.1501 0 0.0493547
39.2001 0 0.0493561
39.2501 0 0.0493631
39.3001 0 0.0493482
39.3501 0 0.0493491
39.4002 0 0.0492331
39.4501 0 0.0493607
39.5001 0 0.0492936
39.5501 0 0.0493493
39.6001 0 0.0493593
39.6502 0 0.0493562
39.7001 0 0.0493517
39.7501 0 0.0493597
39.8001 0 0.0493615
39.8501 0 0.0493667
39.9001 0 0.0493556
39.9501 0 0.0493627
40.0001 0 0.0493598
40.0501 0 0.049367
40.1002 0 0.0492315
40.1501 0 0.049359
40.2002 0 0.049367
40.2501 0 0.0493572
40.3001 0 0.049303
40.3501 0 0.0493586
40.4001 0 0.0493631
40.4501 0 0.0493599
40.5001 0 0.0493503
40.5501 0 0.0493521
40.6001 0 0.0493557
40.6502 0 0.0493632
40.7001 0 0.0493487
40.7501 0 0.0493558
40.8001 0 0.0493603
40.8501 0 0.0493611
40.9001 0 0.0493486
40.9501 0 0.04913
41.0001 0 0.0493513
41.0501 0 0.0493588
41.1001 0 0.0493436
41.1501 0 0.0491911
41.2001 0 0.0491588
41.2502 0 0.0489804
41.3002 0 0.0491823
41.3501 0 0.0491937
41.4001 0 0.049211
41.4501 0 0.049211
41.5001 0 0.0492304
41.5501 0 0.0493837
41.6001 0 0.0493918
41.6501 0 0.049403
41.7001 0 0.0493879
41.7501 0 0.0494036
41.8001 0 0.0494015
41.8501 0 0.0494022
41.9001 0 0.0493954
41.9501 0 0.0494035
42.0001 0 0.0494057
42.0501 0 0.049403
42.1001 0 0.049397
42.1501 0 0.049358
42.2001 0 0.049359
42.2501 0 0.0493584
42.3001 0 0.049357
42.3502 0 0.0492283
42.4001 0 0.0493516
42.4502 0 0.0493625
42.5001 0 0.0493502
42.5501 0 0.0493465
42.6001 0 0.0493586
42.6501 0 0.0493165
42.7001 0 0.0493499
42.7501 0 0.0493647
42.8002 0 0.0493651
42.8501 0 0.0493481
42.9002 0 0.0492253
42.9501 0 0.0493495
43.0001 0 0.0491359
43.0501 0 0.0493504
43.1001 0 0.0493498
43.1501 0 0.0493494
43.2001 0 0.0493612
43.2501 0 0.0493557
43.3001 0 0.0493464
43.3501 0 0.0493617
43.4001 0 0.0493565
43.4501 0 0.0493573
43.5001 0 0.0493542
43.5502 0 0.0492245
43.6001 0 0.0492004
43.6502 0 0.0492272
43.7001 0 0.049347
43.7501 0 0.0493002
43.8001 0 0.049359
43.8501 0 0.049364
43.9001 0 0.0493501
43.9501 0 0.0493613
44.0001 0 0.0492107
44.0501 0 0.0493545
44.1001 0 0.049338
44.1501 0 0.0493541
44.2001 0 0.0493639
44.2501 0 0.0493587
44.3001 0 0.0493467
44.3501 0 0.0493617
44.4001 0 0.0493492
44.4501 0 0.0493606
44.5001 0 0.0493516
44.5501 0 0.0493477
44.6002 0 0.0492258
44.6501 0 0.0493656
44.7001 0 0.0492902
44.7501 0 0.0493554
44.8001 0 0.0493612
44.8501 0 0.0493551
44.9001 0 0.0493488
44.9501 0 0.0493627
45.0001 0 0.0493648
45.0502 0 0.0493597
45.1001 0 0.0493556
45.1501 0 0.0493594
45.2001 0 0.0493621
45.2501 0 0.0493631
45.3001 0 0.0493551
45.3501 0 0.0493637
45.4002 0 0.0492339
45.4501 0 0.0493629
45.5001 0 0.0493053
45.5501 0 0.0493524
45.6001 0 0.0493643
45.6502 0 0.0493617
45.7001 0 0.0493524
45.7501 0 0.0493613
45.8001 0 0.0493616
45.8501 0 0.0493228
45.9001 0 0.0493557
45.9501 0 0.049203
46.0001 0 0.0493524
46.0501 0 0.0493642
46.1001 0 0.0493494
46.1501 0 0.0491969
46.2001 0 0.0493528
46.2501 0 0.0493606
46.3001 0 0.0493338
46.3501 0 0.0493573
46.4001 0 0.0493554
46.4501 0 0.0493573
46.5001 0 0.0493377
46.5501 0 0.0493515
46.6001 0 0.0493567
46.6501 0 0.0493638
46.7001 0 0.049349
46.7501 0 0.0493584
46.8002 0 0.0493574
46.8501 0 0.0493635
46.9001 0 0.0493498
46.9501 0 0.0493555
47.0001 0 0.0493636
47.0501 0 0.0493637
47.1001 0 0.0493526
47.1501 0 0.049364
47.2001 0 0.049364
47.2501 0 0.0491116
47.3002 0 0.0490391
47.3501 0 0.0492231
47.4001 0 0.049204
47.4501 0 0.0491973
47.5001 0 0.0492276
47.5501 0 0.0493818
47.6001 0 0.0493996
47.6501 0 0.0493885
47.7001 0 0.0493931
47.7501 0 0.0494038
47.8001 0 0.0494063
47.8501 0 0.0493972
47.9001 0 0.0493947
47.9501 0 0.0494058
48.0001 0 0.0494075
48.0503 0 0.049274
48.1001 0 0.0493723
48.1503 0 0.0492554
48.2001 0 0.0493626
48.2502 0 0.0493613
48.3001 0 0.0493525
48.3501 0 0.0493071
48.4001 0 0.0493605
48.4501 0 0.0493641
48.5001 0 0.0493364
48.5506 0 0.0488368
48.6001 0 0.0492056
48.6501 0 0.0493541
48.7001 0 0.0493344
48.7501 0 0.0493589
48.8001 0 0.0491442
48.8501 0 0.0492116
48.9001 0 0.0493486
48.9501 0 0.0493691
49.0001 0 0.0492096
49.0501 0 0.0493541
49.1001 0 0.0493339
49.1501 0 0.049336
49.2001 0 0.0493631
49.2501 0 0.0493486
49.3002 0 0.0492146
49.3501 0 0.0493458
49.4002 0 0.0492293
49.4501 0 0.0493592
49.5001 0 0.0493505
49.5501 0 0.0493458
49.6001 0 0.049356
49.6502 0 0.0493583
49.7001 0 0.0493531
49.7501 0 0.0493579
49.8001 0 0.0493575
49.8501 0 0.0493671
49.9001 0 0.0493525
49.9501 0 0.0493546
50.0002 0 0.0493628
50.0501 0 0.0493675
50.1001 0 0.0493059
50.1501 0 0.0493642
50.2001 0 0.0493655
50.2501 0 0.0493533
50.3001 0 0.0493525
50.3502 0 0.0493601
50.4001 0 0.0493541
50.4502 0 0.0493635
50.5001 0 0.0493563
50.5501 0 0.0492951
50.6001 0 0.0493615
50.6501 0 0.0493636
50.7001 0 0.0493497
50.7501 0 0.049357
50.8001 0 0.0493626
50.8501 0 0.0493629
50.9001 0 0.0493527
50.9501 0 0.0492007
51.0002 0 0.0492252
51.0501 0 0.0493526
51.1001 0 0.0493452
51.1501 0 0.0491993
