9.37e-07 0 0.000342292
0.00123875 0 0.000129583
0.00209953 0 0.000396719
0.00309474 0 0.000398073
0.00409521 0 0.000403438
0.00509401 0 0.000405833
0.00609448 0 0.000406563
0.00709771 0 0.000403802
0.00810432 0 0.000383906
0.00910562 0 0.000396771
0.010103 0 0.000401719
0.0111038 0 0.000400625
0.012103 0 0.000400625
0.0131023 0 0.000401042
0.0141024 0 0.000400729
0.0151024 0 0.000400886
0.0161026 0 0.000401094
0.0170985 0 0.000398854
0.0181006 0 0.000398073
0.0190994 0 0.000395417
0.0200988 0 0.000397083
0.0210991 0 0.000398177
0.0220983 0 0.000397344
0.023099 0 0.000396094
0.0240988 0 0.0003975
0.0250986 0 0.000396511
0.0260996 0 0.000401979
0.0270993 0 0.000400313
0.0281058 0 0.000394375
0.0291038 0 0.000399167
0.0301024 0 0.00040224
0.0311026 0 0.000401146
0.032102 0 0.000401875
0.0331021 0 0.000400677
0.0341025 0 0.000401875
0.0351029 0 0.000400521
0.0361027 0 0.000401719
0.0371021 0 0.000399375
0.0381087 0 0.000400938
0.0390989 0 0.000401302
0.040099 0 0.00039724
0.0410988 0 0.000396406
0.0420992 0 0.000398125
0.0430986 0 0.000396667
0.0440988 0 0.0003975
0.0450988 0 0.000396927
0.0460988 0 0.000397917
0.0470992 0 0.000396406
0.0481016 0 0.000397292
0.0491001 0 0.000399948
0.0501025 0 0.000401563
0.0511028 0 0.000401302
0.0521021 0 0.000401719
0.0531028 0 0.000400886
0.0541022 0 0.000401146
0.0551027 0 0.000402083
0.0561026 0 0.000401563
0.0571027 0 0.000400625
0.0581039 0 0.000395365
0.0591043 0 0.000399948
0.0600987 0 0.000401198
0.0610991 0 0.000399948
0.062099 0 0.000398125
0.0630989 0 0.000396615
0.0640996 0 0.000397396
0.0650988 0 0.000396042
0.0660989 0 0.000397604
0.0670988 0 0.000380521
0.0681059 0 0.000393802
0.0690989 0 0.000396719
0.0700994 0 0.000401979
0.071099 0 0.000401771
0.0721025 0 0.000400938
0.0731022 0 0.000400052
0.0741023 0 0.000401615
0.0751023 0 0.000400365
0.0761019 0 0.000401667
0.0771024 0 0.000400313
0.0783284 0 0.000142344
0.0791051 0 0.000411979
0.0800955 0 0.000416771
0.0810957 0 0.000416406
0.0820918 0 0.000417292
0.0830922 0 0.000413021
0.0840921 0 0.000414896
0.0850921 0 0.000412917
0.0860923 0 0.000399479
0.0870929 0 0.000408229
0.0880926 0 0.000414636
0.0890914 0 0.000415781
0.0900918 0 0.000414375
0.0910916 0 0.000418542
0.0920908 0 0.000418646
0.0931042 0 0.000405261
0.0940996 0 0.000415417
0.0950957 0 0.000416875
0.096096 0 0.000417292
0.0970953 0 0.00041625
0.098104 0 0.000417031
0.099095 0 0.000414688
0.100095 0 0.000418229
0.101095 0 0.000416771
0.102095 0 0.000418594
0.103092 0 0.000416198
0.104092 0 0.0004175
0.105092 0 0.000414271
0.106092 0 0.000411146
0.107092 0 0.000414219
0.108098 0 0.000413646
0.109092 0 0.000414479
0.110092 0 0.000414844
0.111092 0 0.000414636
0.112092 0 0.000414271
0.113092 0 0.000418177
0.114093 0 0.000417656
0.115095 0 0.000418386
0.116094 0 0.0004175
0.117095 0 0.00041599
0.118101 0 0.000417917
0.119095 0 0.000416979
0.120095 0 0.000417917
0.121095 0 0.000417917
0.122095 0 0.00041724
0.123095 0 0.000415625
0.124095 0 0.000418229
0.125092 0 0.00041
0.126093 0 0.000414011
0.127092 0 0.000414323
0.128093 0 0.000414115
0.129092 0 0.000414688
0.130092 0 0.000414427
0.131092 0 0.000415104
0.132092 0 0.000414167
0.133092 0 0.000415104
0.134092 0 0.000417969
0.135092 0 0.000418125
0.136095 0 0.000399636
0.137098 0 0.000414323
0.138103 0 0.00041599
0.139095 0 0.000417083
0.140095 0 0.00041849
0.141095 0 0.000415365
0.142095 0 0.000418021
0.143095 0 0.000415833
0.144095 0 0.000411042
0.145095 0 0.000414792
0.146092 0 0.000417813
0.147092 0 0.000416563
0.148097 0 0.000414375
0.149092 0 0.000414948
0.150092 0 0.000414271
0.151092 0 0.000412604
0.152091 0 0.000414323
0.153092 0 0.000412761
0.154092 0 0.000414636
0.155092 0 0.000414896
0.156092 0 0.000417813
0.157092 0 0.000416771
0.1581 0 0.000417656
0.159095 0 0.00041599
0.160095 0 0.000417656
0.161095 0 0.000416667
0.162095 0 0.000417709
0.163095 0 0.00041724
0.164094 0 0.000411146
0.165095 0 0.000415521
0.166095 0 0.000417396
0.167095 0 0.000417813
0.168092 0 0.000412865
0.169093 0 0.000418646
0.170091 0 0.000415834
0.171093 0 0.000415573
0.172091 0 0.000415469
0.173462 0 2.1198e-05
0.174097 0 0.000411615
0.17509 0 0.000415052
0.176088 0 0.000418281
0.177088 0 0.000421667
0.178092 0 0.00041875
0.179091 0 0.000417917
0.180091 0 0.000420209
0.181091 0 0.000420313
0.182091 0 0.000422448
0.183091 0 0.000421146
0.184092 0 0.000418594
0.185091 0 0.000420052
0.186091 0 0.000422969
0.187091 0 0.000421927
0.188093 0 0.000421875
0.189091 0 0.000422188
0.190088 0 0.000421511
0.191088 0 0.000420052
0.192088 0 0.000418281
0.193089 0 0.00041974
0.194089 0 0.000418906
0.195088 0 0.000419531
0.196088 0 0.000419792
0.197088 0 0.000417865
0.19809 0 0.000417813
0.199089 0 0.000419896
0.200088 0 0.000421771
0.201091 0 0.000420261
0.202091 0 0.000422552
0.203091 0 0.000406511
0.204091 0 0.000420886
0.205091 0 0.000422865
0.206091 0 0.000421563
0.20709 0 0.000421979
0.208097 0 0.000415417
0.209096 0 0.000416563
0.210095 0 0.000417084
0.211092 0 0.0004175
0.212096 0 0.00040974
0.213095 0 0.000411406
0.214092 0 0.000414531
0.215093 0 0.000415052
0.216092 0 0.000414323
0.217092 0 0.000414584
0.218094 0 0.000409219
0.219092 0 0.000412552
0.220093 0 0.00041375
0.221092 0 0.000417865
0.222092 0 0.000418177
0.223095 0 0.000412084
0.224095 0 0.000416563
0.225095 0 0.000416979
0.226095 0 0.000416823
0.227095 0 0.000417448
0.228097 0 0.000414844
0.229095 0 0.000418073
0.230095 0 0.000417188
0.231094 0 0.000416875
0.232095 0 0.000417813
0.233092 0 0.000418125
0.234092 0 0.000414896
0.235092 0 0.000415156
0.236092 0 0.000415365
0.237092 0 0.000415
0.238092 0 0.000412709
0.239091 0 0.000415365
0.240091 0 0.000414792
0.241092 0 0.000415417
0.242092 0 0.000404584
0.243092 0 0.000415365
0.244095 0 0.000418021
0.245095 0 0.000418854
0.246095 0 0.000418646
0.247095 0 0.000418073
0.248096 0 0.000415104
0.249095 0 0.000415729
0.250094 0 0.000416823
0.251095 0 0.000418229
0.252095 0 0.000418073
0.253094 0 0.000416667
0.254092 0 0.000417552
0.255092 0 0.000417344
0.256092 0 0.000414063
0.257092 0 0.00041375
0.258092 0 0.000413698
0.259091 0 0.000413386
0.260092 0 0.000415
0.261092 0 0.000412604
0.262092 0 0.000400365
0.263092 0 0.00041125
0.264092 0 0.000416979
0.265093 0 0.000416667
0.266095 0 0.000417656
0.267095 0 0.000418021
0.268101 0 0.00041724
0.269095 0 0.000418021
0.270095 0 0.000417813
0.271095 0 0.000418438
0.272095 0 0.000417396
0.273095 0 0.000418177
0.274095 0 0.000417969
0.275095 0 0.000416198
0.276092 0 0.000417761
0.277092 0 0.000413646
0.278098 0 0.000414375
0.279092 0 0.000369844
0.280092 0 0.000414011
0.281092 0 0.000412865
0.282092 0 0.000411511
0.283092 0 0.000412813
0.284092 0 0.000414792
0.285092 0 0.000417604
0.286093 0 0.000417448
0.287092 0 0.000418281
0.288095 0 0.000416354
0.289095 0 0.000418021
0.290095 0 0.000416511
0.291095 0 0.000417709
0.292095 0 0.000418229
0.293095 0 0.000416042
0.294095 0 0.000418073
0.295095 0 0.000416459
0.296095 0 0.000416198
0.297095 0 0.000415261
0.298097 0 0.000417604
0.299092 0 0.000412761
0.300092 0 0.00041474
0.301092 0 0.000414427
0.302092 0 0.0004125
0.303093 0 0.000412448
0.304092 0 0.000414271
0.305092 0 0.000414479
0.306092 0 0.000414479
0.307092 0 0.000418334
0.308098 0 0.000417188
0.309095 0 0.000417031
0.310095 0 0.000418021
0.311095 0 0.000415729
0.312095 0 0.000417448
0.313096 0 0.000415834
0.314095 0 0.000417604
0.315095 0 0.000416406
0.316095 0 0.000417188
0.317095 0 0.000416823
0.318101 0 0.000417084
0.319092 0 0.000417917
0.320092 0 0.000417552
0.321092 0 0.0004125
0.322092 0 0.000413906
0.323092 0 0.000414636
0.324092 0 0.000414844
0.325092 0 0.000415052
0.326092 0 0.000414688
0.327092 0 0.000414948
0.328092 0 0.000416719
0.329093 0 0.000416459
0.330092 0 0.000418438
0.331095 0 0.000416042
0.332095 0 0.000418229
0.333095 0 0.000416406
0.334095 0 0.000417865
0.335095 0 0.000416406
0.336095 0 0.000417917
0.337095 0 0.000416094
0.3381 0 0.000417448
0.339095 0 0.000418073
0.340095 0 0.000417917
0.341092 0 0.000412396
0.342092 0 0.000413802
0.343092 0 0.000414219
0.344092 0 0.000414115
0.345092 0 0.000414844
0.346092 0 0.000414167
0.347092 0 0.000415052
0.348098 0 0.000414167
0.349092 0 0.000412813
0.350092 0 0.000417552
0.351092 0 0.000416563
0.352095 0 0.000417188
0.353095 0 0.000415104
0.354095 0 0.000416927
0.355095 0 0.000417448
0.356095 0 0.000417865
0.357095 0 0.000416302
0.3581 0 0.000416563
0.359095 0 0.000416198
0.360095 0 0.000402761
0.361095 0 0.000414375
0.362092 0 0.000416927
0.363092 0 0.000417396
0.364092 0 0.000414688
0.365092 0 0.000414792
0.366092 0 0.000414167
0.367092 0 0.000413438
0.368092 0 0.00041474
0.369091 0 0.000413802
0.370091 0 0.000415521
0.371091 0 0.000415677
0.372092 0 0.000419167
0.373092 0 0.000416563
0.374105 0 0.000409375
0.3751 0 0.000418021
0.376092 0 0.000420573
0.377091 0 0.000419531
0.378089 0 0.000415729
0.379092 0 0.000420938
0.380134 0 0.000417448
0.381091 0 0.000419844
0.38209 0 0.000421875
0.383091 0 0.000421563
0.384087 0 0.000420261
0.385088 0 0.000418282
0.386088 0 0.000419167
0.387088 0 0.000418282
0.388089 0 0.000419063
0.389088 0 0.000418959
0.390088 0 0.000419479
0.391088 0 0.000417604
0.392088 0 0.000418802
0.393088 0 0.000420261
0.394088 0 0.000421875
0.395091 0 0.000420417
0.396091 0 0.0004225
0.39709 0 0.000422136
0.398089 0 0.000420729
0.399091 0 0.000420469
0.400091 0 0.000419323
0.401091 0 0.000420157
0.402091 0 0.000421875
0.403091 0 0.000421511
0.404091 0 0.000422344
0.405088 0 0.000422865
0.406088 0 0.000422396
0.407088 0 0.000417813
0.408094 0 0.000412813
0.409093 0 0.00041224
0.410092 0 0.000414636
0.411092 0 0.000413177
0.412092 0 0.000414323
0.413092 0 0.000412917
0.414092 0 0.000414427
0.415092 0 0.000416875
0.416092 0 0.000417709
0.417095 0 0.000416563
0.418093 0 0.000413021
0.419095 0 0.000411771
0.420095 0 0.000416407
0.421095 0 0.000417865
0.422095 0 0.0004175
0.423095 0 0.000416615
0.424095 0 0.000417188
0.425095 0 0.000417813
0.426095 0 0.000418177
0.427092 0 0.000415938
0.428097 0 0.000417344
0.429092 0 0.00041349
0.430092 0 0.000414688
0.431092 0 0.000413282
0.432092 0 0.000414375
0.433092 0 0.000412604
0.434092 0 0.000415
0.435092 0 0.000413438
0.436092 0 0.000418021
0.437092 0 0.000416042
0.438097 0 0.000417084
0.439095 0 0.000413854
0.440095 0 0.000416511
0.441095 0 0.00041625
0.442095 0 0.000417396
0.443095 0 0.000417657
0.444095 0 0.000417761
0.445095 0 0.000416459
0.446094 0 0.000418073
0.447095 0 0.00041625
0.448096 0 0.000416667
0.449092 0 0.000415521
0.450092 0 0.00041474
0.451092 0 0.000412448
0.452092 0 0.000414948
0.453092 0 0.000413802
0.454092 0 0.000414532
0.455092 0 0.000414479
0.456092 0 0.000414271
0.457092 0 0.00041224
0.458094 0 0.000402136
0.459092 0 0.000413698
0.460096 0 0.000416615
0.461095 0 0.000416146
0.462095 0 0.000417604
0.463095 0 0.000416511
0.464095 0 0.000417604
0.465095 0 0.000415313
0.466095 0 0.000417865
0.467095 0 0.00041625
0.4681 0 0.0004175
0.469095 0 0.000415729
0.470092 0 0.000417292
0.471092 0 0.000417344
0.472092 0 0.000413959
0.473092 0 0.000413334
0.474092 0 0.000414375
0.475092 0 0.000413282
0.476092 0 0.000414063
0.477092 0 0.000413646
0.478097 0 0.000400209
0.479093 0 0.000411302
0.480092 0 0.000415729
0.481091 0 0.000415417
0.482096 0 0.000417709
0.483095 0 0.000415834
0.484095 0 0.000418125
0.485095 0 0.000415521
0.486094 0 0.000417188
0.487095 0 0.000416407
0.488095 0 0.000416615
0.489095 0 0.000416563
0.490095 0 0.000417604
0.491095 0 0.00041599
0.492092 0 0.000417084
0.493092 0 0.0004125
0.494092 0 0.000414688
0.495092 0 0.000412604
0.496092 0 0.000413386
0.497092 0 0.000411563
0.498098 0 0.000410782
0.499092 0 0.000410625
0.500092 0 0.00041349
0.501092 0 0.000415573
0.502093 0 0.000417032
0.503095 0 0.000416094
0.504095 0 0.000417396
0.505095 0 0.000417917
0.506094 0 0.000417448
0.507095 0 0.000415573
0.5081 0 0.0004175
0.509095 0 0.000416823
0.510095 0 0.000417292
0.511096 0 0.000415677
0.512095 0 0.000417344
0.513092 0 0.000415625
0.514092 0 0.000417344
0.515092 0 0.000413646
0.516092 0 0.000414011
0.517092 0 0.000413177
0.518097 0 0.000412396
0.519092 0 0.000411667
0.520092 0 0.000414375
0.521092 0 0.000414219
0.522092 0 0.000414948
0.523092 0 0.000415521
0.524092 0 0.000417761
0.525095 0 0.000415573
0.526095 0 0.000418282
0.527095 0 0.000415834
0.528094 0 0.000417917
0.529094 0 0.000417344
0.530382 0 0.000147969
0.531104 0 0.000411459
0.532097 0 0.000417032
0.533096 0 0.000415261
0.534096 0 0.000417136
0.535092 0 0.000415938
0.536092 0 0.000416198
0.537093 0 0.000405157
0.538099 0 0.000412865
0.539092 0 0.000413542
0.540092 0 0.000414167
0.541092 0 0.000412396
0.542093 0 0.000413959
0.543093 0 0.000413334
0.544092 0 0.00041724
0.545092 0 0.000415417
0.546092 0 0.000417657
0.547096 0 0.000415782
0.548101 0 0.000416823
0.549096 0 0.00041625
0.550096 0 0.000417448
0.551096 0 0.000416094
0.552095 0 0.000417136
0.553095 0 0.000416407
0.554095 0 0.000417344
0.555095 0 0.000418282
0.556095 0 0.000418334
0.557092 0 0.000411459
0.558097 0 0.00041349
0.559092 0 0.000411875
0.560092 0 0.000413698
0.561092 0 0.000412761
0.562092 0 0.000414063
0.563092 0 0.000412761
0.564092 0 0.000414532
0.565092 0 0.000412969
0.566092 0 0.00041724
0.567092 0 0.000415417
0.568094 0 0.000417032
0.569094 0 0.000416771
0.570094 0 0.00041849
0.571094 0 0.000418594
0.572094 0 0.000418646
0.573094 0 0.000417032
0.574449 0 2.6719e-05
0.575095 0 0.000416094
0.576092 0 0.0004025
0.577092 0 0.00041474
0.578091 0 0.000418907
0.579089 0 0.00041875
0.580088 0 0.000418959
0.581088 0 0.000369063
0.582089 0 0.000418907
0.583088 0 0.000417657
0.584087 0 0.000419011
0.585088 0 0.0004175
0.586088 0 0.000418646
0.587089 0 0.000421875
0.58809 0 0.000420782
0.589088 0 0.000421927
0.590092 0 0.000421563
0.591091 0 0.000420677
0.592091 0 0.000421823
0.593091 0 0.000420782
0.594091 0 0.000421615
0.595091 0 0.000419636
0.596091 0 0.000407344
0.597091 0 0.000418386
0.598092 0 0.000420521
0.599091 0 0.000419844
0.600088 0 0.000421823
0.601088 0 0.000417657
0.602088 0 0.000419636
0.603088 0 0.00041974
0.604088 0 0.000418802
0.605088 0 0.00041948
0.606088 0 0.000418907
0.607089 0 0.000418125
0.608094 0 0.000412448
0.609093 0 0.000416511
0.610093 0 0.0004175
0.611095 0 0.000415886
0.612095 0 0.00041724
0.613095 0 0.000415938
0.614095 0 0.000416823
0.615095 0 0.000414584
0.616095 0 0.000414271
0.617096 0 0.000415157
0.618095 0 0.000411823
0.619096 0 0.00041625
0.620095 0 0.000417761
0.621092 0 0.0004175
0.622092 0 0.000417292
0.623092 0 0.000415157
0.624093 0 0.000413542
0.625091 0 0.000413177
0.626092 0 0.00041474
0.627092 0 0.000413594
0.628092 0 0.000414844
0.629091 0 -0.00139948
0.631406 0 -0.00119838
0.632203 0 -0.000889791
0.632897 0 -0.000525468
0.633532 0 -0.000127135
0.634132 0 7.5469e-05
0.635319 0 0.000127448
0.636117 0 0.000258177
0.63711 0 0.000388177
0.638105 0 0.000375782
0.639115 0 0.000377605
0.640124 0 0.000237969
0.641123 0 0.000227605
0.642126 0 0.000224271
0.643118 0 0.000238542
0.644117 0 0.000235573
0.645116 0 0.000154271
0.646132 0 0.000161823
0.64714 0 0.000237032
0.648113 0 -0.000917864
0.649924 0 -0.000490989
0.650496 0 1.6771e-05
0.651112 0 0.00037724
0.652104 0 0.000378438
0.653114 0 0.000351302
0.654122 0 0.000239896
0.655112 0 0.000389219
0.656111 0 0.000400157
0.657105 0 0.000397396
0.658105 0 0.000392605
0.659109 0 0.000331927
0.660149 0 0.000168855
0.661136 0 0.000193021
0.662131 0 0.000182136
0.66312 0 0.000240417
0.66412 0 0.000169063
0.665149 0 0.000192396
0.666124 0 0.000194427
0.667134 0 0.00022198
0.668103 0 0.00034823
0.669125 0 0.000221042
0.670123 0 0.000195469
0.671116 0 0.000342709
0.672115 0 0.000354375
0.673116 0 0.000351094
0.674119 0 0.000239688
0.675111 0 0.00037849
0.676113 0 0.000362605
0.677123 0 0.000244427
0.678123 0 0.000234271
0.679113 0 0.000379896
0.680123 0 0.000382605
0.681132 0 0.000225105
0.682198 0 0.000237969
0.683115 0 0.000375469
0.684119 0 0.00038448
0.68512 0 0.000379896
0.686118 0 0.000370157
0.68711 0 0.000389844
0.688098 0 0.000397136
0.689094 0 0.000403802
0.690093 0 0.000402605
0.691092 0 0.000398177
0.692092 0 0.000399063
0.693092 0 0.000402084
0.694092 0 0.000401927
0.695097 0 0.000395
0.696094 0 0.000410521
0.697091 0 0.000399271
0.698109 0 0.000201511
0.699118 0 0.000262084
0.700098 0 0.000415157
0.701098 0 0.00038099
0.702102 0 0.000408073
0.703112 0 0.000400834
0.704101 0 0.000409427
0.705108 0 0.000366407
0.706123 0 0.000253646
0.707118 0 0.000385886
0.708123 0 0.000234375
0.709118 0 0.000371615
0.710119 0 -0.00127432
0.712281 0 -0.00089026
0.712896 0 -0.000506666
0.71351 0 -7.8541e-05
0.714082 0 0.000167344
0.715125 0 0.000256771
0.716109 0 0.000338386
0.717112 0 0.000380417
0.7181 0 0.00037323
0.719112 0 0.000380625
0.720111 0 0.000387552
0.721112 0 0.000385105
0.722111 0 0.000391511
0.723111 0 0.000335365
0.724173 0 0.000259948
0.725108 0 0.000284271
0.726119 0 0.000250834
0.727118 0 0.000382188
0.728101 0 0.000373646
0.729115 0 0.000347605
0.730105 0 0.000288282
0.731116 0 0.000376771
0.732112 0 0.000370417
0.733116 0 0.000375313
0.734101 0 0.00038073
0.735107 0 0.000384167
0.73611 0 0.00037948
0.737109 0 0.000380261
0.738105 0 0.000382969
0.739115 0 0.000391042
0.740105 0 0.000380938
0.741112 0 0.000384375
0.742116 0 0.000230521
0.743107 0 0.000388594
0.744119 0 0.000377552
0.745126 0 0.000252292
0.746115 0 0.000314011
0.747108 0 0.00037849
0.748207 0 9.8177e-05
0.74912 0 0.000104271
0.750116 0 0.000379636
0.751109 0 0.00037625
0.752102 0 0.000384115
0.75311 0 0.000381667
0.754108 0 0.000290834
0.755103 0 0.000386771
0.756219 0 9.9948e-05
0.757118 0 0.000370417
0.758112 0 0.000240313
0.759109 0 0.00038099
0.760101 0 0.000388282
0.76111 0 0.000362813
0.762119 0 0.000185521
0.763106 0 0.000395313
0.764119 0 0.000244115
0.765205 0 0.000258438
0.766183 0 0.000183959
0.76715 0 0.000256146
0.768108 0 0.000364844
0.769115 0 0.000370365
0.770113 0 0.000254115
0.771112 0 0.00039625
0.772103 0 0.000262605
0.773231 0 9.224e-05
0.774112 0 -0.000353073
0.775357 0 8.86e-07
0.776115 0 -0.000989843
0.777996 0 -0.000709062
0.778713 0 -0.000389895
0.779397 0 6.927e-06
0.780114 0 0.000373594
0.78111 0 0.00037849
0.782109 0 0.000247136
0.783109 0 0.000408386
0.784204 0 0.000276355
0.785101 0 0.000404844
0.786099 0 0.000310157
0.787109 0 0.000388594
0.788098 0 0.00040875
0.789154 0 0.000187865
0.790104 0 0.000276667
0.791103 0 0.00040448
0.792108 0 0.000284323
0.793095 0 0.000399011
0.794104 0 0.000396407
0.795173 0 0.000280677
0.7961 0 0.000335625
0.797152 0 0.000275417
0.798095 0 0.000324011
0.799105 0 0.000401198
0.800101 0 0.000407969
0.801097 0 0.000403073
0.8021 0 0.000274844
0.803102 0 0.000405834
0.804093 0 0.000390521
0.805095 0 0.000308334
0.806098 0 0.000416823
0.807105 0 0.000384323
0.808095 0 0.000400521
0.809105 0 0.000395365
0.810099 0 0.000336459
0.811108 0 0.000407396
0.812104 0 0.000407292
0.813106 0 0.000303177
0.814123 0 -0.000877031
0.815882 0 -0.000597604
0.816601 0 -0.000226145
0.81723 0 0.0002825
0.818104 0 0.000388594
0.819131 0 0.000277605
0.820103 0 0.000408542
0.821119 0 0.000406355
0.822097 0 0.000410573
0.823181 0 0.000279688
0.824102 0 0.000396719
0.8251 0 0.000341719
0.826098 0 0.000398855
0.827104 0 0.000401563
0.828161 0 0.000243907
0.829108 0 0.000405678
0.830099 0 0.00029974
0.831163 0 0.000281459
0.832108 0 0.000406823
0.833092 0 0.000377761
0.834102 0 0.000403334
0.835105 0 0.000406094
0.836102 0 0.00039974
0.83719 0 0.000278386
0.838098 0 0.000408907
0.839095 0 0.000312761
0.840101 0 0.000400782
0.841101 0 0.000404636
0.842096 0 0.000298438
0.843155 0 0.000281823
0.844098 0 0.000399271
0.845097 0 0.000387344
0.846108 0 0.000394896
0.847103 0 0.000401928
0.848095 0 0.000404167
0.849103 0 0.000402969
0.850123 0 0.000308021
0.851107 0 0.000406667
0.852101 0 0.000380573
0.853096 0 0.000401042
0.854105 0 0.00029
0.855096 0 0.000412136
0.856097 0 0.000417709
0.857152 0 0.000277292
0.8581 0 0.000409219
0.859098 0 0.000401511
0.86019 0 0.00028073
0.861099 0 0.000403803
0.862146 0 0.000279428
0.863101 0 0.000400365
0.864098 0 0.00039573
0.865098 0 0.000398594
0.8661 0 0.000275105
0.867099 0 0.000406823
0.868099 0 0.000392292
0.869106 0 0.000400521
0.8701 0 0.00039573
0.87111 0 0.000283855
0.872101 0 0.000404375
0.873104 0 0.000407032
0.874177 0 0.000276511
0.875109 0 0.000400521
0.876103 0 0.000388438
0.877098 0 0.000398855
0.87811 0 0.000334948
0.879132 0 0.000259011
0.880115 0 0.000400053
0.881103 0 0.000297969
0.88213 0 0.000399688
0.883102 0 0.000391303
0.884097 0 0.000371563
0.885107 0 0.000385365
0.886107 0 0.000403021
0.887101 0 0.000400782
0.888099 0 0.00039323
0.889102 0 0.00040198
0.890103 0 0.000321459
0.891111 0 0.000400209
0.892103 0 0.000406303
0.893176 0 0.000168334
0.894108 0 0.000398334
0.895103 0 0.000302813
0.896112 0 0.000271719
0.897104 0 0.000402032
0.898108 0 0.000275573
0.899105 0 0.000396146
0.900096 0 0.000407865
0.901104 0 0.000407084
0.902097 0 0.00041323
0.903103 0 0.000284011
0.904099 0 0.000392761
0.905097 0 0.000393386
0.906102 0 0.000258125
0.907111 0 0.000398386
0.908105 0 0.000373907
0.909101 0 0.000285313
0.910104 0 0.000394063
0.9111 0 0.000296146
0.912108 0 0.000397448
0.913103 0 0.000336928
0.91419 0 0.000174584
0.915103 0 0.000406511
0.916103 0 0.000263125
0.917109 0 0.000396615
0.918103 0 0.000402605
0.919106 0 0.000406042
0.920094 0 0.000407553
0.921106 0 0.000412136
0.922096 0 0.000416042
0.923096 0 0.00031599
0.924104 0 0.000274219
0.925104 0 0.000407605
0.926186 0 0.00017698
0.9271 0 0.00040125
0.9281 0 0.000393959
0.929104 0 0.000399532
0.930097 0 0.000385365
0.931105 0 0.00040349
0.932098 0 0.000427553
0.933088 0 0.000409323
0.93409 0 0.000431094
0.935088 0 0.000437917
0.936086 0 0.000437605
0.937086 0 0.000437813
0.938098 0 0.000438125
0.939086 0 0.000439011
0.940086 0 0.000437917
0.941085 0 0.000438803
0.942086 0 0.000439115
0.943085 0 0.000419636
0.944088 0 0.000430625
0.945083 0 0.000438907
0.946084 0 0.000437657
0.947083 0 0.000435938
0.94809 0 0.0004375
0.949083 0 0.000437188
0.950083 0 0.0004375
0.951083 0 0.000437553
0.952083 0 0.000436875
0.953083 0 0.000437396
0.954083 0 0.000439532
0.955083 0 0.000440053
0.956083 0 0.000440261
0.957086 0 0.000439584
0.958089 0 0.00043724
0.959087 0 0.000438073
0.960087 0 0.000439323
0.961085 0 0.000437553
0.962085 0 0.000440209
0.963085 0 0.000436719
0.964086 0 0.000439896
0.965086 0 0.000439792
0.966085 0 0.000439271
0.967083 0 0.000440105
0.968083 0 0.000437292
0.969083 0 0.000437969
0.970082 0 0.000438334
0.971082 0 0.000438803
0.972082 0 0.000438282
0.973082 0 0.000438542
0.974082 0 0.00043849
0.975082 0 4.7605e-05
0.976093 0 0.000432188
0.977081 0 0.000441042
0.978082 0 0.000437553
0.979086 0 0.000440573
0.980082 0 0.000441407
0.981082 0 0.00044375
0.982081 0 0.000443698
0.983082 0 0.000435834
0.984082 0 0.000442136
0.985082 0 0.000443542
0.986082 0 0.000443803
0.987082 0 0.00044349
0.988081 0 0.000442396
0.98908 0 0.000443334
0.990079 0 0.000441146
0.99108 0 0.00044125
0.992079 0 0.000441719
0.99308 0 0.000441407
0.99408 0 0.000440678
0.995079 0 0.000441303
0.996079 0 0.000441563
0.997079 0 0.000443646
0.99808 0 0.00044099
0.99908 0 0.00044323
1.00008 0 0.000443698
1.00108 0 0.000443646
1.00208 0 0.000437605
1.00308 0 0.000443855
1.00408 0 0.000443803
1.00508 0 0.000443803
1.00608 0 0.000443438
1.00708 0 0.000443907
1.00808 0 0.000442136
1.00908 0 0.000443282
1.01008 0 0.000443125
1.01108 0 0.000441667
1.01208 0 0.000441667
1.01308 0 0.000441511
1.01408 0 0.000441094
1.01508 0 0.000441407
1.01608 0 0.000440782
1.01708 0 0.00044099
1.01809 0 0.00042948
1.01909 0 0.000438178
1.02008 0 0.000439167
1.02109 0 0.000440157
1.02209 0 0.00043823
1.02308 0 0.000439271
