1.406e-06 0.000664948 0 0.000311407
0.00123354 0.000555 0 0.000201563
0.00210448 0.000557708 0 0.000328907
0.00313687 0.000669948 0 0.000184271
0.00415964 0.000886719 0 -5.6406e-05
0.0050613 0.000744792 0 0.000186667
0.00613036 0.000524167 0 0.000337709
0.00711292 0.00050401 0 0.000373907
0.00810354 0.000525938 0 0.000365052
0.00912599 0.000540677 0 0.000321719
0.0101092 0.000537291 0 0.000345313
0.0111324 0.000764531 0 9.4792e-05
0.0124305 0.000609062 0 -4.6406e-05
0.0130514 0.000586927 0 0.000355938
0.0141106 0.000521875 0 0.000361615
0.0151039 0.000521823 0 0.00036875
0.0161007 0.000522291 0 0.000371407
0.0170998 0.000520365 0 0.000374271
0.0180998 0.000520365 0 0.000374323
0.0190998 0.000519583 0 0.000375209
0.0200997 0.000517188 0 0.0003775
0.0211001 0.000516667 0 0.000377761
0.0221034 0.000512031 0 0.000378959
0.0231032 0.000512761 0 0.000378542
0.0241113 0.000505417 0 0.000377865
0.0251041 0.000511823 0 0.00037875
0.0261037 0.000516823 0 0.000373959
0.0271044 0.000514531 0 0.000375573
0.028103 0.000512813 0 0.000378698
0.0291033 0.000512552 0 0.000378594
0.0301033 0.000512135 0 0.000379271
0.0310998 0.000515729 0 0.000379063
0.0320998 0.000516094 0 0.000378698
0.0330997 0.00052 0 0.000374948
0.0341007 0.0005125 0 0.00038
0.0350943 0.000516875 0 0.000382084
0.0360944 0.000517448 0 0.00038125
0.0370954 0.000515885 0 0.000382084
0.0380952 0.000515416 0 0.000382605
0.0390948 0.000515833 0 0.0003825
0.0400944 0.000516927 0 0.000381771
0.0410944 0.000514427 0 0.000385886
0.0420965 0.000513229 0 0.000383438
0.0430971 0.000510989 0 0.000386407
0.0440983 0.000513073 0 0.000381459
0.0450975 0.000511198 0 0.000385261
0.046099 0.000509062 0 0.000386615
0.0470982 0.000509687 0 0.000386459
0.0480991 0.000509479 0 0.000386146
0.0490983 0.000508542 0 0.000386719
0.0500987 0.000509896 0 0.000386042
0.0510983 0.00051 0 0.000386198
0.0520991 0.000508229 0 0.000387188
0.0530955 0.000513385 0 0.000385782
0.0541622 0.000582813 0 0.00024849
0.0551015 0.000517604 0 0.000374636
0.0561009 0.000515677 0 0.000377657
0.0570981 0.000518959 0 0.000377292
0.0580989 0.00051948 0 0.000376355
0.059166 0.000591302 0 0.000236042
0.0601037 0.000521927 0 0.00036849
0.0611006 0.000522031 0 0.000371771
0.0621018 0.000517813 0 0.000374896
0.0631003 0.000516302 0 0.000378021
0.0641082 0.000507916 0 0.000378073
0.0651032 0.000512708 0 0.00037849
0.0661018 0.000518282 0 0.000374427
0.0671032 0.000513177 0 0.000378125
0.0681032 0.000513125 0 0.000378282
0.069103 0.000512708 0 0.000378125
0.0701033 0.000512448 0 0.000378959
0.0711032 0.000512917 0 0.000378438
0.0721032 0.000514011 0 0.00037724
0.0731037 0.000509584 0 0.00038
0.0741097 0.000507656 0 0.00037724
0.0751 0.000515417 0 0.000379219
0.0760998 0.000519792 0 0.000374948
0.0771001 0.000519323 0 0.000375313
0.0781 0.000519063 0 0.000375469
0.0790997 0.000519635 0 0.000375209
0.0800997 0.000519062 0 0.00037573
0.0810999 0.000519375 0 0.000375105
0.0820998 0.000519323 0 0.000375573
0.0830998 0.000519063 0 0.000375677
0.0841073 0.000508125 0 0.000378907
0.0851014 0.000514427 0 0.000377813
0.0861109 0.00049177 0 0.000392292
0.087099 0.000502084 0 0.000393698
0.0880958 0.000503386 0 0.000396042
0.0890957 0.000502135 0 0.0003975
0.0900968 0.000503333 0 0.000395157
0.0910982 0.000500521 0 0.000396563
0.0920969 0.000501563 0 0.000396823
0.0930958 0.000502604 0 0.000397032
0.0941022 0.000496823 0 0.000396146
0.095097 0.000502761 0 0.000395417
0.0960926 0.000506823 0 0.00039599
0.097094 0.000504688 0 0.000396615
0.0980927 0.000508646 0 0.000393698
0.0990934 0.000508073 0 0.00039375
0.100094 0.00050776 0 0.000393855
0.101094 0.000507187 0 0.000393959
0.102093 0.000508385 0 0.000393959
0.103093 0.000508698 0 0.000393802
0.104097 0.00050401 0 0.00039375
0.105095 0.000507813 0 0.000392813
0.106093 0.000505677 0 0.000396302
0.107093 0.00050526 0 0.00039698
0.108096 0.000502917 0 0.000396667
0.109096 0.000503854 0 0.000395573
0.110096 0.000502448 0 0.00039698
0.111096 0.000502552 0 0.000397084
0.112096 0.000502083 0 0.00039724
0.113096 0.000502916 0 0.000396355
0.114101 0.000498594 0 0.000396146
0.115096 0.000502656 0 0.000396667
0.116096 0.000502032 0 0.000396719
0.117095 0.000503177 0 0.000397032
0.118093 0.000505156 0 0.000397084
0.119093 0.000508854 0 0.000393334
0.120093 0.000507813 0 0.000394271
0.121093 0.000508229 0 0.000393959
0.122093 0.000509062 0 0.000393386
0.123093 0.000531666 0 0.000370209
0.124098 0.000504375 0 0.000392865
0.125093 0.00050901 0 0.000393334
0.126093 0.000509011 0 0.000393073
0.127093 0.000505209 0 0.000397292
0.128093 0.000505886 0 0.000396875
0.129093 0.000504947 0 0.000396823
0.130096 0.000503177 0 0.000396146
0.131096 0.000502812 0 0.000396459
0.132096 0.000501406 0 0.000397865
0.133096 0.000503646 0 0.000396146
0.134102 0.000496562 0 0.00039724
0.135096 0.000502396 0 0.000397032
0.136096 0.000502344 0 0.0003975
0.137096 0.000502916 0 0.000396355
0.138096 0.000502865 0 0.000396198
0.139093 0.00050625 0 0.000396302
0.140093 0.000505677 0 0.000396823
0.141093 0.000508907 0 0.000393594
0.142094 0.000507761 0 0.000393646
0.143094 0.000530156 0 0.000371094
0.144098 0.000498282 0 0.000398594
0.145088 0.000507604 0 0.000399896
0.146088 0.000509427 0 0.000398125
0.147088 0.000506979 0 0.000400261
0.148088 0.00050802 0 0.000399427
0.149088 0.000505104 0 0.00040224
0.150088 0.000504844 0 0.000402448
0.151091 0.000502813 0 0.000401823
0.152091 0.000502865 0 0.000401875
0.153091 0.000502135 0 0.000402657
0.154096 0.000505781 0 0.000393177
0.155095 0.000502448 0 0.000397657
0.156095 0.000502084 0 0.000397917
0.157095 0.00050375 0 0.000396511
0.158095 0.000502343 0 0.00039823
0.159095 0.00050224 0 0.000398021
0.160094 0.000502917 0 0.000397969
0.161092 0.00050526 0 0.000398438
0.162091 0.000509375 0 0.000394636
0.163092 0.000507083 0 0.000396615
0.164097 0.000503333 0 0.000395313
0.165091 0.000508073 0 0.000395938
0.166091 0.00077625 0 0.000125469
0.167102 0.0005 0 0.000392344
0.168092 0.000506302 0 0.000397448
0.169088 0.000508229 0 0.000398802
0.170089 0.000506615 0 0.000399323
0.171088 0.000506406 0 0.00040125
0.172093 0.000509948 0 0.000391459
0.173095 0.000500156 0 0.0004
0.174091 0.000508802 0 0.000395
0.175091 0.000502187 0 0.000402084
0.176091 0.00050224 0 0.000402396
0.17709 0.000501927 0 0.000403021
0.178091 0.000503438 0 0.000400417
0.17909 0.000502761 0 0.000402344
0.180091 0.000501563 0 0.000403073
0.181091 0.000502188 0 0.000402396
0.182087 0.000505782 0 0.000402396
0.183087 0.000504896 0 0.000402657
0.184091 0.00050599 0 0.000398542
0.185089 0.000555364 0 0.000350625
0.18609 0.000510104 0 0.000395677
0.187089 0.0005075 0 0.000399167
0.188088 0.000508907 0 0.000398698
0.189088 0.00050875 0 0.000398334
0.190088 0.000507187 0 0.0004
0.191088 0.000507135 0 0.000400157
0.192088 0.000505104 0 0.000402188
0.193088 0.00050474 0 0.000402813
0.194091 0.000504948 0 0.000399115
0.195097 0.000507916 0 0.000389323
0.196096 0.000499011 0 0.000400573
0.197091 0.00050224 0 0.000401719
0.198091 0.000502448 0 0.000401875
0.199091 0.000501511 0 0.000402917
0.200092 0.000500834 0 0.000402448
0.201091 0.000501198 0 0.00040323
0.202091 0.000502552 0 0.000401407
0.203091 0.000501979 0 0.000402813
0.204252 0.000477916 0 0.000265105
0.205092 0.000503282 0 0.000399688
0.206088 0.000508229 0 0.000398855
0.207088 0.000508281 0 0.000399011
0.208088 0.000507865 0 0.000399688
0.209088 0.000507344 0 0.000399584
0.210088 0.00050802 0 0.000398802
0.211088 0.000508594 0 0.000398542
0.212089 0.000507968 0 0.000398177
0.213088 0.000508646 0 0.000398594
0.21409 0.000506094 0 0.000397761
0.215088 0.000505573 0 0.000401198
0.216091 0.000502136 0 0.000402552
0.217091 0.000502188 0 0.000402396
0.21809 0.000502552 0 0.000402344
0.219091 0.000501927 0 0.000402813
0.220091 0.000503594 0 0.00040099
0.221091 0.00050151 0 0.000402709
0.22209 0.000502865 0 0.000401198
0.223091 0.000502187 0 0.000402084
0.224099 0.000501042 0 0.000394636
0.225096 0.000506771 0 0.000392761
0.226093 0.000505573 0 0.000396719
0.227093 0.000508541 0 0.000393855
0.228092 0.000510677 0 0.000392188
0.229094 0.000506927 0 0.000393855
0.230094 0.00050776 0 0.00039375
0.231094 0.000507864 0 0.000393177
0.232093 0.000508854 0 0.000393542
0.233093 0.000508646 0 0.000394011
0.234098 0.000503386 0 0.000393542
0.235093 0.000506511 0 0.000396042
0.236093 0.000505157 0 0.000397344
0.237093 0.000505157 0 0.000397344
0.238096 0.000502396 0 0.000397188
0.239095 0.000501927 0 0.000397709
0.240096 0.000502969 0 0.000396615
0.241096 0.000502604 0 0.000397136
0.242096 0.000503177 0 0.000396198
0.243096 0.000502239 0 0.000397084
0.244102 0.000497344 0 0.000395938
0.245096 0.000502396 0 0.00039724
0.246095 0.000503489 0 0.000396355
0.247092 0.000505833 0 0.000397084
0.248093 0.000505781 0 0.000396823
0.249093 0.000508646 0 0.000393855
0.250093 0.000507344 0 0.000394688
0.251093 0.000508229 0 0.000394375
0.252092 0.000507969 0 0.00039474
0.253092 0.00050875 0 0.000393907
0.254099 0.000497916 0 0.00039823
0.255088 0.000507968 0 0.000399375
0.256088 0.000507396 0 0.000399896
0.257088 0.000504323 0 0.000402761
0.258088 0.000504792 0 0.000402865
0.25909 0.000502239 0 0.000402709
0.260091 0.000527396 0 0.000377292
0.261091 0.000502396 0 0.000402292
0.262091 0.000501563 0 0.000402344
0.263091 0.00050276 0 0.00040198
0.264117 0.000483438 0 0.000394115
0.265095 0.000502761 0 0.000397292
0.266095 0.00050276 0 0.000397084
0.267095 0.000502343 0 0.000398021
0.268095 0.000502709 0 0.000397813
0.269092 0.000505625 0 0.000397969
0.270092 0.000508333 0 0.000395261
0.271092 0.000509375 0 0.000394323
0.272092 0.000509219 0 0.000394063
0.273091 0.000508854 0 0.00039474
0.274098 0.000502656 0 0.000394636
0.275092 0.00050875 0 0.000394844
0.276092 0.000508385 0 0.000395209
0.277092 0.000507969 0 0.000395469
0.278092 0.00050625 0 0.000397188
0.279092 0.000505782 0 0.000397917
0.280092 0.000528437 0 0.000375105
0.281095 0.000502292 0 0.000397709
0.282094 0.000503802 0 0.00039724
0.283094 0.000503177 0 0.000397813
0.2841 0.000497292 0 0.000397657
0.285095 0.000502448 0 0.000398334
0.286135 0.000462917 0 0.00039599
0.287095 0.000502605 0 0.000397344
0.288095 0.00050224 0 0.000398594
0.289094 0.000502865 0 0.000397917
0.290092 0.000505781 0 0.000397761
0.291092 0.000505052 0 0.000398178
0.292092 0.000508803 0 0.000394844
0.293092 0.000508333 0 0.000395209
0.294097 0.000502761 0 0.000395521
0.295092 0.000508073 0 0.000395105
0.296092 0.000508386 0 0.000394844
0.297092 0.000508229 0 0.000395105
0.298092 0.000508646 0 0.000394792
0.299092 0.000508333 0 0.000395261
0.300091 0.000505209 0 0.000398646
0.301092 0.000505208 0 0.000398073
0.302095 0.000503125 0 0.0003975
0.303095 0.000502344 0 0.000397969
0.3041 0.000497084 0 0.000398021
0.305094 0.000503229 0 0.000397396
0.306095 0.0005025 0 0.000397865
0.307095 0.000502292 0 0.000398386
0.308094 0.000502656 0 0.000398334
0.309095 0.000502292 0 0.000398386
0.310095 0.000502656 0 0.000397917
0.311094 0.000503125 0 0.000397605
0.312092 0.000505208 0 0.000398282
0.313091 0.000506302 0 0.000397605
0.314097 0.000503437 0 0.000394428
0.315092 0.000509167 0 0.000394532
0.316092 0.000509428 0 0.000394219
0.317091 0.000508438 0 0.000395209
0.318092 0.0005075 0 0.000395417
0.319092 0.000507969 0 0.000395157
0.320092 0.000507812 0 0.000395625
0.321092 0.000508073 0 0.000395209
0.322092 0.000506093 0 0.000397344
0.323092 0.000504479 0 0.00039875
0.3241 0.000497969 0 0.000397605
0.325095 0.000502344 0 0.000398021
0.326095 0.000502084 0 0.000397969
0.327094 0.000502812 0 0.000398282
0.328095 0.000502344 0 0.000398282
0.329095 0.000503281 0 0.000397344
0.330094 0.000502917 0 0.000398021
0.331095 0.000502708 0 0.000397605
0.332096 0.000500469 0 0.000398855
0.333094 0.000503438 0 0.000397344
0.334097 0.000501354 0 0.00039698
0.335091 0.000508438 0 0.000395469
0.336091 0.000508073 0 0.000395834
0.337092 0.00050776 0 0.00039474
0.338092 0.000508854 0 0.000394636
0.339092 0.000507187 0 0.000396407
0.340092 0.000508021 0 0.000395261
0.341092 0.000508542 0 0.000394896
0.342091 0.000509063 0 0.000394688
0.343092 0.000505521 0 0.000398021
0.344097 0.0005 0 0.000398594
0.345095 0.0005025 0 0.000398178
0.346094 0.000503281 0 0.000397448
0.347095 0.000502708 0 0.000397657
0.348095 0.000501719 0 0.00039849
0.349095 0.000502448 0 0.000398125
0.350094 0.000503125 0 0.000397709
0.351095 0.000502917 0 0.000397865
0.352094 0.000502969 0 0.000397865
0.353095 0.000502761 0 0.000398021
0.354099 0.000498594 0 0.000397292
0.355092 0.000505208 0 0.000398178
0.356091 0.000506302 0 0.000397448
0.357092 0.000508594 0 0.000394636
0.358091 0.000509167 0 0.000394896
0.359091 0.000506979 0 0.000396928
0.360091 0.000508594 0 0.000395261
0.361092 0.000508281 0 0.000395053
0.362092 0.000508282 0 0.000394896
0.363092 0.000508437 0 0.000395157
0.364097 0.000501563 0 0.000396615
0.365091 0.000505 0 0.000399219
0.366091 0.000504896 0 0.00039948
0.367417 0.000568594 0 6.303e-06
0.368094 0.000501771 0 0.000399584
0.369093 0.000499896 0 0.000402553
0.370092 0.000505938 0 0.000397813
0.371091 0.000502605 0 0.000401615
0.372091 0.000502552 0 0.000401875
0.373091 0.000503177 0 0.000401303
0.37409 0.000508802 0 0.000395625
0.375094 0.000499063 0 0.000402292
0.376091 0.000502188 0 0.00040224
0.377089 0.000504166 0 0.000402396
0.378089 0.000539739 0 0.000366667
0.379089 0.000506823 0 0.000399844
0.380089 0.000507656 0 0.000398907
0.381088 0.000507344 0 0.000399844
0.382088 0.000506771 0 0.000400782
0.383088 0.0005075 0 0.000399532
0.384089 0.000506197 0 0.000399323
0.385089 0.000508281 0 0.000398438
0.386088 0.000503906 0 0.000403125
0.387088 0.000508906 0 0.000398178
0.388089 0.000505417 0 0.000400625
0.389091 0.000502084 0 0.000402448
0.390091 0.000502604 0 0.000402188
0.39109 0.000502135 0 0.000402813
0.392092 0.00050099 0 0.000402865
0.39309 0.000501927 0 0.000403021
0.39409 0.000506407 0 0.000397969
0.395093 0.000499688 0 0.000402865
0.396091 0.000504896 0 0.000399844
0.39709 0.000503333 0 0.000402136
0.398088 0.000527448 0 0.000379532
0.399088 0.000505104 0 0.000402084
0.400088 0.000507343 0 0.000400053
0.401088 0.0005075 0 0.0004
0.402088 0.000507239 0 0.000400105
0.403087 0.000507448 0 0.000400417
0.40409 0.000506406 0 0.000399011
0.405088 0.000507344 0 0.000399636
0.406088 0.000507864 0 0.000399323
0.407088 0.000507396 0 0.000400053
0.408088 0.000505573 0 0.000401667
0.409087 0.000505416 0 0.0004025
0.410091 0.000502813 0 0.000401511
0.411091 0.000502344 0 0.000402188
0.412091 0.00050198 0 0.000402448
0.413091 0.000502031 0 0.000402553
0.414102 0.000497761 0 0.00039474
0.415097 0.000502969 0 0.000395469
0.416096 0.000502709 0 0.000396771
0.417096 0.000502604 0 0.000396563
0.418096 0.000502032 0 0.000397448
0.419096 0.000504375 0 0.000395105
0.420092 0.000505782 0 0.000397136
0.421093 0.000509167 0 0.000393282
0.422092 0.000509114 0 0.000393803
0.423094 0.000507395 0 0.00039375
0.424099 0.000501563 0 0.000394636
0.425093 0.000508125 0 0.000394428
0.426093 0.000509948 0 0.000392188
0.427093 0.000508177 0 0.000394219
0.428092 0.000509635 0 0.000393125
0.429093 0.00050875 0 0.000393698
0.430093 0.000505469 0 0.000397188
0.431093 0.000505782 0 0.000396771
0.432096 0.000502239 0 0.000397032
0.433096 0.00050276 0 0.000397032
0.434101 0.000497865 0 0.000396459
0.435096 0.00050276 0 0.000397084
0.436095 0.000502291 0 0.000397553
0.437096 0.000502291 0 0.000397084
0.438095 0.000502813 0 0.000397188
0.439097 0.000501562 0 0.000396928
0.440095 0.000502552 0 0.000397396
0.441093 0.000505364 0 0.000397084
0.442093 0.00050625 0 0.000396407
0.443093 0.000509947 0 0.000392448
0.444098 0.000503281 0 0.000394011
0.445093 0.000509062 0 0.000393021
0.446093 0.00050974 0 0.000392605
0.447093 0.000509323 0 0.000393334
0.448093 0.00050875 0 0.000393698
0.449094 0.0005075 0 0.000394011
0.450093 0.000508958 0 0.000393334
0.451093 0.000505365 0 0.000397136
0.452093 0.000506354 0 0.000396407
0.453095 0.000502709 0 0.000397292
0.454101 0.000497448 0 0.000397084
0.455096 0.000502031 0 0.000397084
0.456096 0.000502396 0 0.000397032
0.457096 0.000502917 0 0.000396719
0.458096 0.000503958 0 0.000395678
0.459096 0.000502188 0 0.00039724
0.460096 0.000502292 0 0.000397188
0.461095 0.000502656 0 0.000397084
0.462096 0.000502396 0 0.00039724
0.463092 0.000505625 0 0.000397448
0.464098 0.000495469 0 0.00040224
0.465088 0.000507187 0 0.000400053
0.466088 0.000507864 0 0.00039948
0.467088 0.00050724 0 0.000399844
0.468088 0.000507604 0 0.000399636
0.469088 0.000507292 0 0.000399792
0.470088 0.000508282 0 0.000399219
0.471088 0.000506979 0 0.000400365
0.472088 0.000507761 0 0.000399792
0.473088 0.000505625 0 0.000401928
0.474109 0.000490157 0 0.000395886
0.475097 0.000501615 0 0.000396355
0.476095 0.000502657 0 0.000397344
0.477095 0.000502396 0 0.00039724
0.478094 0.000504375 0 0.000396615
0.479095 0.000502656 0 0.000397709
0.480095 0.000502761 0 0.000397917
0.481094 0.000503333 0 0.000397761
0.482095 0.00050224 0 0.000397865
0.483094 0.000503386 0 0.000396928
0.4841 0.000497656 0 0.00039724
0.485091 0.000505677 0 0.000398178
0.486092 0.000508177 0 0.000394896
0.487092 0.000549427 0 0.000353855
0.488092 0.00050875 0 0.000393907
0.489091 0.000508542 0 0.000395157
0.490092 0.000509375 0 0.000394323
0.491092 0.000508386 0 0.000394844
0.492092 0.000507552 0 0.000395678
0.493092 0.000509791 0 0.000393855
0.494109 0.0004975 0 0.000388386
0.495096 0.000503333 0 0.000396094
0.496092 0.000505886 0 0.000397136
0.497096 0.000501302 0 0.000398178
0.498095 0.000503958 0 0.00039599
0.499095 0.000502864 0 0.000397448
0.500099 0.000502969 0 0.000392448
0.501096 0.000501406 0 0.000397448
0.502096 0.000502447 0 0.000396563
0.503095 0.000504219 0 0.000396355
0.504104 0.000493489 0 0.000398126
0.505095 0.000502083 0 0.000398334
0.506091 0.000505833 0 0.000398126
0.507092 0.000505938 0 0.000397761
0.508091 0.00050849 0 0.000395365
0.509091 0.000508334 0 0.000395365
0.510092 0.00050823 0 0.00039474
0.511091 0.000508594 0 0.000395209
0.512091 0.000508646 0 0.000395313
0.513092 0.00050849 0 0.000395261
0.514097 0.00050349 0 0.000394428
0.515091 0.000510156 0 0.000393855
0.516092 0.000504427 0 0.000399063
0.517091 0.000506042 0 0.000397813
0.518094 0.000503177 0 0.000397605
0.519095 0.000502865 0 0.000397813
0.520095 0.000502709 0 0.000398021
0.521094 0.00050276 0 0.000398021
0.522095 0.000502552 0 0.000397605
0.523094 0.000502708 0 0.000398178
0.524101 0.000496459 0 0.000397917
0.525095 0.000503125 0 0.000397605
0.526095 0.000502083 0 0.000398126
0.527095 0.000502447 0 0.000398021
0.528092 0.000505521 0 0.000397917
0.529092 0.000507969 0 0.000395626
0.530091 0.000509219 0 0.000394688
0.531092 0.000507864 0 0.000395469
0.532092 0.000507917 0 0.000395469
0.533092 0.000508437 0 0.000395053
0.534097 0.000503021 0 0.000395365
0.535092 0.00050901 0 0.000394323
0.536092 0.000506615 0 0.000396719
0.537092 0.000508489 0 0.000395157
0.538092 0.000505937 0 0.000397605
0.539092 0.000505937 0 0.000397448
0.540096 0.00050151 0 0.000398021
0.541095 0.0005025 0 0.00039823
0.542096 0.000502084 0 0.000397344
0.543095 0.0005025 0 0.000398282
0.544101 0.000496354 0 0.000397761
0.545095 0.000502553 0 0.000397917
0.546095 0.00050375 0 0.000396823
0.547095 0.0005025 0 0.000397969
0.548095 0.000502968 0 0.000397448
0.549092 0.000505781 0 0.000397709
0.550092 0.000505573 0 0.000397761
0.551092 0.000509114 0 0.000394376
0.552092 0.000508073 0 0.000395365
0.553092 0.000508281 0 0.000395053
0.554097 0.000503958 0 0.000394428
0.555092 0.000506875 0 0.000396719
0.556092 0.000508177 0 0.000395157
0.557092 0.000509792 0 0.000393855
0.558092 0.000508594 0 0.00039474
0.559092 0.000505209 0 0.000398542
0.560092 0.000506146 0 0.000397344
0.561095 0.000502292 0 0.000397917
0.562095 0.000502083 0 0.000397761
0.563101 0.000506927 0 0.000386823
0.564107 0.000492344 0 0.000395678
0.565094 0.000503177 0 0.000397657
0.566094 0.000502396 0 0.000398542
0.567094 0.000890364 0 8.021e-06
0.568103 0.000495573 0 0.000396303
0.569094 0.000500937 0 0.000400157
0.570093 0.000500052 0 0.000402448
0.571088 0.000505729 0 0.000401876
0.572088 0.000507291 0 0.000400105
0.573088 0.000507657 0 0.000399792
0.574088 0.000510885 0 0.000395521
0.575089 0.00050849 0 0.000398021
0.576089 0.00050724 0 0.000399167
0.577089 0.000506823 0 0.000399636
0.578088 0.000507343 0 0.000400001
0.579088 0.000506875 0 0.000400573
0.580088 0.000507604 0 0.000400105
0.581088 0.000504532 0 0.000403021
0.582088 0.000503854 0 0.000403178
0.583091 0.000502187 0 0.000402553
0.584091 0.000502968 0 0.000401251
0.585091 0.000501927 0 0.00040224
0.586091 0.000502708 0 0.000402032
0.587091 0.000502135 0 0.000402501
0.588142 0.000453698 0 0.000399376
0.589091 0.000502917 0 0.000401667
0.590091 0.000501719 0 0.000402605
0.591091 0.0005025 0 0.000402188
0.592091 0.000501614 0 0.000403126
0.593088 0.000505 0 0.000402605
0.594089 0.000531927 0 0.000371667
0.595088 0.000508958 0 0.000397761
0.596088 0.000506719 0 0.000400417
0.597088 0.000507812 0 0.000399428
0.598088 0.000507865 0 0.000399584
0.599088 0.000508177 0 0.000398907
0.600088 0.000509167 0 0.00039849
0.601088 0.000507917 0 0.000399688
0.602088 0.000505157 0 0.000402448
0.603088 0.000505208 0 0.000402396
0.604094 0.000506145 0 0.000395001
0.605097 0.000502083 0 0.000395105
0.606095 0.000501979 0 0.000398386
0.607095 0.000503177 0 0.000397501
0.608095 0.000502291 0 0.000397553
0.609095 0.000503907 0 0.000396615
0.610096 0.000501823 0 0.000397709
0.611095 0.000502448 0 0.000397969
0.612095 0.000502084 0 0.000398594
0.613094 0.000502656 0 0.000398073
0.614092 0.000531198 0 0.000372084
0.615093 0.000503125 0 0.000399323
0.616091 0.000508594 0 0.000395782
0.617091 0.000508437 0 0.00039573
0.618091 0.000508125 0 0.000395678
0.61909 0.00050901 0 0.000395834
0.620091 0.000508177 0 0.000396303
0.621093 0.00051 0 0.00039198
0.622094 0.000506823 0 0.000393959
0.623093 0.000508177 0 0.000394376
0.6241 0.000497604 0 0.00039724
0.625093 0.000505834 0 0.000396563
0.626096 0.000503489 0 0.000396198
0.627097 0.000501771 0 0.000396771
0.628096 0.000502708 0 0.000397084
0.629095 0.000503021 0 0.000396771
0.630096 0.000502083 0 0.000397605
0.631095 0.000503178 0 0.000396771
0.632095 0.000502708 0 0.000397084
0.633095 0.000502552 0 0.000397657
0.634101 0.000496615 0 0.000397761
0.635096 0.0005025 0 0.000396823
0.636093 0.000506146 0 0.000396094
0.637093 0.00050901 0 0.000393594
0.638093 0.000508542 0 0.000393959
0.639093 0.000509011 0 0.000393542
0.640093 0.00050875 0 0.000393646
0.641094 0.0005075 0 0.000393907
0.642093 0.000509271 0 0.000393386
0.643093 0.000508438 0 0.000394219
0.644098 0.000499167 0 0.00039849
0.645088 0.000504792 0 0.000402344
0.646088 0.000504895 0 0.000402501
0.647088 0.000505 0 0.000402032
0.64809 0.000502135 0 0.000402553
0.64909 0.000502343 0 0.000402605
0.65009 0.000502761 0 0.000402344
0.651091 0.000502188 0 0.000402292
0.65209 0.000502656 0 0.000402553
0.65309 0.00050224 0 0.000402969
0.654094 0.000503698 0 0.000397136
0.655096 0.000502552 0 0.000396823
0.656096 0.000502604 0 0.000396823
0.657093 0.000505886 0 0.000396667
0.658093 0.000506302 0 0.000396094
0.659093 0.000509584 0 0.000392969
0.660092 0.00050875 0 0.000394323
0.661092 0.000509583 0 0.000393334
0.662093 0.000508958 0 0.000393803
0.663094 0.000507552 0 0.000394063
0.6641 0.000501667 0 0.000394063
0.665093 0.000508438 0 0.000394219
0.666093 0.000509271 0 0.000393126
0.667093 0.000505729 0 0.000396719
0.668093 0.000506406 0 0.000396355
0.669096 0.000502917 0 0.000396667
0.670096 0.000503594 0 0.00039599
0.671096 0.0005025 0 0.000397032
0.672096 0.000502656 0 0.00039698
0.673096 0.0005025 0 0.000396771
0.674101 0.000493281 0 0.000400938
0.675091 0.000502239 0 0.000402396
0.676091 0.000503385 0 0.000401355
0.677091 0.000502604 0 0.000402084
0.67809 0.000502969 0 0.000402032
0.679088 0.000505104 0 0.000402553
0.680088 0.000507396 0 0.000400001
0.681088 0.000508386 0 0.000399115
0.682088 0.000507916 0 0.000399376
0.683088 0.00050849 0 0.000399167
0.684102 0.000499322 0 0.000393386
0.685094 0.000508073 0 0.000393803
0.686092 0.000508542 0 0.00039448
0.687092 0.000508698 0 0.000394428
0.688092 0.000549687 0 0.000353855
0.689093 0.000504427 0 0.000397969
0.690092 0.000506667 0 0.000397084
0.691095 0.000503333 0 0.000396928
0.692095 0.000502188 0 0.000397657
0.693095 0.000501823 0 0.000399011
0.694101 0.000496563 0 0.000397865
0.695095 0.000502083 0 0.000398646
0.696094 0.000503437 0 0.000397396
0.697095 0.000502969 0 0.000397605
0.698095 0.000503437 0 0.000397032
0.699095 0.000502709 0 0.000397917
0.700095 0.000502969 0 0.000397709
0.701091 0.000505781 0 0.000398021
0.702092 0.000508594 0 0.000395053
0.703092 0.00050875 0 0.000394896
0.704097 0.000502917 0 0.000395417
0.705092 0.000508907 0 0.000394844
0.706092 0.000508334 0 0.000395313
0.707091 0.000509635 0 0.000394584
0.708092 0.000508542 0 0.000395157
0.709092 0.000507969 0 0.000395834
0.710091 0.00050599 0 0.000398021
0.711091 0.000505313 0 0.000398594
0.712095 0.000502656 0 0.000398021
0.713095 0.000502239 0 0.000398282
0.7141 0.000498802 0 0.000396615
0.715095 0.0005025 0 0.000397865
0.716095 0.000502813 0 0.000397917
0.717095 0.000501875 0 0.000398126
0.718095 0.000502761 0 0.000397969
0.719095 0.000502865 0 0.000397969
0.720095 0.0005025 0 0.00039849
0.721094 0.00050276 0 0.000398334
0.722092 0.000505729 0 0.000397969
0.723101 0.000513959 0 0.000378334
0.724102 0.000503906 0 0.000388438
0.725093 0.00051 0 0.000391876
0.726092 0.00050927 0 0.000394324
0.727093 0.000508594 0 0.000394115
0.728092 0.00050974 0 0.000393907
0.729093 0.000507708 0 0.000394584
0.730091 0.000509479 0 0.000394636
0.731092 0.000508802 0 0.00039448
0.732092 0.000536042 0 0.000367761
0.733092 0.000505677 0 0.000397657
0.734101 0.000497083 0 0.000397605
0.735094 0.000502708 0 0.00039823
0.736095 0.000502239 0 0.00039823
0.737095 0.000502396 0 0.000398021
0.738095 0.000502344 0 0.000397969
0.739095 0.000503386 0 0.000397449
0.740094 0.000502968 0 0.000398074
0.741095 0.000503438 0 0.000397396
0.742094 0.000502448 0 0.000398438
0.743095 0.000503021 0 0.000397605
0.744096 0.000501093 0 0.000397969
0.745091 0.000509271 0 0.000394688
0.746092 0.000509062 0 0.00039448
0.747092 0.000508698 0 0.00039474
0.748092 0.000509271 0 0.00039448
0.749092 0.000508542 0 0.000395261
0.750091 0.000509583 0 0.00039448
0.751092 0.000508438 0 0.000395469
0.752092 0.000531094 0 0.000372292
0.753092 0.000505521 0 0.000397709
0.754097 0.000501041 0 0.000397501
0.755092 0.00050552 0 0.000397969
0.756094 0.000503177 0 0.000398126
0.757095 0.000502657 0 0.000397865
0.758095 0.000503281 0 0.000397449
0.759095 0.000502136 0 0.000398438
0.760094 0.000502605 0 0.00039849
0.761094 0.000503229 0 0.000397761
0.762096 0.000511145 0 0.000388021
0.763096 0.000502448 0 0.000397032
0.764102 0.000494895 0 0.000398699
0.765091 0.000506198 0 0.000398334
0.766091 0.000505156 0 0.000399271
0.767091 0.000507968 0 0.000396251
0.768471 0.000511719 0 1.0678e-05
0.769098 0.000503385 0 0.000393646
0.770089 0.000508802 0 0.000397344
0.771088 0.000507187 0 0.00039974
0.772089 0.000507865 0 0.00039823
0.773088 0.000507188 0 0.000400209
0.774091 0.000508854 0 0.000395521
0.775089 0.000504635 0 0.000401876
0.776088 0.000504218 0 0.000403074
0.777091 0.000502292 0 0.00040224
0.77809 0.000504219 0 0.000400678
0.779091 0.000502291 0 0.000402396
0.780091 0.000502343 0 0.000402396
0.781091 0.000837448 0 6.5053e-05
0.782106 0.000494479 0 0.000393178
0.783095 0.0005 0 0.00039974
0.784091 0.000503073 0 0.000400626
0.785091 0.000501927 0 0.00040198
0.786091 0.000502135 0 0.000402553
0.787088 0.000505261 0 0.000402188
0.788088 0.000508802 0 0.000398907
0.789087 0.000564895 0 0.000342813
0.79009 0.000506927 0 0.000397032
0.791089 0.0005075 0 0.000399324
0.792088 0.000508542 0 0.000398959
0.793088 0.000507865 0 0.000399532
0.794091 0.000508802 0 0.000395417
0.79509 0.00050698 0 0.000397969
0.796088 0.000508073 0 0.000399532
0.797088 0.000505 0 0.000402344
0.798088 0.000504635 0 0.000403021
0.799091 0.000502395 0 0.000402501
0.800091 0.000502448 0 0.000402501
0.801091 0.000501927 0 0.000402553
0.80209 0.000502604 0 0.000402761
0.80309 0.000502865 0 0.000402188
0.804096 0.000503333 0 0.000395782
0.805097 0.000502084 0 0.000395209
0.806096 0.000503021 0 0.000396303
0.807095 0.000503438 0 0.000396563
0.808093 0.000505781 0 0.000396928
0.809093 0.000505312 0 0.000397032
0.810093 0.000533646 0 0.000368386
0.811093 0.000508125 0 0.000394115
0.812093 0.000509063 0 0.00039349
0.813093 0.000508333 0 0.000394219
0.814094 0.000507708 0 0.000393021
0.815093 0.000510469 0 0.00039198
0.816093 0.000508698 0 0.000394063
0.817093 0.000508906 0 0.000393803
0.818092 0.000506146 0 0.000396615
0.819092 0.000506718 0 0.000396199
0.820096 0.000502709 0 0.000396667
0.821096 0.000503021 0 0.000396511
0.822095 0.000504271 0 0.000395678
0.823096 0.000502604 0 0.000396563
0.824104 0.000495677 0 0.000395938
0.825096 0.000502657 0 0.000396719
0.826096 0.000503437 0 0.000395782
0.827096 0.000502709 0 0.000396667
0.828095 0.00050349 0 0.000396563
0.829096 0.000502552 0 0.000396615
0.830093 0.00053 0 0.000372709
0.831093 0.000506094 0 0.00039599
0.832093 0.00050927 0 0.000393021
0.833093 0.000509219 0 0.000393438
0.834098 0.000503854 0 0.000393699
0.835093 0.000508802 0 0.000393699
0.836094 0.000507917 0 0.000393907
0.837092 0.000509636 0 0.000393386
0.838093 0.000508437 0 0.000393803
0.839094 0.000508282 0 0.000392969
0.840093 0.000505208 0 0.000397657
0.841093 0.000505781 0 0.000396824
0.842096 0.000503229 0 0.000396199
0.843096 0.000503489 0 0.000396303
0.844101 0.000497917 0 0.000396667
0.845096 0.000501927 0 0.000397449
0.846097 0.000501927 0 0.000396824
0.847096 0.000501927 0 0.000397501
0.848096 0.000502552 0 0.000397084
0.849096 0.000503073 0 0.000396771
0.850096 0.000502604 0 0.000397136
0.851096 0.000502187 0 0.000396824
0.852093 0.000504688 0 0.000397709
0.853093 0.000508646 0 0.000393803
0.854097 0.000504218 0 0.000393751
0.855094 0.000508646 0 0.000392865
0.856093 0.000508646 0 0.000394063
0.857093 0.000509167 0 0.000393334
0.858093 0.000508594 0 0.000394167
0.859093 0.000508906 0 0.000393751
0.860092 0.000509531 0 0.000393386
0.861093 0.000505313 0 0.000397344
0.862093 0.000505625 0 0.000397032
0.863092 0.000505678 0 0.000397344
0.864101 0.000497552 0 0.00039724
0.865096 0.00050224 0 0.000396719
0.866096 0.000502865 0 0.000396667
0.867095 0.000503125 0 0.000396824
0.868096 0.000503177 0 0.000396667
0.869096 0.00050302 0 0.000396876
0.870096 0.000501511 0 0.000397865
0.871096 0.0005025 0 0.000396928
0.872096 0.000503177 0 0.000396511
0.873093 0.000505208 0 0.000397501
0.874098 0.000501355 0 0.000396094
0.875093 0.00051 0 0.000392605
0.876093 0.000508698 0 0.000394011
0.877092 0.000509114 0 0.000393646
0.878094 0.000506823 0 0.000394584
0.879092 0.000509218 0 0.000393594
0.880092 0.000508542 0 0.000394532
0.881093 0.000508177 0 0.00039448
0.882093 0.000508645 0 0.000393699
0.883094 0.000504375 0 0.000396771
0.884098 0.000495208 0 0.000402605
0.88509 0.000502031 0 0.000403021
0.88609 0.000502761 0 0.000402136
0.887091 0.000501927 0 0.000402761
0.88809 0.000502813 0 0.000402292
0.88909 0.000502188 0 0.000402605
0.89013 0.000465104 0 0.000400157
0.891091 0.000502708 0 0.000401928
0.89209 0.000503021 0 0.000401876
0.893091 0.000503177 0 0.000401667
0.89412 0.000475833 0 0.000399272
0.895088 0.000506667 0 0.000400678
0.896089 0.000507188 0 0.000398959
0.897088 0.000508489 0 0.000398699
0.898089 0.00050651 0 0.000399792
0.899088 0.000507865 0 0.000399584
0.900088 0.000507865 0 0.000399115
0.901088 0.000507343 0 0.000399897
0.902088 0.000507917 0 0.000399688
0.903087 0.000508698 0 0.000399167
0.904095 0.000504479 0 0.000395834
0.905093 0.000505416 0 0.000396928
0.906093 0.000506406 0 0.000396199
0.907096 0.000502031 0 0.000397344
0.908096 0.000503593 0 0.000395574
0.909096 0.000502031 0 0.000397657
0.910095 0.000503229 0 0.000396719
0.911096 0.000503385 0 0.000396147
0.912096 0.000502604 0 0.000396928
0.913095 0.000503334 0 0.000396719
0.914101 0.000492709 0 0.000401459
0.91509 0.000503229 0 0.000401772
0.916087 0.000505625 0 0.000402136
0.917088 0.000504843 0 0.000402397
0.918088 0.000507917 0 0.000399532
0.919088 0.000507865 0 0.000399584
0.920088 0.000507813 0 0.000399532
0.921088 0.000507657 0 0.000399688
0.922088 0.000509322 0 0.000397917
0.923088 0.000507083 0 0.000400157
0.924127 0.000481719 0 0.000385886
0.925093 0.00051 0 0.000391876
0.926094 0.000505989 0 0.000395678
0.927093 0.000505104 0 0.000397709
0.928095 0.000503229 0 0.000397501
0.929094 0.000502605 0 0.00039849
0.930096 0.000501823 0 0.000397761
0.931095 0.000502552 0 0.000397917
0.932095 0.000502396 0 0.000398022
0.933095 0.000502969 0 0.000397709
0.9341 0.000497032 0 0.000397813
0.935095 0.000501823 0 0.000398334
0.936095 0.000502292 0 0.000398282
0.937095 0.000502448 0 0.000398334
0.938092 0.000505833 0 0.000397553
0.939092 0.00050599 0 0.000397657
0.940092 0.000507813 0 0.000395261
0.941092 0.000508282 0 0.000395417
0.942092 0.000508854 0 0.000394584
0.943091 0.000508594 0 0.000395313
0.944096 0.000503854 0 0.000395209
0.945092 0.000509011 0 0.000394636
0.946092 0.000508646 0 0.000394636
0.947092 0.000508594 0 0.000395105
0.948092 0.000529844 0 0.000373959
0.949092 0.000505469 0 0.000397605
0.950095 0.000502605 0 0.000397865
0.951094 0.000503437 0 0.000397501
0.952094 0.000503542 0 0.000397553
0.953094 0.00050276 0 0.00039823
0.9541 0.000497969 0 0.000397657
0.955095 0.000503073 0 0.000397605
0.956095 0.000502448 0 0.000398178
0.957094 0.000503125 0 0.000397761
0.958095 0.000503021 0 0.000397865
0.959095 0.000502187 0 0.000398594
0.960092 0.000505729 0 0.000397605
0.961092 0.000508177 0 0.000395105
0.962091 0.000509375 0 0.000394636
0.963091 0.000508802 0 0.000395105
0.964096 0.000503854 0 0.000395105
0.965091 0.000508281 0 0.000396094
0.966091 0.000507969 0 0.000396511
0.967091 0.000507187 0 0.000396876
0.968091 0.000531302 0 0.000372813
0.969464 0.000530104 0 -5.2e-07
0.970006 0.000470365 0 0.000519532
0.971096 0.000498177 0 0.000401563
0.972092 0.000500261 0 0.000402657
0.973092 0.00050125 0 0.000402032
0.974092 0.000505364 0 0.000397397
0.975094 0.000499427 0 0.000402084
0.976091 0.000503646 0 0.000401199
0.977091 0.000502553 0 0.000402344
0.97809 0.000502448 0 0.000402657
0.979091 0.000501667 0 0.000402917
0.98009 0.00050375 0 0.000401251
0.981088 0.000504792 0 0.000402761
0.982088 0.000504323 0 0.000403074
0.983088 0.0005075 0 0.000400105
0.984089 0.000507083 0 0.000398959
0.985088 0.000507916 0 0.000399376
0.986088 0.000509271 0 0.00039849
0.987088 0.000507865 0 0.000399584
0.988088 0.000507396 0 0.000400105
0.989088 0.00050875 0 0.000398803
0.990088 0.000556719 0 0.000350313
0.991089 0.00050625 0 0.000400001
0.992088 0.000505312 0 0.000402501
0.993091 0.000501875 0 0.000402605
0.99409 0.000506927 0 0.000396667
0.995091 0.000501719 0 0.000402761
0.996091 0.00050276 0 0.000402032
0.997091 0.000502083 0 0.000402657
0.998091 0.000501823 0 0.000402917
0.99909 0.000502344 0 0.000402865
1.00009 0.000502448 0 0.000402657
1.00109 0.000502396 0 0.000402553
1.00209 0.000502969 0 0.000401563
1.00309 0.000504844 0 0.000402813
1.00409 0.00050849 0 0.000393386
1.00509 0.000509479 0 0.000394636
1.00609 0.000509687 0 0.000394219
1.00709 0.000510313 0 0.000394011
1.00809 0.00050776 0 0.000396094
1.00909 0.000508854 0 0.000395105
1.01009 0.0005075 0 0.000395678
1.01109 0.000508593 0 0.000394897
1.01209 0.000506614 0 0.000397344
1.01309 0.000505104 0 0.000398594
1.01409 0.000504948 0 0.000396042
1.0151 0.000502865 0 0.000397136
1.01609 0.000502761 0 0.000397865
1.01709 0.000502917 0 0.000397917
1.01809 0.000502864 0 0.000397501
1.01909 0.000502709 0 0.000398386
1.02009 0.000502604 0 0.000398594
1.02109 0.000503698 0 0.000397865
1.02209 0.000502032 0 0.000399063
1.02309 0.000502864 0 0.000397969
