9.89e-07 0.000716146 0 0.0492635
0.0502364 0.000571198 0 0.0491807
0.100106 0.000545937 0 0.0493425
0.150101 0.000552916 0 0.0493416
0.200093 0.000552344 0 0.0493482
0.250103 0.000539323 0 0.0493531
0.300096 0.000561406 0 0.0493376
0.350096 0.00166828 0 0.048231
0.400093 0.000553177 0 0.0493482
0.450108 0.000546719 0 0.0493398
0.500096 0.00166521 0 0.0482344
0.550097 0.00166708 0 0.0482315
0.60009 0.00055224 0 0.049351
0.650097 0.000543177 0 0.0493557
0.700094 0.00166614 0 0.0482361
0.750104 0.000580729 0 0.0493077
0.800111 0.000569896 0 0.0493115
0.850166 0.000710208 0 0.0491127
0.900144 0.000574375 0 0.0492702
0.950204 0.000636094 0 0.0491469
1.00014 0.000693282 0 0.0491491
1.05013 0.000639219 0 0.0492258
1.10015 0.000689323 0 0.0491472
1.15015 0.00070151 0 0.0491322
1.20016 0.00072375 0 0.0491032
1.25012 0.000577343 0 0.0492901
1.30013 0.000561198 0 0.0493048
1.35012 0.000565261 0 0.0493054
1.40013 0.000586667 0 0.0492694
1.45012 0.000573541 0 0.0492968
1.50015 0.000684791 0 0.0491492
1.55013 0.00055974 0 0.0493013
1.60012 0.00059349 0 0.0492751
1.65013 0.000567604 0 0.0492969
1.70022 0.00062151 0 0.0491453
1.75013 0.000559218 0 0.0493038
1.80011 0.000574791 0 0.0493041
1.85012 0.000579635 0 0.0492888
1.90013 0.000560104 0 0.0493073
1.95018 0.000499896 0 0.0493082
2.00015 0.000734687 0 0.0491035
2.0502 0.000630105 0 0.0491642
2.10013 0.000560417 0 0.0493056
2.15012 0.000562761 0 0.0493142
2.20011 0.00058651 0 0.0492953
2.25012 0.000563229 0 0.0493132
2.30012 0.000556042 0 0.0493228
2.35011 0.000605208 0 0.0492766
2.40011 0.000578177 0 0.0493036
2.45012 0.00057948 0 0.049293
2.50017 0.000507031 0 0.0493145
2.55011 0.000555417 0 0.0493244
2.60011 0.000575104 0 0.0493098
2.65012 0.000563073 0 0.0493154
2.70011 0.000562604 0 0.049324
2.75016 0.000514531 0 0.0493227
2.80011 0.000574271 0 0.0493118
2.85011 0.000565 0 0.0493208
2.90012 0.000567395 0 0.0493055
2.95012 0.000567864 0 0.0493088
3.00011 0.000573385 0 0.0493048
3.05012 0.000557864 0 0.0493189
3.10016 0.000516354 0 0.0493186
3.15011 0.000560416 0 0.0493207
3.20011 0.000570313 0 0.0493144
3.25011 0.000560156 0 0.0493213
3.30011 0.000561563 0 0.0493189
3.35016 0.000516094 0 0.0493214
3.40011 0.000572605 0 0.0493081
3.45011 0.000632552 0 0.0492482
3.50012 0.000562708 0 0.0493115
3.55011 0.000558906 0 0.0493209
3.60011 0.000575417 0 0.0493084
3.65011 0.000560625 0 0.0493189
3.70011 0.000561094 0 0.0493202
3.75011 0.000570417 0 0.0493171
3.80011 0.000571667 0 0.0493116
3.85013 0.000583958 0 0.0492781
3.90012 0.000570938 0 0.0492993
3.95012 0.000562709 0 0.0493076
4.00011 0.000576302 0 0.0492989
4.05012 0.000563645 0 0.0493145
4.10014 0.000589896 0 0.0492565
4.15013 0.000570312 0 0.0492918
4.20018 0.0006375 0 0.0491744
4.25012 0.000562969 0 0.049315
4.30016 0.000516146 0 0.0493196
4.35011 0.000558073 0 0.0493218
4.40011 0.000625625 0 0.0492587
4.45012 0.000570521 0 0.0492979
4.50012 0.000560833 0 0.0493119
4.55011 0.000563593 0 0.0493157
4.60011 0.000573489 0 0.0493101
4.65012 0.000557656 0 0.0493204
4.70011 0.000563802 0 0.0493183
4.75011 0.000555937 0 0.049325
4.80011 0.000570729 0 0.0493125
4.85021 0.000781666 0 0.0489939
4.90016 0.00071651 0 0.0491077
4.95017 0.000674063 0 0.0491371
5.00016 0.000708021 0 0.0491257
5.05014 0.000703281 0 0.0491499
5.10013 0.000552031 0 0.0493036
5.15011 0.00053974 0 0.0493492
5.2001 0.00055776 0 0.0493402
5.2501 0.00166646 0 0.0482334
5.30009 0.00166865 0 0.0482356
5.35009 0.000419583 0 0.0494851
5.40009 0.000549115 0 0.0493535
5.4501 0.000557761 0 0.049341
5.5001 0.000543907 0 0.049353
5.55009 0.00166901 0 0.048234
5.60009 0.00055224 0 0.0493523
5.6501 0.00166443 0 0.0482358
5.70009 0.00166521 0 0.0482376
5.75022 0.00170281 0 0.0480737
5.80011 0.00057276 0 0.0493091
5.85016 0.000514531 0 0.0493142
5.90011 0.000558698 0 0.0493224
5.95019 0.000512448 0 0.0492933
6.00011 0.000588021 0 0.0492906
6.05012 0.000566666 0 0.0493106
6.10011 0.000561615 0 0.04932
6.15012 0.000604427 0 0.0492742
6.20011 0.00056974 0 0.0493108
6.25012 0.0005575 0 0.0493206
6.30016 0.000517969 0 0.0493179
6.35011 0.000559063 0 0.0493258
6.40011 0.000568438 0 0.0493159
6.45012 0.000576042 0 0.0492993
6.50012 0.000557292 0 0.0493207
6.55011 0.000564323 0 0.0493155
6.60011 0.000576718 0 0.0493075
6.65012 0.000560052 0 0.049318
6.70014 0.000572968 0 0.0492773
6.75019 0.000493281 0 0.0493058
6.80012 0.000566042 0 0.0493113
6.85012 0.000558541 0 0.0493145
6.90011 0.000573594 0 0.0493075
6.95012 0.000568073 0 0.0493082
7.00011 0.000569948 0 0.0493109
7.05011 0.000590521 0 0.049285
7.10019 0.000494584 0 0.049311
7.15012 0.000573386 0 0.0493047
7.20011 0.000575364 0 0.0493031
7.25012 0.000564583 0 0.0493116
7.30011 0.000560729 0 0.0493212
7.35016 0.000516406 0 0.0493221
7.40011 0.000573854 0 0.049309
7.45017 0.000526823 0 0.049299
7.50012 0.000559688 0 0.0493141
7.55011 0.000565781 0 0.0493132
7.60011 0.000572135 0 0.0493111
7.65011 0.000562031 0 0.049319
7.70011 0.000560938 0 0.0493189
7.75011 0.000558906 0 0.0493235
7.80011 0.000573802 0 0.0493112
7.85011 0.000562135 0 0.0493172
7.90011 0.000565885 0 0.0493171
7.95012 0.000560937 0 0.0493173
8.00011 0.000569271 0 0.0493111
8.05012 0.000565261 0 0.0493089
8.10011 0.000565313 0 0.0493207
8.15011 0.000559739 0 0.0493219
8.20016 0.000527916 0 0.0493065
8.25011 0.000560104 0 0.0493195
8.30016 0.000514584 0 0.0493226
8.35011 0.000561406 0 0.0493198
8.40011 0.000569219 0 0.0493115
8.45012 0.000578646 0 0.049295
8.50012 0.000563281 0 0.0493159
8.55011 0.000561146 0 0.0493183
8.60011 0.000564947 0 0.0493168
8.65012 0.000566407 0 0.0493082
8.70012 0.000554739 0 0.0493223
8.75011 0.00056125 0 0.0493193
8.80011 0.00057401 0 0.0493098
8.85013 0.000593541 0 0.0492686
8.90012 0.000555886 0 0.0493112
8.95012 0.000565312 0 0.049304
9.00011 0.000574844 0 0.0493034
9.05011 0.000566562 0 0.0493143
9.10011 0.000601823 0 0.0492855
9.15012 0.000594323 0 0.0492786
9.20012 0.000564167 0 0.0493071
9.25018 0.000503282 0 0.0493117
9.30012 0.000561615 0 0.0493164
9.35011 0.000561719 0 0.0493216
9.40011 0.000567239 0 0.0493118
9.45012 0.000637656 0 0.0492378
9.50012 0.000564791 0 0.0493117
9.55011 0.00056224 0 0.049319
9.60011 0.000579948 0 0.0493007
9.65012 0.000557969 0 0.0493187
9.70016 0.000509167 0 0.0493239
9.75012 0.000556302 0 0.0493214
9.80011 0.000622552 0 0.0492616
9.85012 0.000554636 0 0.0493222
9.90017 0.000713854 0 0.0491025
9.95014 0.000716927 0 0.0491251
10.0002 0.000689739 0 0.0491289
10.0501 0.0005775 0 0.0492946
10.1001 0.000558177 0 0.0493046
10.1501 0.000544739 0 0.049349
10.2001 0.000557292 0 0.0493434
10.2501 0.0016651 0 0.0482335
10.3001 0.00042026 0 0.0494876
10.3501 0.00166458 0 0.0482368
10.4001 0.00055224 0 0.0493493
10.4501 0.000559792 0 0.049338
10.5001 0.00166589 0 0.0482342
10.5501 0.0016676 0 0.0482358
10.6001 0.00167495 0 0.0482297
10.6501 0.00166438 0 0.0482364
10.7001 0.000425885 0 0.0494784
10.7502 0.000450104 0 0.0493542
10.8001 0.000575833 0 0.0493093
10.8502 0.000509948 0 0.0493195
10.9001 0.000564636 0 0.0493172
10.9501 0.000562031 0 0.0493112
11.0001 0.000568125 0 0.0493118
11.0501 0.000621719 0 0.0492643
11.1001 0.000558437 0 0.04932
11.1501 0.000559375 0 0.0493231
11.2001 0.000571041 0 0.0493128
11.2501 0.000563542 0 0.0493193
11.3002 0.000517656 0 0.0493177
11.3501 0.000562761 0 0.0493182
11.4001 0.000568229 0 0.0493168
11.4501 0.000572188 0 0.0493023
11.5001 0.000566302 0 0.0493088
11.5501 0.000561041 0 0.0493131
11.6001 0.000573334 0 0.0493105
11.6501 0.000569219 0 0.0493161
11.7001 0.000573021 0 0.0492845
11.7502 0.000485365 0 0.049311
11.8001 0.0005775 0 0.0492987
11.8501 0.000630365 0 0.0492405
11.9001 0.000568073 0 0.0493125
11.9501 0.000565521 0 0.0493133
12.0001 0.000572344 0 0.0493078
12.0501 0.000583646 0 0.049285
12.1001 0.000557969 0 0.0493124
12.1501 0.000571198 0 0.0492995
12.2001 0.000569479 0 0.049304
12.2501 0.000564323 0 0.0493182
12.3002 0.00050875 0 0.0493176
12.3501 0.000556771 0 0.0493217
12.4001 0.000571667 0 0.0493046
12.4501 0.000586927 0 0.0492938
12.5001 0.000557031 0 0.0493171
12.5501 0.000560157 0 0.0493179
12.6001 0.000573177 0 0.0493068
12.6501 0.00056526 0 0.0493208
12.7001 0.000559114 0 0.0493209
12.7501 0.000560261 0 0.0493188
12.8001 0.000579062 0 0.0493001
12.8501 0.000564896 0 0.0493194
12.9001 0.000561875 0 0.0493172
12.9501 0.000567709 0 0.0493091
13.0001 0.000560416 0 0.0493181
13.0501 0.000562656 0 0.0493222
13.1001 0.00058625 0 0.049294
13.1501 0.0005625 0 0.0493205
13.2001 0.000570625 0 0.0493059
13.2501 0.000573438 0 0.0493084
13.3001 0.000555052 0 0.0493248
13.3502 0.000513177 0 0.0493205
13.4001 0.000572292 0 0.0493142
13.4501 0.000579114 0 0.0493051
13.5001 0.000558281 0 0.0493147
13.5501 0.000559896 0 0.0493145
13.6001 0.000567031 0 0.0493183
13.6501 0.000572865 0 0.0493117
13.7002 0.000519219 0 0.0493145
13.7501 0.000563281 0 0.0493178
13.8001 0.000565156 0 0.0493216
13.8501 0.000600781 0 0.049268
13.9001 0.000564948 0 0.0493036
13.9501 0.000561094 0 0.0493095
14.0001 0.000567552 0 0.0493175
14.0501 0.00057 0 0.0493107
14.1001 0.000559792 0 0.0492893
14.1501 0.000587708 0 0.0492737
14.2001 0.000564062 0 0.0493076
14.2501 0.00058474 0 0.0492921
14.3001 0.00055224 0 0.049318
14.3501 0.000562188 0 0.0493181
14.4001 0.000564427 0 0.0493227
14.4501 0.000588646 0 0.0492917
14.5001 0.000559271 0 0.0493134
14.5502 0.00050875 0 0.0493184
14.6001 0.000561042 0 0.0493244
14.6501 0.000623906 0 0.0492593
14.7001 0.000559583 0 0.0493167
14.7501 0.000558594 0 0.0493126
14.8001 0.000565469 0 0.0493184
14.8501 0.000572187 0 0.0493087
14.9002 0.000835313 0 0.0489437
14.9502 0.000665365 0 0.0491256
15.0001 0.000591302 0 0.0492755
15.0501 0.000595573 0 0.0492696
15.1002 0.000662604 0 0.04917
15.1501 0.000540625 0 0.049349
15.2001 0.00055026 0 0.0493472
15.2501 0.000557812 0 0.0493367
15.3001 0.00166422 0 0.0482323
15.3501 0.00166682 0 0.0482368
15.4001 0.00167115 0 0.0482333
15.4501 0.000569636 0 0.0493323
15.5001 0.000542239 0 0.0493531
15.5501 0.0016688 0 0.0482324
15.6001 0.000421875 0 0.0494862
15.6501 0.000558802 0 0.0493448
15.7001 0.0016713 0 0.0482295
15.7501 0.000416667 0 0.0494863
15.8003 0.000490625 0 0.0492336
15.8501 0.000573386 0 0.0493112
15.9002 0.000514687 0 0.0493182
15.9501 0.000557083 0 0.0493161
16.0001 0.000564219 0 0.0493233
16.0501 0.000567917 0 0.0493167
16.1001 0.000605729 0 0.0492757
16.1501 0.000561875 0 0.0493185
16.2001 0.000561979 0 0.0493267
16.2501 0.000569219 0 0.0493166
16.3001 0.000562292 0 0.0493216
16.3502 0.000515573 0 0.0493209
16.4001 0.000573646 0 0.0493149
16.4501 0.000582865 0 0.0493004
16.5001 0.000562448 0 0.0493173
16.5501 0.000564948 0 0.0493214
16.6002 0.00052276 0 0.0493201
16.6501 0.000569323 0 0.0493113
16.7002 0.000611406 0 0.0491572
16.7501 0.00056177 0 0.0493058
16.8001 0.00056651 0 0.04932
16.8501 0.000591198 0 0.049289
16.9001 0.000564479 0 0.0493115
16.9501 0.000570261 0 0.049305
17.0001 0.000564375 0 0.049318
17.0501 0.000601562 0 0.0492704
17.1001 0.000560833 0 0.0493103
17.1501 0.000561666 0 0.0493058
17.2001 0.000612292 0 0.0492733
17.2501 0.00057573 0 0.0493033
17.3001 0.000554323 0 0.0493209
17.3501 0.000567448 0 0.0493159
17.4001 0.000566822 0 0.0493193
17.4501 0.000587292 0 0.0492924
17.5001 0.000563021 0 0.0493094
17.5502 0.00051349 0 0.0493145
17.6001 0.00056875 0 0.049318
17.6501 0.00057677 0 0.0493056
17.7001 0.000561875 0 0.0493178
17.7501 0.000556823 0 0.0493243
17.8001 0.000567448 0 0.0493215
17.8501 0.000572396 0 0.0493118
17.9001 0.000561771 0 0.0493199
17.9501 0.000562083 0 0.0493173
18.0002 0.00052375 0 0.0493186
18.0501 0.000565052 0 0.0493187
18.1002 0.00051375 0 0.0493196
18.1501 0.000562812 0 0.0493177
18.2001 0.000570885 0 0.0493025
18.2501 0.000571875 0 0.0493078
18.3001 0.000572344 0 0.0492938
18.3502 0.000501563 0 0.0493143
18.4001 0.000574115 0 0.0493116
18.4501 0.000643698 0 0.0492328
18.5001 0.000555417 0 0.0493156
18.5501 0.000559218 0 0.0493233
18.6002 0.000521042 0 0.0493194
18.6501 0.000572396 0 0.049311
18.7002 0.000518854 0 0.049314
18.7501 0.000558855 0 0.0493204
18.8001 0.000573334 0 0.0493148
18.8501 0.00060651 0 0.049262
18.9001 0.000559896 0 0.04931
18.9501 0.000572813 0 0.049296
19.0001 0.000560365 0 0.0493203
19.0501 0.000577552 0 0.0493027
19.1001 0.000562864 0 0.0493135
19.1501 0.000581459 0 0.0492808
19.2001 0.000567344 0 0.0493116
19.2501 0.000577396 0 0.0492997
19.3001 0.000562135 0 0.0493188
19.3501 0.000558437 0 0.0493221
19.4001 0.00056901 0 0.0493182
19.4501 0.000593646 0 0.0492807
19.5001 0.000554792 0 0.0493143
19.5502 0.000523489 0 0.0493083
19.6001 0.000567188 0 0.0493174
19.6501 0.00057125 0 0.0493093
19.7001 0.000566875 0 0.0493092
19.7501 0.000564427 0 0.0493174
19.8001 0.000563541 0 0.0493249
19.8501 0.000569062 0 0.0493147
19.9002 0.000685469 0 0.0490958
19.9502 0.000675729 0 0.0491349
20.0002 0.000687344 0 0.0491439
20.0501 0.000598229 0 0.0492688
20.1001 0.000671198 0 0.0491807
20.1501 0.000555156 0 0.0493292
20.2001 0.00166531 0 0.048234
20.2501 0.000556406 0 0.0493425
20.3001 0.00166365 0 0.0482342
20.3501 0.000425938 0 0.0494776
20.4001 0.00166687 0 0.0482356
20.4501 0.000568541 0 0.0493331
20.5001 0.00167323 0 0.0482294
20.5501 0.0016651 0 0.0482355
20.6001 0.000418282 0 0.0494886
20.6501 0.000557344 0 0.0493456
20.7001 0.00166703 0 0.0482366
20.7501 0.00166599 0 0.0482365
20.8002 0.00042875 0 0.0493576
20.8501 0.000575677 0 0.0493063
20.9002 0.000510834 0 0.0493181
20.9501 0.000568698 0 0.0493044
21.0001 0.000562917 0 0.0493211
21.0501 0.000573229 0 0.0493118
21.1001 0.000570052 0 0.0493141
21.1501 0.000563958 0 0.049315
21.2001 0.000565469 0 0.0493216
21.2501 0.000566302 0 0.049317
21.3001 0.000566041 0 0.0493145
21.3501 0.000560782 0 0.0493222
21.4001 0.000562864 0 0.0493263
21.4501 0.000585833 0 0.0492954
21.5001 0.000569375 0 0.0493097
21.5501 0.000566562 0 0.0493145
21.6001 0.000569375 0 0.0493169
21.6501 0.000575625 0 0.0493062
21.7002 0.000555625 0 0.0492817
21.7502 0.000601927 0 0.0491859
21.8001 0.000567864 0 0.0493142
21.8501 0.000578021 0 0.0493003
21.9001 0.000564479 0 0.0493129
21.9501 0.000566146 0 0.0493068
22.0001 0.000561614 0 0.0493217
22.0501 0.000593385 0 0.04928
22.1001 0.000554688 0 0.0493129
22.1501 0.000564948 0 0.0493063
22.2001 0.000563542 0 0.049319
22.2501 0.000576198 0 0.0493038
22.3002 0.000509271 0 0.0493172
22.3501 0.000559844 0 0.0493216
22.4001 0.000609427 0 0.0492755
22.4501 0.000585 0 0.0492952
22.5001 0.000564739 0 0.0493146
22.5501 0.000557187 0 0.0493182
22.6001 0.000565365 0 0.0493202
22.6501 0.000570052 0 0.0493116
22.7001 0.000565208 0 0.0493167
22.7502 0.00051875 0 0.0493182
22.8001 0.000566563 0 0.0493212
22.8501 0.000570781 0 0.049312
22.9001 0.000558646 0 0.0493183
22.9501 0.000571094 0 0.049314
23.0001 0.000564948 0 0.0493227
23.0501 0.000622813 0 0.0492616
23.1001 0.000554687 0 0.0493199
23.1501 0.00055948 0 0.049322
23.2001 0.000570678 0 0.0493142
23.2501 0.0005675 0 0.0493115
23.3002 0.000515105 0 0.0493205
23.3501 0.000560208 0 0.0493217
23.4001 0.00056375 0 0.0493254
23.4501 0.000583073 0 0.0492999
23.5001 0.000565521 0 0.0493118
23.5501 0.000564895 0 0.0493137
23.6001 0.000565313 0 0.0493205
23.6501 0.000570625 0 0.0493099
23.7001 0.000559532 0 0.0493182
23.7502 0.000509739 0 0.0493228
23.8001 0.000563229 0 0.0493238
23.8501 0.000670729 0 0.0491963
23.9001 0.000562604 0 0.0493003
23.9501 0.000559739 0 0.0493124
24.0002 0.000523698 0 0.0493127
24.0501 0.000570365 0 0.049309
24.1002 0.000515416 0 0.049316
24.1501 0.000592553 0 0.0492747
24.2002 0.00049776 0 0.0493094
24.2501 0.000580469 0 0.0492966
24.3001 0.000610885 0 0.0492612
24.3501 0.000556302 0 0.0493199
24.4001 0.000562709 0 0.0493231
24.4501 0.000593593 0 0.0492852
24.5001 0.00057125 0 0.0493053
24.5501 0.000560365 0 0.0493171
24.6001 0.000568698 0 0.0493197
24.6501 0.00057401 0 0.0493055
24.7001 0.000565 0 0.0493215
24.7502 0.000510364 0 0.0493223
24.8001 0.000568698 0 0.0493201
24.8501 0.000565938 0 0.049317
24.9082 0.000819584 0 0.0409497
24.9502 0.000676875 0 0.0491196
25.0001 0.000709323 0 0.0491412
25.0501 0.000699739 0 0.0491516
25.1001 0.000540937 0 0.0493144
25.1501 0.00053474 0 0.0493458
25.2001 0.000421979 0 0.0494779
25.2501 0.000550104 0 0.0493469
25.3001 0.000420052 0 0.0494815
25.3501 0.00167031 0 0.0482288
25.4001 0.00166875 0 0.0482338
25.4501 0.000550469 0 0.0493406
25.5001 0.000543906 0 0.0493536
25.5501 0.000417083 0 0.0494807
25.6001 0.0004175 0 0.0494881
25.6501 0.000551302 0 0.049348
25.7001 0.0016699 0 0.0482313
25.7501 0.000419115 0 0.0494841
25.8002 0.000443333 0 0.0493444
25.8501 0.00057901 0 0.0492965
25.9002 0.00051125 0 0.0493141
25.9501 0.000563281 0 0.0493147
26.0001 0.000568281 0 0.0493145
26.0501 0.00056901 0 0.0493088
26.1001 0.000558594 0 0.0493192
26.1501 0.000563854 0 0.0493154
26.2001 0.000561146 0 0.0493243
26.2501 0.000567968 0 0.0493116
26.3001 0.000563072 0 0.0493173
26.3502 0.000517343 0 0.0493176
26.4001 0.000564427 0 0.0493215
26.4501 0.000565885 0 0.0493022
26.5001 0.000563489 0 0.0493115
26.5501 0.000558594 0 0.0493196
26.6001 0.000564479 0 0.0493203
26.6501 0.000572552 0 0.049307
26.7002 0.000564271 0 0.0492739
26.7501 0.000557708 0 0.0492891
26.8001 0.000559479 0 0.0493064
26.8501 0.000567969 0 0.0492984
26.9002 0.000498437 0 0.0493089
26.9501 0.000562396 0 0.0493058
27.0001 0.000565261 0 0.0493141
27.0501 0.000577135 0 0.0492882
27.1001 0.000628125 0 0.0492366
27.1501 0.000554688 0 0.0493179
27.2001 0.000559584 0 0.0493118
27.2501 0.000572708 0 0.0492999
27.3001 0.00056323 0 0.049314
27.3501 0.000557917 0 0.0493167
27.4001 0.000565468 0 0.0493167
27.4501 0.000575625 0 0.0492865
27.5001 0.000557761 0 0.0492947
27.5502 0.000629219 0 0.0491737
27.6001 0.000561875 0 0.0493157
27.6501 0.000581979 0 0.0492894
27.7001 0.000555416 0 0.0493071
27.7501 0.0005575 0 0.0493052
27.8002 0.00051599 0 0.0493109
27.8501 0.000570677 0 0.0493044
27.9002 0.000512291 0 0.0493071
27.9501 0.000558125 0 0.0493142
28.0001 0.000565261 0 0.0493201
28.0501 0.00057974 0 0.0492971
28.1001 0.000560781 0 0.0493161
28.1501 0.000558438 0 0.0493231
28.2001 0.000608021 0 0.0492761
28.2501 0.000578281 0 0.0492992
28.3001 0.000559115 0 0.0493198
28.3502 0.00051776 0 0.0493173
28.4001 0.000561979 0 0.0493208
28.4501 0.0005775 0 0.0492881
28.5001 0.000555781 0 0.0493142
28.5501 0.000562864 0 0.049318
28.6002 0.00051849 0 0.0493203
28.6501 0.000579063 0 0.0493013
28.7002 0.000516875 0 0.0493118
28.7501 0.000557813 0 0.0493215
28.8001 0.00056224 0 0.0493231
28.8504 0.000668958 0 0.0489024
28.9001 0.000564375 0 0.049305
28.9502 0.00174052 0 0.0480626
29.0001 0.000566198 0 0.0493141
29.0501 0.000567083 0 0.0493054
29.1001 0.000557761 0 0.0493173
29.1501 0.000575104 0 0.0492728
29.2002 0.000491406 0 0.0493054
29.2501 0.000569271 0 0.0493009
29.3001 0.000620625 0 0.0492539
29.3501 0.000567344 0 0.0493141
29.4001 0.000564114 0 0.0493186
29.4501 0.000577083 0 0.049289
29.5001 0.000567604 0 0.0493088
29.5501 0.000564948 0 0.0493109
29.6001 0.000575677 0 0.0493087
29.6501 0.000573958 0 0.0493064
29.7001 0.00055901 0 0.049318
29.7501 0.000558541 0 0.0493218
29.8001 0.00057651 0 0.04931
29.8501 0.000568802 0 0.0493096
29.9002 0.000800208 0 0.0489619
29.9502 0.000668386 0 0.0491222
30.0001 0.000693906 0 0.0491448
30.0501 0.000569531 0 0.0492953
30.1001 0.000538125 0 0.0493119
30.1501 0.000532708 0 0.0493543
30.2001 0.000419687 0 0.0494822
30.2501 0.000558229 0 0.0493379
30.3001 0.00166037 0 0.0482356
30.3501 0.000412292 0 0.0494888
30.4001 0.000420312 0 0.0494819
30.4501 0.000554791 0 0.0493336
30.5001 0.000541823 0 0.0493567
30.5501 0.000415156 0 0.0494885
30.6001 0.000421771 0 0.0494826
30.6501 0.00167083 0 0.0482298
30.7001 0.000415885 0 0.0494865
30.7502 0.00171979 0 0.0480538
30.8001 0.000558021 0 0.0493236
30.8502 0.000517552 0 0.049309
30.9001 0.000558177 0 0.0493141
30.9502 0.000515 0 0.0493114
31.0001 0.000561875 0 0.0493184
31.0501 0.000621407 0 0.0492594
31.1001 0.000560208 0 0.0493189
31.1501 0.000557917 0 0.0493231
31.2002 0.000522396 0 0.0493188
31.2501 0.000568489 0 0.0493114
31.3002 0.000515 0 0.0493182
31.3501 0.000563333 0 0.0493172
31.4001 0.000609271 0 0.0492761
31.4501 0.000567447 0 0.0492992
31.5001 0.000567761 0 0.0493109
31.5501 0.00055776 0 0.0493144
31.6001 0.000561302 0 0.0493224
31.6501 0.000565365 0 0.0493056
31.7001 0.000563125 0 0.0493184
31.7502 0.000616354 0 0.049156
31.8001 0.000555208 0 0.0493125
31.8501 0.000622031 0 0.0492302
31.9001 0.000572188 0 0.0492994
31.9501 0.000569635 0 0.049307
32.0002 0.000524271 0 0.049307
32.0501 0.000584479 0 0.0492699
32.1002 0.000509688 0 0.0492998
32.1501 0.000570417 0 0.0493064
32.2001 0.000568021 0 0.0493035
32.2501 0.000571666 0 0.0492967
32.3001 0.000625104 0 0.0492546
32.3501 0.000569375 0 0.0493093
32.4001 0.000574583 0 0.0493105
32.4501 0.000574583 0 0.0492888
32.5001 0.000574739 0 0.049304
32.5502 0.000518281 0 0.0493103
32.6001 0.00056901 0 0.0493142
32.6501 0.00060151 0 0.04928
32.7001 0.000572084 0 0.0493086
32.7501 0.000566198 0 0.0493133
32.8002 0.000526771 0 0.0493084
32.8501 0.000562709 0 0.0493172
32.9002 0.000532968 0 0.0493058
32.9501 0.000569792 0 0.0492989
33.0002 0.000524375 0 0.0493135
33.0501 0.000565417 0 0.0493143
33.1001 0.000621979 0 0.0492578
33.1501 0.000567552 0 0.0493105
33.2001 0.000569323 0 0.0493125
33.2502 0.000527812 0 0.0493114
33.3001 0.0005775 0 0.0493038
33.3502 0.000525416 0 0.0493091
33.4001 0.000568698 0 0.0493171
33.4502 0.000517031 0 0.0492942
33.5001 0.0005725 0 0.049306
33.5501 0.000568334 0 0.0493059
33.6001 0.000568229 0 0.0493106
33.6501 0.000565677 0 0.0493147
33.7001 0.000573854 0 0.0493054
33.7501 0.000568229 0 0.0493096
33.8002 0.000528385 0 0.0493102
33.8501 0.000563854 0 0.049317
33.9002 0.000653854 0 0.0491385
33.9501 0.000564323 0 0.0492996
34.0002 0.000525938 0 0.0493057
34.0501 0.000568229 0 0.0493099
34.1001 0.000574115 0 0.0493052
34.1501 0.000595209 0 0.0492688
34.2001 0.000565 0 0.0493049
34.2502 0.000518906 0 0.0493017
34.3001 0.000583125 0 0.0492941
34.3501 0.000569479 0 0.0493083
34.4001 0.000574532 0 0.0493076
34.4501 0.000557239 0 0.049299
34.5001 0.00057901 0 0.049294
34.5501 0.000571928 0 0.0492994
34.6001 0.000569375 0 0.0493131
34.6501 0.000565521 0 0.049316
34.7001 0.000579166 0 0.0493
34.7501 0.000567136 0 0.049311
34.8001 0.000571355 0 0.0493142
34.8501 0.000568802 0 0.0493146
34.9002 0.000697188 0 0.0491073
34.9501 0.000715208 0 0.0491345
35.0001 0.000571823 0 0.0492928
35.0501 0.000567865 0 0.0492844
35.1001 0.000547865 0 0.049324
35.1501 0.00055375 0 0.0493414
35.2001 0.0016725 0 0.0482311
35.2501 0.000424219 0 0.0494794
35.3001 0.000552187 0 0.0493448
35.3501 0.00042026 0 0.0494789
35.4001 0.00167427 0 0.0482294
35.4501 0.000544219 0 0.0493382
35.5001 0.000556459 0 0.0493423
35.5501 0.000427761 0 0.0494719
35.6001 0.000424166 0 0.0494809
35.6501 0.000421875 0 0.0494814
35.7001 0.000577343 0 0.0493018
35.7501 0.000569271 0 0.0493106
35.8001 0.000573698 0 0.0493131
35.8501 0.000569167 0 0.0493128
35.9002 0.00052599 0 0.0493027
35.9501 0.000572709 0 0.0493043
36.0002 0.000521667 0 0.0493155
36.0501 0.000564531 0 0.0493145
36.1001 0.000625625 0 0.0492562
36.1501 0.000569635 0 0.0493096
36.2001 0.000570573 0 0.0493145
36.2501 0.000574583 0 0.0493106
36.3001 0.00057625 0 0.0493067
36.3502 0.000518489 0 0.0493108
36.4001 0.000568906 0 0.049316
36.4502 0.00051901 0 0.0492926
36.5001 0.000574271 0 0.0493046
36.5501 0.0005725 0 0.0493058
36.6001 0.000574635 0 0.0493091
36.6501 0.000567292 0 0.0493154
36.7001 0.000573906 0 0.0493085
36.7502 0.000692917 0 0.0491435
36.8002 0.000496979 0 0.0493008
36.8501 0.00056625 0 0.0493099
36.9001 0.000631927 0 0.0492361
36.9501 0.000559375 0 0.0493086
37.0001 0.000562969 0 0.0493195
37.0501 0.000562083 0 0.0492839
37.1001 0.000572865 0 0.0492908
37.1501 0.000553959 0 0.0493154
37.2001 0.000567864 0 0.0493115
37.2502 0.000510781 0 0.0493143
37.3001 0.000569479 0 0.0493093
37.3502 0.000507708 0 0.0493139
37.4001 0.000569219 0 0.0493148
37.4502 0.000631823 0 0.0491742
37.5001 0.000573385 0 0.0493052
37.5501 0.000570469 0 0.0493061
37.6001 0.000566094 0 0.0493171
37.6501 0.000558281 0 0.0493221
37.7001 0.000577083 0 0.0493036
37.7501 0.000553021 0 0.0493185
37.8002 0.000517239 0 0.0493151
37.8501 0.000561875 0 0.0493202
37.9001 0.000566042 0 0.0493148
37.9501 0.000566198 0 0.0493121
38.0001 0.00056401 0 0.0493212
38.0502 0.000517084 0 0.0493196
38.1001 0.000569739 0 0.0493116
38.1501 0.000616823 0 0.0492637
38.2001 0.00056526 0 0.0493171
38.2501 0.00055474 0 0.0493248
38.3001 0.000567969 0 0.0493116
38.3501 0.000566198 0 0.0493169
38.4001 0.000564531 0 0.0493211
38.4501 0.000551771 0 0.0493098
38.5001 0.000572864 0 0.0493059
38.5501 0.000557291 0 0.0493207
38.6002 0.000518177 0 0.049318
38.6501 0.000562708 0 0.0493165
38.7001 0.00056651 0 0.0493158
38.7501 0.000563854 0 0.0493167
38.8001 0.000569167 0 0.0493157
38.8502 0.000518125 0 0.0493204
38.9001 0.000585677 0 0.0492744
38.9502 0.0006175 0 0.0491738
39.0001 0.000561875 0 0.0493157
39.0501 0.000558958 0 0.0493186
39.1001 0.000575365 0 0.0493003
39.1501 0.000648385 0 0.049201
39.2001 0.000564167 0 0.0493051
39.2501 0.000558125 0 0.0493189
39.3001 0.000575417 0 0.0492958
39.3501 0.000559896 0 0.0493161
39.4001 0.000571458 0 0.0493126
39.4501 0.000561407 0 0.0492935
39.5001 0.000574427 0 0.0493004
39.5501 0.000561563 0 0.0493146
39.6002 0.000524635 0 0.049308
39.6501 0.000556927 0 0.0493178
39.7002 0.000523073 0 0.0493054
39.7501 0.000558333 0 0.0493139
39.8001 0.000567135 0 0.0493172
39.8502 0.000707239 0 0.0490959
39.9002 0.000696927 0 0.0491031
39.9502 0.000663958 0 0.0491523
40.0001 0.000705937 0 0.0491476
40.0501 0.000552031 0 0.04931
40.1001 0.000552188 0 0.0493371
40.1501 0.000540208 0 0.0493551
40.2001 0.000420782 0 0.0494848
40.2501 0.00166703 0 0.0482322
40.3001 0.000553698 0 0.049349
40.3501 0.00166563 0 0.0482344
40.4001 0.0016676 0 0.048236
40.4501 0.000536875 0 0.0493474
40.5001 0.000553958 0 0.0493447
40.5501 0.0016662 0 0.0482348
40.6001 0.00041974 0 0.0494879
40.6501 0.000414531 0 0.0494895
40.7001 0.000553958 0 0.0493481
40.7501 0.000567656 0 0.0493136
40.8001 0.000562605 0 0.0493225
40.8502 0.000507396 0 0.0493193
40.9001 0.000566875 0 0.0493114
40.9502 0.000514375 0 0.0493091
41.0001 0.000566406 0 0.0493143
41.0501 0.000564583 0 0.0493174
41.1001 0.000571771 0 0.0493102
41.1501 0.000559427 0 0.0493188
41.2001 0.000563906 0 0.0493191
41.2501 0.000558125 0 0.0493251
41.3001 0.000571041 0 0.0493075
41.3501 0.000563542 0 0.0493164
41.4001 0.000559792 0 0.0493231
41.4501 0.000554844 0 0.0493075
41.5001 0.00056901 0 0.0493063
41.5501 0.000561979 0 0.0493131
41.6002 0.000515104 0 0.0493192
41.6501 0.000562343 0 0.0493182
41.7002 0.000520312 0 0.0493079
41.7501 0.000689635 0 0.049157
41.8002 0.000500782 0 0.0493039
41.8501 0.000556354 0 0.0493074
41.9001 0.000578386 0 0.0492971
41.9501 0.000558281 0 0.0493105
42.0001 0.000561875 0 0.0493199
42.0501 0.000557396 0 0.04929
42.1001 0.000566718 0 0.0493014
42.1501 0.000565 0 0.0493111
42.2001 0.000568959 0 0.0493087
42.2502 0.00051052 0 0.0493143
42.3001 0.000574896 0 0.0493031
42.3501 0.000561822 0 0.0493193
42.4001 0.00056474 0 0.0493174
42.4501 0.000574583 0 0.0492987
42.5001 0.000573854 0 0.0493052
42.5501 0.00055823 0 0.049321
42.6002 0.000521979 0 0.0493117
42.6501 0.000558906 0 0.0493211
42.7001 0.000569062 0 0.0493114
42.7501 0.000565052 0 0.0493168
42.8001 0.000566927 0 0.0493198
42.8501 0.000559479 0 0.0493222
42.9001 0.000571875 0 0.0493096
42.9501 0.000558386 0 0.049311
43.0001 0.000565625 0 0.0493178
43.0502 0.000514427 0 0.0493199
43.1001 0.00056875 0 0.0493101
43.1501 0.000561302 0 0.0493174
43.2001 0.000561406 0 0.0493216
43.2501 0.000606198 0 0.0492748
43.3001 0.000563177 0 0.0493145
43.3501 0.000563906 0 0.0493157
43.4001 0.000566354 0 0.0493178
43.4501 0.00055948 0 0.0493088
43.5001 0.000567968 0 0.0493109
43.5501 0.000563177 0 0.0493117
43.6002 0.000518959 0 0.049319
43.6501 0.000562708 0 0.0493181
43.7002 0.000526563 0 0.0493037
43.7501 0.000561614 0 0.049315
43.8001 0.000562916 0 0.0493222
43.8501 0.000560729 0 0.0493202
43.9001 0.000705 0 0.0491482
43.9501 0.000558334 0 0.0493048
44.0001 0.000565729 0 0.0493113
44.0501 0.000563334 0 0.0493142
44.1001 0.000571094 0 0.0493077
44.1501 0.000685521 0 0.0491539
44.2001 0.000569062 0 0.0493083
44.2501 0.00056276 0 0.0493141
44.3001 0.000575573 0 0.0493027
44.3502 0.000503072 0 0.0493122
44.4001 0.000564844 0 0.0493159
44.4505 0.000555782 0 0.0489385
44.5001 0.000574323 0 0.0492977
44.5501 0.000560573 0 0.0493166
44.6001 0.000564948 0 0.0493188
44.6501 0.000564011 0 0.0493165
44.7001 0.000566719 0 0.0493117
44.7501 0.000561094 0 0.049319
44.8001 0.000998281 0 0.0488518
44.8502 0.000772916 0 0.0489995
44.9001 0.000696719 0 0.0491492
44.9502 0.000691667 0 0.0491416
45.0001 0.000588073 0 0.0492819
45.0501 0.00054724 0 0.0493148
45.1001 0.000545521 0 0.0493387
45.1501 0.000542187 0 0.0493532
45.2001 0.00041849 0 0.0494843
45.2501 0.000414792 0 0.0494876
45.3001 0.00055375 0 0.0493446
45.3501 0.000414791 0 0.0494869
45.4001 0.00166823 0 0.0482339
45.4501 0.00169604 0 0.0482054
45.5001 0.000555313 0 0.0493419
45.5501 0.00054651 0 0.0493522
45.6001 0.000419323 0 0.0494823
45.6501 0.000413386 0 0.0494883
45.7001 0.000549375 0 0.0493481
45.7501 0.000569844 0 0.0493097
45.8001 0.00056224 0 0.0493216
45.8502 0.000511615 0 0.0493187
45.9001 0.000574583 0 0.0493037
45.9502 0.000517812 0 0.0493001
46.0001 0.000563489 0 0.0493183
46.0501 0.000557395 0 0.0493238
46.1001 0.000582656 0 0.0492951
46.1501 0.000553437 0 0.0493206
46.2002 0.000507812 0 0.0493188
46.2501 0.000557448 0 0.0493215
46.3001 0.000575417 0 0.0493045
46.3501 0.00056427 0 0.0493176
46.4001 0.000564896 0 0.0493178
46.4502 0.000514114 0 0.0493241
46.5001 0.000569635 0 0.0492991
46.5502 0.000513021 0 0.049314
46.6001 0.000565208 0 0.0493199
46.6501 0.000557813 0 0.0493219
46.7001 0.000570573 0 0.0493081
46.7501 0.000687448 0 0.0491585
46.8002 0.000498334 0 0.0493106
46.8501 0.000556406 0 0.0493132
46.9001 0.000595312 0 0.0492766
46.9501 0.000558489 0 0.0493074
47.0001 0.000565313 0 0.049312
47.0501 0.000597552 0 0.0492792
47.1001 0.000577709 0 0.0492845
47.1502 0.000612292 0 0.049179
47.2001 0.000575 0 0.0492969
47.2501 0.000562709 0 0.0493163
47.3001 0.000581667 0 0.0492943
47.3501 0.000617865 0 0.0492586
47.4001 0.000571354 0 0.0493081
47.4501 0.000563385 0 0.0493167
47.5001 0.000592656 0 0.0492711
47.5501 0.000563333 0 0.0493077
47.6002 0.000518959 0 0.0493102
47.6501 0.000570416 0 0.0493103
47.7002 0.000656979 0 0.0491263
47.7501 0.000565885 0 0.0493049
47.8002 0.000515885 0 0.0492942
47.8501 0.000567813 0 0.0493031
47.9001 0.000574479 0 0.0492969
47.9501 0.000571198 0 0.0492999
48.0001 0.000572604 0 0.0493112
48.0501 0.000570104 0 0.0493092
48.1001 0.000572083 0 0.0493071
48.1501 0.000566771 0 0.0493048
48.2001 0.000570781 0 0.0493114
48.2501 0.000569271 0 0.0493109
48.3001 0.00057849 0 0.0493012
48.3501 0.000565886 0 0.0493112
48.4001 0.000568541 0 0.0493166
48.4501 0.000568698 0 0.0493039
48.5001 0.000578333 0 0.0492884
48.5502 0.000521041 0 0.0492996
48.6001 0.000565312 0 0.0492967
48.6501 0.000570469 0 0.0493123
48.7001 0.000568177 0 0.0493074
48.7501 0.000555209 0 0.0493188
48.8002 0.000511511 0 0.0493093
48.8501 0.000557813 0 0.0493209
48.9002 0.000637917 0 0.0491455
48.9501 0.000552708 0 0.0493103
49.0001 0.000562448 0 0.0493133
49.0501 0.000557396 0 0.0493217
49.1001 0.000625677 0 0.0492528
49.1502 0.000661615 0 0.049145
49.2001 0.000569688 0 0.0492818
49.2501 0.00055526 0 0.0493086
49.3001 0.000574323 0 0.0492973
49.3502 0.000507761 0 0.0493121
49.4001 0.000563854 0 0.049316
49.4501 0.000559896 0 0.049318
49.5001 0.000567917 0 0.0492992
49.5501 0.000555781 0 0.0493141
49.6001 0.000563437 0 0.0493181
49.6501 0.000562344 0 0.0493185
49.7001 0.000580937 0 0.0492897
49.7501 0.000554271 0 0.0493146
49.8001 0.000727604 0 0.0491249
49.8502 0.000684583 0 0.0491391
49.9001 0.000579479 0 0.0492846
49.9501 0.00056974 0 0.0492997
50.0001 0.000548802 0 0.0493159
50.0501 0.000543541 0 0.0493488
50.1001 0.000548021 0 0.0493414
50.1501 0.000543594 0 0.0493524
50.2001 0.000421615 0 0.0494814
50.2501 0.00166693 0 0.0482324
50.3001 0.000546146 0 0.0493536
50.3501 0.000545104 0 0.0493525
50.4001 0.00166677 0 0.0482357
50.4501 0.000415521 0 0.049489
50.5001 0.00055 0 0.0493362
50.5501 0.000544375 0 0.049353
50.6001 0.000417083 0 0.0494876
50.6501 0.000569948 0 0.0493111
50.7001 0.000559063 0 0.0493106
50.7501 0.000563073 0 0.0493146
50.8001 0.000566094 0 0.049316
50.8502 0.000516563 0 0.0493176
50.9001 0.000558958 0 0.0493119
50.9501 0.000571302 0 0.0493101
51.0001 0.000564427 0 0.0493155
51.0501 0.000557135 0 0.0493247
51.1001 0.000565417 0 0.0493114
51.1501 0.000565416 0 0.0493181
