5.573e-06 0.000730417 0 0.0192409
0.0203563 0.000697084 0 0.0189346
0.0401235 0.000529219 0 0.0193384
0.0601104 0.000537396 0 0.0193458
0.0801059 0.000538021 0 0.0193485
0.100114 0.000527239 0 0.0193522
0.120108 0.000524844 0 0.0193607
0.140175 0.000598906 0 0.0192193
0.160108 0.000524427 0 0.0193612
0.180107 0.000557344 0 0.0193296
0.200109 0.000524636 0 0.0193604
0.220111 0.000541823 0 0.01934
0.240164 0.00172912 0 0.0180993
0.260111 0.000531823 0 0.0193509
0.280111 0.000529062 0 0.0193522
0.300111 0.00052974 0 0.0193528
0.320108 0.000529271 0 0.0193574
0.34016 0.00173859 0 0.0180954
0.360107 0.000525834 0 0.0193603
0.380105 0.000526771 0 0.0193627
0.400106 0.000522761 0 0.0193654
0.420106 0.000525208 0 0.0193636
0.440105 0.000523333 0 0.0193659
0.460152 0.000481094 0 0.0193614
0.480109 0.000526562 0 0.0193578
0.500107 0.00052625 0 0.0193608
0.520109 0.000531614 0 0.0193532
0.540106 0.000527447 0 0.019361
0.560159 0.000475781 0 0.0193593
0.580107 0.000531927 0 0.0193534
0.60011 0.000531354 0 0.0193526
0.620105 0.000528698 0 0.0193594
0.640105 0.00052698 0 0.0193624
0.660105 0.000529063 0 0.0193595
0.680111 0.000529792 0 0.0193519
0.700108 0.00052151 0 0.0193645
0.720108 0.000527135 0 0.0193595
0.740107 0.000524636 0 0.0193629
0.760106 0.000557396 0 0.0193301
0.780155 0.000477813 0 0.0193612
0.800106 0.000527604 0 0.0193606
0.820107 0.000527396 0 0.0193603
0.840109 0.000537448 0 0.0193474
0.860105 0.000529479 0 0.0193596
0.880159 0.00173953 0 0.0180939
0.901648 0.000685729 0 0.0176517
0.920124 0.000529531 0 0.0193392
0.94011 0.000529688 0 0.0193545
0.960111 0.000532292 0 0.01935
0.980164 0.000469688 0 0.0193606
1.0001 0.000521354 0 0.0193672
1.02011 0.000522136 0 0.0193664
1.0401 0.000523698 0 0.0193669
1.0601 0.000527292 0 0.0193623
1.08011 0.000530677 0 0.0193513
1.10011 0.000529792 0 0.0193547
1.12011 0.000532864 0 0.0193547
1.1401 0.000529323 0 0.0193591
1.1601 0.000525417 0 0.0193646
1.1801 0.000527969 0 0.0193631
1.20016 0.000483281 0 0.0193539
1.2201 0.000528125 0 0.0193602
1.2401 0.000524427 0 0.0193662
1.2601 0.000521667 0 0.0193694
1.28011 0.000532084 0 0.0193538
1.30016 0.000474479 0 0.019361
1.32011 0.000519532 0 0.0193676
1.3401 0.000525469 0 0.0193638
1.3601 0.000523333 0 0.0193676
1.3801 0.000525989 0 0.0193643
1.4001 0.000573073 0 0.0193174
1.4201 0.000526875 0 0.0193621
1.4401 0.000527344 0 0.0193626
1.4601 0.000524687 0 0.0193652
1.48011 0.000529062 0 0.0193569
1.50011 0.000577656 0 0.0193096
1.52011 0.000520521 0 0.0193673
1.5401 0.000527136 0 0.0193617
1.5601 0.000523646 0 0.0193662
1.58011 0.000527864 0 0.0193581
1.60011 0.000525625 0 0.0193627
1.62016 0.000472083 0 0.0193634
1.64011 0.000521458 0 0.0193678
1.6601 0.000525 0 0.0193666
1.68011 0.000531979 0 0.0193531
1.70011 0.000525521 0 0.0193602
1.72016 0.000490364 0 0.0193467
1.74011 0.000524635 0 0.019362
1.7601 0.000525573 0 0.0193628
1.7801 0.000523281 0 0.0193676
1.8001 0.000523646 0 0.0193678
1.8201 0.000522708 0 0.0193697
1.8401 0.000521459 0 0.0193686
1.86011 0.00052724 0 0.0193609
1.88011 0.000528281 0 0.0193578
1.90011 0.000523385 0 0.0193635
1.92011 0.000520416 0 0.0193682
1.94016 0.000472448 0 0.019362
1.96011 0.000525469 0 0.0193618
1.9801 0.000526042 0 0.0193643
2.00012 0.000562448 0 0.0193147
2.02014 0.000668177 0 0.0191849
2.04019 0.000580781 0 0.0192195
2.06011 0.000523073 0 0.0193588
2.08011 0.000533646 0 0.0193493
2.10011 0.000526093 0 0.0193594
2.12011 0.000520833 0 0.0193654
2.14011 0.000521303 0 0.0193681
2.1601 0.000523594 0 0.0193642
2.18011 0.000520677 0 0.0193667
2.20011 0.000522448 0 0.0193654
2.22011 0.000530573 0 0.0193571
2.24011 0.000535208 0 0.0193483
2.26026 0.000509271 0 0.0192262
2.28011 0.00052776 0 0.0193508
2.30011 0.000538385 0 0.019346
2.3201 0.000526041 0 0.0193627
2.3401 0.000524531 0 0.0193642
2.3601 0.000524219 0 0.0193672
2.38015 0.00047698 0 0.0193645
2.4001 0.000524688 0 0.019364
2.42011 0.000525885 0 0.0193603
2.4401 0.000524427 0 0.0193655
2.4601 0.000530052 0 0.01936
2.48015 0.00048302 0 0.0193553
2.5001 0.0005275 0 0.0193612
2.52011 0.00052724 0 0.0193611
2.54011 0.000524687 0 0.0193639
2.5601 0.000528802 0 0.0193623
2.58011 0.000583229 0 0.0193026
2.60011 0.000525834 0 0.0193597
2.6201 0.000528802 0 0.0193592
2.6401 0.000520937 0 0.0193678
2.66011 0.000531771 0 0.0193545
2.68011 0.000524167 0 0.0193567
2.70011 0.000521823 0 0.0193607
2.72011 0.000520885 0 0.0193661
2.7401 0.000527813 0 0.0193624
2.76011 0.000525417 0 0.0193633
2.7801 0.000527239 0 0.0193639
2.80015 0.000479791 0 0.0193619
2.82011 0.000526198 0 0.019362
2.8401 0.000528177 0 0.0193631
2.8601 0.000527552 0 0.0193642
2.88011 0.000525 0 0.0193586
2.90024 0.000737864 0 0.0190101
2.92024 0.000714895 0 0.0190277
2.9402 0.000766614 0 0.0190122
2.96018 0.000685416 0 0.019121
2.98015 0.000655468 0 0.0191886
3.00017 0.000667084 0 0.0191486
3.02015 0.000656146 0 0.0191844
3.04014 0.000668958 0 0.0191809
3.06013 0.000669896 0 0.0191885
3.08012 0.000665104 0 0.0192061
3.10012 0.000683437 0 0.0191858
3.12012 0.000641927 0 0.0192297
3.1401 0.000508281 0 0.0193898
3.16009 0.000503333 0 0.0194045
3.18009 0.000503385 0 0.0194043
3.20009 0.000516458 0 0.0193916
3.22009 0.000515833 0 0.0193856
3.24009 0.000504166 0 0.0193973
3.26009 0.000505521 0 0.0194019
3.2801 0.000504479 0 0.0193928
3.30009 0.000504584 0 0.0193995
3.32009 0.000510573 0 0.0193988
3.34009 0.000506979 0 0.0194018
3.36009 0.00050875 0 0.0194015
3.38009 0.000505208 0 0.0194055
3.40009 0.0005075 0 0.0194032
3.42009 0.000503281 0 0.0194075
3.44009 0.000505521 0 0.0194039
3.46009 0.000505208 0 0.0194039
3.48009 0.000504375 0 0.0193972
3.50009 0.000504011 0 0.0194027
3.52009 0.000508437 0 0.0194009
3.54009 0.000505 0 0.0194048
3.56009 0.000503958 0 0.0194061
3.58009 0.000512031 0 0.0193942
3.60009 0.000509322 0 0.0193973
3.62009 0.000506719 0 0.0194011
3.64009 0.000507552 0 0.0194018
3.66009 0.000509948 0 0.0193996
3.68009 0.000504948 0 0.0193954
3.70009 0.000506979 0 0.0194004
3.72009 0.000511771 0 0.0193963
3.74009 0.000506406 0 0.019402
3.76009 0.000502864 0 0.0194034
3.78009 0.000504063 0 0.0194069
3.80009 0.000503646 0 0.0194075
3.82012 0.000671458 0 0.019196
3.84012 0.000514479 0 0.0193586
3.86011 0.000527812 0 0.0193546
3.88012 0.00052724 0 0.0193477
3.90011 0.000533438 0 0.0193522
3.92011 0.000526354 0 0.0193591
3.94011 0.000534948 0 0.0193481
3.96011 0.000525365 0 0.0193608
3.9801 0.000524114 0 0.0193658
4.0001 0.000523698 0 0.0193676
4.02017 0.000598542 0 0.019227
4.04011 0.000524427 0 0.0193603
4.06011 0.000523021 0 0.019364
4.08011 0.0005275 0 0.0193546
4.10011 0.00052875 0 0.0193554
4.12016 0.00173531 0 0.0180979
4.1401 0.000526459 0 0.0193626
4.1601 0.000526771 0 0.019363
4.1801 0.000525989 0 0.0193646
4.2001 0.000538697 0 0.0193513
4.22019 0.000606719 0 0.0191892
4.24012 0.000514792 0 0.0193589
4.26011 0.000536094 0 0.0193484
4.28012 0.00052474 0 0.0193498
4.30011 0.000527396 0 0.0193572
4.32011 0.000526667 0 0.0193624
4.34011 0.000526562 0 0.0193616
4.3601 0.000525208 0 0.0193642
4.3801 0.000525157 0 0.0193661
4.4001 0.000527552 0 0.0193636
4.4201 0.000531458 0 0.0193576
4.4401 0.000530937 0 0.0193585
4.4601 0.000525 0 0.0193652
4.48011 0.000532865 0 0.0193544
4.50011 0.000533125 0 0.0193527
4.52011 0.000521927 0 0.019364
4.54016 0.000472604 0 0.0193641
4.56011 0.000520937 0 0.0193685
4.58011 0.000528958 0 0.0193561
4.60011 0.000524583 0 0.0193622
4.62011 0.000525261 0 0.0193631
4.6401 0.000522657 0 0.0193686
4.66016 0.00047375 0 0.0193623
4.68011 0.000529584 0 0.0193523
4.70011 0.000531719 0 0.0193539
4.7201 0.000525156 0 0.0193632
4.7401 0.000527812 0 0.0193629
4.7601 0.000577136 0 0.0193143
4.7801 0.000523021 0 0.0193672
4.8001 0.000525782 0 0.0193656
4.8201 0.000524218 0 0.0193662
4.84011 0.000530573 0 0.0193482
4.86011 0.000521771 0 0.019363
4.88011 0.000537761 0 0.0193492
4.90011 0.000531614 0 0.0193544
4.92011 0.000522552 0 0.0193652
4.94011 0.000540782 0 0.0193391
4.96011 0.000530157 0 0.0193561
4.98016 0.00047776 0 0.0193592
5.0001 0.000525938 0 0.019363
5.0201 0.000531198 0 0.0193599
5.0401 0.000528281 0 0.019361
5.0601 0.000523073 0 0.0193671
5.0801 0.000521927 0 0.0193688
5.10011 0.000531667 0 0.0193498
5.12011 0.000528594 0 0.019354
5.14011 0.000521927 0 0.019365
5.16011 0.000535261 0 0.0193481
5.1801 0.00052276 0 0.0193669
5.20016 0.000472188 0 0.0193626
5.22011 0.00052526 0 0.0193579
5.24011 0.000545521 0 0.0193405
5.26011 0.000525469 0 0.0193586
5.28011 0.00053 0 0.0193578
5.30017 0.000604636 0 0.0192216
5.32012 0.000524843 0 0.0193474
5.34011 0.000527864 0 0.0193586
5.3601 0.000527084 0 0.0193629
5.3801 0.000522969 0 0.0193677
5.4001 0.000527813 0 0.0193634
5.4201 0.000521407 0 0.0193685
5.4401 0.000525781 0 0.0193654
5.4601 0.000522448 0 0.019369
5.4801 0.000523125 0 0.0193677
5.50011 0.000589427 0 0.0192936
5.52011 0.000534583 0 0.0193481
5.54011 0.000534219 0 0.019351
5.56011 0.00052474 0 0.0193623
5.58011 0.000528907 0 0.0193505
5.60011 0.000527656 0 0.0193573
5.62016 0.000482812 0 0.0193497
5.64011 0.000525156 0 0.0193626
5.66011 0.000525104 0 0.019364
5.68011 0.000525365 0 0.0193614
5.70011 0.000540781 0 0.0193403
5.72016 0.000606302 0 0.0192226
5.74011 0.000523802 0 0.0193627
5.76011 0.000527865 0 0.0193595
5.78011 0.000525469 0 0.0193634
5.8001 0.000527812 0 0.0193631
5.8201 0.000575313 0 0.0193144
5.8401 0.000528489 0 0.0193612
5.8601 0.000522448 0 0.0193666
5.8801 0.000521041 0 0.0193694
5.90011 0.000532656 0 0.0193505
5.92012 0.000677969 0 0.0191884
5.94012 0.000524271 0 0.0193539
5.96011 0.000526042 0 0.0193579
5.9801 0.00052401 0 0.0193667
6.00015 0.000704531 0 0.0191319
6.02015 0.000655938 0 0.0191827
6.04037 0.000540521 0 0.019086
6.06011 0.000523698 0 0.0193555
6.08013 0.000648542 0 0.0192147
6.10011 0.000521354 0 0.0193565
6.1201 0.000528385 0 0.0193663
6.1401 0.000530313 0 0.0193668
6.1601 0.000532969 0 0.0193547
6.18013 0.000653334 0 0.0192053
6.20012 0.000516979 0 0.0193532
6.22011 0.000531615 0 0.0193531
6.24011 0.000520885 0 0.0193661
6.26014 0.000719427 0 0.0191288
6.28013 0.000525261 0 0.0193377
6.30012 0.000540625 0 0.0193351
6.32011 0.000531146 0 0.0193523
6.34011 0.000528854 0 0.0193582
6.36019 0.000581198 0 0.0192173
6.38011 0.00052776 0 0.0193586
6.40011 0.000531875 0 0.0193562
6.4201 0.000525833 0 0.0193644
6.44013 0.000669219 0 0.0191881
6.4602 0.000577708 0 0.0192188
6.48011 0.000525365 0 0.0193591
6.50011 0.000534948 0 0.0193452
6.52011 0.000522969 0 0.0193638
6.54012 0.000678125 0 0.0191913
6.5602 0.000572083 0 0.0192218
6.58011 0.000538334 0 0.0193397
6.60011 0.000530052 0 0.0193526
6.62011 0.000545052 0 0.0193441
6.6401 0.000530573 0 0.0193592
6.66011 0.000534115 0 0.0193494
6.6801 0.000525365 0 0.0193646
6.70011 0.000540625 0 0.0193407
6.72011 0.000534531 0 0.0193471
6.74011 0.000532396 0 0.0193547
6.76011 0.000532917 0 0.0193547
6.78015 0.000477344 0 0.0193615
6.80011 0.000522552 0 0.0193642
6.8201 0.000523958 0 0.0193662
6.8401 0.000526511 0 0.0193652
6.8601 0.000527136 0 0.0193643
6.8801 0.000569792 0 0.0193213
6.90011 0.000533906 0 0.0193455
6.92011 0.000528282 0 0.0193573
6.9401 0.000531303 0 0.0193588
6.9601 0.000528698 0 0.0193623
6.9801 0.000522605 0 0.0193683
7.00016 0.000473803 0 0.0193637
7.02011 0.000532709 0 0.0193497
7.04011 0.000526041 0 0.0193594
7.06013 0.000661562 0 0.0191929
7.08012 0.000516354 0 0.0193616
7.10019 0.000603698 0 0.0192014
7.12012 0.000527084 0 0.019347
7.1401 0.000534687 0 0.0193544
7.16011 0.000524843 0 0.0193631
7.1801 0.000536146 0 0.0193534
7.20011 0.000582083 0 0.0193053
7.22011 0.000523021 0 0.0193617
7.2401 0.000524479 0 0.0193648
7.26011 0.000524219 0 0.0193647
7.2801 0.000525885 0 0.0193645
7.30011 0.000536094 0 0.0193481
7.32011 0.000521302 0 0.0193617
7.3401 0.000526198 0 0.0193632
7.36011 0.000524271 0 0.0193647
7.3801 0.000524375 0 0.0193667
7.4001 0.000528021 0 0.0193635
7.42015 0.000480782 0 0.0193584
7.4401 0.000530104 0 0.0193597
7.46011 0.000543854 0 0.0193386
7.48011 0.00052401 0 0.0193607
7.50011 0.000534427 0 0.0193501
7.52017 0.000607656 0 0.0192113
7.54011 0.000521927 0 0.019362
7.56011 0.00052349 0 0.0193628
7.58012 0.000527864 0 0.0193508
7.60011 0.000529167 0 0.0193546
7.62016 0.000609219 0 0.0192226
7.64011 0.000525 0 0.0193627
7.66011 0.000549323 0 0.0193332
7.68011 0.000528959 0 0.0193588
7.70011 0.000548385 0 0.0193289
7.72017 0.000600677 0 0.0192191
7.74011 0.000525885 0 0.019362
7.7601 0.000527813 0 0.0193621
7.78011 0.000521615 0 0.0193675
7.8001 0.000524583 0 0.0193663
7.82011 0.000533802 0 0.0193536
7.84011 0.000525989 0 0.0193605
7.86011 0.000528594 0 0.0193564
7.8801 0.000525469 0 0.0193638
7.90011 0.00053448 0 0.0193498
7.92014 0.000681822 0 0.0191654
7.94021 0.000762447 0 0.0190108
7.96022 0.000807552 0 0.0189578
7.98017 0.000634844 0 0.019177
8.00019 0.000771979 0 0.0190223
8.02014 0.000673802 0 0.0191764
8.04015 0.00082349 0 0.0190133
8.06014 0.000675885 0 0.0191747
8.08014 0.000661666 0 0.0191883
8.10012 0.000678645 0 0.0191902
8.12012 0.000667187 0 0.0192031
8.1402 0.000576302 0 0.0192191
8.16012 0.000510052 0 0.0193678
8.1801 0.000501094 0 0.0193969
8.20009 0.000498958 0 0.0194023
8.22011 0.000500989 0 0.0193853
8.2401 0.000501927 0 0.0193985
8.2601 0.000502031 0 0.0193973
8.28009 0.000503802 0 0.0194017
8.30009 0.000517396 0 0.0193813
8.32128 0.000467396 0 0.0182496
8.3401 0.00050625 0 0.0193935
8.36009 0.000506146 0 0.0193978
8.38009 0.000504271 0 0.0194029
8.40009 0.000510521 0 0.0193969
8.4201 0.000505729 0 0.0193931
8.44009 0.000502135 0 0.0193992
8.46009 0.000498125 0 0.0194069
8.48009 0.000506458 0 0.0193989
8.5001 0.00051651 0 0.0193823
8.52009 0.000502813 0 0.0193986
8.54011 0.000505365 0 0.019381
8.56009 0.000500521 0 0.0194004
8.58009 0.000539739 0 0.0193632
8.6001 0.000507083 0 0.0193927
8.62009 0.000510625 0 0.019397
8.64011 0.00051224 0 0.0193658
8.66049 0.000491511 0 0.0190068
8.6801 0.000497864 0 0.0193955
8.7001 0.000510105 0 0.0193866
8.7201 0.000504584 0 0.0193838
8.7401 0.000502604 0 0.019398
8.76009 0.00050599 0 0.0193994
8.78009 0.00050224 0 0.0194044
8.80009 0.000503125 0 0.0194036
8.8201 0.000504167 0 0.0193859
8.84029 0.00056974 0 0.0191324
8.86011 0.000526198 0 0.0193525
8.88094 0.000581823 0 0.0184723
8.90011 0.000539271 0 0.0193387
8.92011 0.000519531 0 0.0193615
8.94011 0.000583281 0 0.0193028
8.96011 0.000521562 0 0.0193603
8.98011 0.000520938 0 0.0193644
9.00012 0.000516563 0 0.0193554
9.02011 0.000522083 0 0.0193606
9.04011 0.000515365 0 0.0193694
9.06011 0.000523281 0 0.0193565
9.08011 0.000529792 0 0.0193563
9.10014 0.000649322 0 0.0192044
9.12012 0.000536667 0 0.0193397
9.14011 0.000523542 0 0.0193592
9.16014 0.000682344 0 0.0191697
9.18013 0.000509895 0 0.0193584
9.20012 0.000526771 0 0.019343
9.22013 0.000519115 0 0.0193478
9.24011 0.000517761 0 0.0193612
9.26018 0.000578698 0 0.0192353
9.28013 0.000518489 0 0.0193476
9.30012 0.000523958 0 0.0193439
9.32011 0.000527813 0 0.0193518
9.34011 0.000522344 0 0.0193614
9.36017 0.000464636 0 0.0193589
9.38011 0.00052177 0 0.0193609
9.40012 0.000532552 0 0.0193391
9.42012 0.000526458 0 0.0193497
9.44011 0.000520625 0 0.0193602
9.46011 0.000528437 0 0.0193571
9.48155 0.000604115 0 0.0178297
9.50012 0.000534115 0 0.019337
9.52012 0.000513177 0 0.0193642
9.54011 0.000522865 0 0.0193586
9.56011 0.000520365 0 0.0193632
9.58011 0.000529271 0 0.0193498
9.60012 0.000525573 0 0.0193473
9.62011 0.000521823 0 0.0193566
9.64011 0.00052125 0 0.0193642
9.66034 0.000871302 0 0.0187767
9.68011 0.000523073 0 0.0193571
9.70011 0.000539896 0 0.0193404
9.72011 0.000527916 0 0.0193505
9.74026 0.000680938 0 0.019041
9.76012 0.000659062 0 0.0192059
9.78011 0.000517552 0 0.0193631
9.8001 0.000526198 0 0.0193612
9.8201 0.000524948 0 0.0193659
9.84015 0.000677031 0 0.0191609
9.86016 0.000629844 0 0.0191958
9.88019 0.000572188 0 0.0192263
9.90012 0.000533958 0 0.0193382
9.92012 0.000520937 0 0.0193493
9.94011 0.000531198 0 0.0193536
9.96011 0.000531198 0 0.0193505
9.98011 0.000572656 0 0.0193065
10.0001 0.000527761 0 0.0193532
10.0201 0.000527656 0 0.0193576
10.0401 0.000521198 0 0.0193641
10.0601 0.000519792 0 0.0193668
10.0802 0.000647396 0 0.019184
10.1001 0.000660364 0 0.0191894
10.1201 0.000512083 0 0.0193577
10.1401 0.000520156 0 0.0193619
10.1601 0.000524375 0 0.01936
10.1801 0.00052599 0 0.0193629
10.2002 0.000588646 0 0.0192307
10.2201 0.000520208 0 0.0193636
10.2401 0.000523177 0 0.0193625
10.2601 0.000524532 0 0.0193611
10.2801 0.000645417 0 0.0192058
10.3002 0.000585469 0 0.0192061
10.3201 0.000522239 0 0.0193586
10.3401 0.000523125 0 0.0193627
10.3601 0.000524271 0 0.0193626
10.3801 0.000525677 0 0.019361
10.4001 0.000522396 0 0.019363
10.4202 0.000470521 0 0.019362
10.4401 0.000518438 0 0.0193666
10.4601 0.000524011 0 0.0193647
10.4801 0.000524427 0 0.0193638
10.5001 0.000535052 0 0.0193365
10.5202 0.000475364 0 0.0193536
10.5401 0.000526302 0 0.01936
10.5601 0.000526302 0 0.0193612
10.5801 0.00052401 0 0.0193639
10.6001 0.000525469 0 0.0193416
10.6201 0.000520468 0 0.0193638
10.6402 0.000468906 0 0.0193603
10.6601 0.000522604 0 0.0193637
10.6801 0.000520833 0 0.0193664
10.7001 0.000529011 0 0.0193519
10.7201 0.000518489 0 0.0193621
10.7402 0.000605104 0 0.0192241
10.7601 0.000524635 0 0.0193615
10.7801 0.000524792 0 0.0193625
10.8001 0.000526875 0 0.0193591
10.8201 0.000523646 0 0.0193634
10.8401 0.000573333 0 0.0193143
10.8601 0.000520885 0 0.0193661
10.8801 0.00052177 0 0.0193655
10.9001 0.000530521 0 0.0193507
10.9201 0.000521094 0 0.0193617
10.9401 0.000523281 0 0.0193638
10.9602 0.000477292 0 0.0193588
10.9801 0.000521458 0 0.0193655
11.0001 0.000534635 0 0.0193525
11.0201 0.000523959 0 0.0193622
11.0401 0.000523282 0 0.0193628
11.0602 0.000481667 0 0.0193589
11.0801 0.000524844 0 0.0193628
11.1001 0.000532031 0 0.0193484
11.1201 0.000528125 0 0.0193571
11.1401 0.00052427 0 0.0193617
11.1601 0.000521511 0 0.0193631
11.1802 0.000478542 0 0.0193614
11.2001 0.000520104 0 0.0193642
11.2201 0.000523021 0 0.0193628
11.2401 0.00052151 0 0.0193649
11.2601 0.000523542 0 0.0193644
11.2801 0.000482396 0 0.0193629
11.3001 0.000534323 0 0.0193455
11.3201 0.000529427 0 0.0193545
11.3401 0.00052724 0 0.0193594
11.3601 0.00052625 0 0.0193603
11.3801 0.000570104 0 0.0193172
11.4001 0.000522187 0 0.0193622
11.4201 0.000524375 0 0.0193625
11.4401 0.000522032 0 0.0193651
11.4601 0.000526822 0 0.0193572
11.4801 0.000519375 0 0.0193656
11.5001 0.00052875 0 0.0193517
11.5201 0.000520261 0 0.019363
11.5401 0.000529323 0 0.0193495
11.5601 0.000521042 0 0.0193624
11.5801 0.000526042 0 0.0193628
11.6002 0.000596615 0 0.0192191
11.6201 0.00052651 0 0.0193548
11.6401 0.000527604 0 0.0193564
11.6601 0.000524688 0 0.0193626
11.6801 0.000523542 0 0.0193645
11.7002 0.000599635 0 0.0192213
11.7201 0.000520469 0 0.0193559
11.7401 0.000527135 0 0.019359
11.7601 0.000526771 0 0.019354
11.7801 0.000523125 0 0.0193584
11.8001 0.000522447 0 0.0193632
11.8202 0.000473334 0 0.0193589
11.8401 0.000530208 0 0.0193525
11.8601 0.000524635 0 0.0193568
11.8801 0.000523959 0 0.0193612
11.9001 0.000532865 0 0.0193443
11.9202 0.000479584 0 0.019353
11.9401 0.000524375 0 0.0193605
11.9601 0.000523854 0 0.0193621
11.9808 0.000698438 0 0.0185397
12.0001 0.000659219 0 0.0192023
12.0202 0.000586042 0 0.0192255
12.0401 0.000528802 0 0.0193528
12.0601 0.000553906 0 0.019321
12.0801 0.000525625 0 0.0193596
12.1001 0.000533802 0 0.0193397
12.1201 0.000531302 0 0.0193525
12.1401 0.000526094 0 0.0193614
12.1601 0.000523802 0 0.0193657
12.1801 0.000524687 0 0.0193661
12.2001 0.000522343 0 0.0193677
12.2201 0.000536719 0 0.0193538
12.2401 0.000523438 0 0.0193667
12.2601 0.000523281 0 0.0193656
12.2801 0.000524011 0 0.0193641
12.3001 0.000532031 0 0.0193444
12.3201 0.000580677 0 0.0193053
12.3401 0.000528854 0 0.0193603
12.3601 0.000529583 0 0.0193596
12.3801 0.00052776 0 0.0193635
12.4001 0.000525417 0 0.0193654
12.4201 0.00052099 0 0.0193693
12.4402 0.000478333 0 0.0193648
12.4601 0.00051901 0 0.0193692
12.4801 0.000547395 0 0.0193306
12.5001 0.00052625 0 0.0193372
12.5201 0.000529896 0 0.0193506
12.5402 0.000596719 0 0.0192231
12.5601 0.000529948 0 0.0193585
12.5801 0.000540573 0 0.0193433
12.6001 0.000540885 0 0.0193366
12.6201 0.000533125 0 0.0193538
12.6401 0.000591667 0 0.019296
12.6601 0.000540105 0 0.019344
12.6801 0.000523906 0 0.0193629
12.7001 0.000534583 0 0.019334
12.7201 0.000518021 0 0.019361
12.7401 0.000521094 0 0.0193652
12.7601 0.000525104 0 0.0193631
12.7801 0.000521458 0 0.0193683
12.8001 0.000523698 0 0.0193653
12.8201 0.00053776 0 0.0193484
12.8401 0.000532812 0 0.0193543
12.8601 0.000533125 0 0.0193537
12.8801 0.00052625 0 0.0193641
12.9001 0.000543594 0 0.0193221
12.9201 0.000535365 0 0.0193412
12.9401 0.000529948 0 0.0193547
12.9602 0.00072526 0 0.0190184
12.9802 0.000765157 0 0.019007
13.0002 0.000721302 0 0.0190332
13.0202 0.000682865 0 0.0191248
13.0401 0.000685573 0 0.0191552
13.0602 0.00068651 0 0.0191014
13.0802 0.000624219 0 0.0191909
13.1001 0.000651042 0 0.0191953
13.1201 0.000665573 0 0.0191917
13.1401 0.00066026 0 0.0191964
13.1601 0.000662709 0 0.019193
13.1801 0.000621771 0 0.0192347
13.2001 0.000501198 0 0.0193936
13.2201 0.000509063 0 0.0193926
13.2401 0.000513802 0 0.0193817
13.2601 0.000520313 0 0.0193717
13.2801 0.000518386 0 0.0193804
13.3001 0.000507969 0 0.01938
13.3201 0.000508385 0 0.0193892
13.3401 0.000519219 0 0.0193796
13.3601 0.00049901 0 0.0193806
13.3801 0.000496615 0 0.0194016
13.4001 0.000508125 0 0.0193975
13.4201 0.000501303 0 0.0194048
13.4401 0.00050276 0 0.0194045
13.4601 0.000501667 0 0.0193972
13.4801 0.000506771 0 0.0193992
13.5001 0.000512239 0 0.019377
13.5201 0.000505521 0 0.019393
13.5401 0.000504166 0 0.0193977
13.5601 0.000515261 0 0.0193785
13.5801 0.000499375 0 0.0194037
13.6001 0.000513333 0 0.0193829
13.6201 0.000499271 0 0.0194008
13.6401 0.000515938 0 0.0193895
13.6601 0.000502448 0 0.0194012
13.6801 0.000505 0 0.0194012
13.7002 0.000566146 0 0.0192585
13.7201 0.00050375 0 0.0193948
13.7401 0.0005075 0 0.0193953
13.7601 0.0005075 0 0.0193942
13.7801 0.000505729 0 0.0193993
13.8001 0.000505261 0 0.0193995
13.8201 0.000507031 0 0.0194003
13.8401 0.000506614 0 0.0194004
13.8601 0.000505104 0 0.0193991
13.8801 0.000529375 0 0.0193573
13.9001 0.000529167 0 0.0193395
13.9201 0.000525365 0 0.0193533
13.9401 0.000523959 0 0.019359
13.9601 0.000527083 0 0.019356
13.9802 0.000475208 0 0.0193602
14.0001 0.000524166 0 0.019361
14.0201 0.000527813 0 0.0193588
14.0401 0.000524791 0 0.019361
14.0601 0.000526615 0 0.0193607
14.0801 0.000565885 0 0.0193207
14.1001 0.000534792 0 0.019341
14.1201 0.000523645 0 0.0193596
14.1401 0.000524636 0 0.0193612
14.1601 0.000521771 0 0.0193627
14.1801 0.000518854 0 0.0193675
14.2002 0.000473125 0 0.0193625
14.2201 0.000519532 0 0.0193662
14.2401 0.000521146 0 0.0193655
14.2601 0.000521198 0 0.0193663
14.2801 0.000520156 0 0.0193666
14.3002 0.00050401 0 0.0193372
14.3201 0.000530469 0 0.0193388
14.3401 0.000531511 0 0.0193506
14.3601 0.000521563 0 0.019358
14.3801 0.000526354 0 0.0193581
14.4002 0.000467552 0 0.0193615
14.4201 0.000518125 0 0.0193656
14.4406 0.00058 0 0.018831
14.4601 0.000515573 0 0.0193605
14.4801 0.000521875 0 0.019365
14.5001 0.00052125 0 0.0193668
14.5201 0.000538594 0 0.0193388
14.5401 0.000524635 0 0.0193571
14.5601 0.000528177 0 0.0193585
14.5801 0.000526927 0 0.0193584
14.6001 0.000525208 0 0.0193416
14.6202 0.000476302 0 0.019349
14.6401 0.000522136 0 0.0193456
14.6601 0.000522292 0 0.0193631
14.6801 0.000522813 0 0.0193656
14.7001 0.000524479 0 0.0193639
14.7202 0.000582448 0 0.0192104
14.7401 0.000522083 0 0.0193567
14.7601 0.000525312 0 0.0193607
14.7801 0.000518906 0 0.0193658
14.8001 0.00052052 0 0.0193619
14.8201 0.000519792 0 0.0193662
14.8401 0.000527812 0 0.019359
14.8601 0.000644947 0 0.0191964
14.8801 0.000516875 0 0.0193556
14.9001 0.000529687 0 0.0193505
14.9201 0.000650521 0 0.0192103
14.9401 0.000524375 0 0.0193539
14.9601 0.000523281 0 0.0193594
14.9801 0.000524062 0 0.0193614
15.0001 0.000520625 0 0.0193634
15.0201 0.00052224 0 0.019354
15.0402 0.000476198 0 0.0193514
15.0601 0.000513959 0 0.0193691
15.0801 0.000523334 0 0.019363
15.1001 0.000526562 0 0.0193547
15.1201 0.000648594 0 0.0192038
15.1402 0.000592188 0 0.0192228
15.1601 0.000525833 0 0.0193571
15.1801 0.000528281 0 0.0193574
15.2001 0.000524844 0 0.0193612
15.2201 0.000522812 0 0.0193608
15.2401 0.000522812 0 0.0193625
15.2601 0.000523333 0 0.0193601
15.2801 0.00064724 0 0.0192103
15.3001 0.000520781 0 0.0193509
15.3201 0.000532761 0 0.0193366
15.3401 0.000520156 0 0.019356
15.3601 0.000518854 0 0.019357
15.3801 0.000527656 0 0.0193582
15.4001 0.000527448 0 0.0193594
15.4201 0.000525677 0 0.0193526
15.4401 0.00052901 0 0.0193541
15.4602 0.000478542 0 0.0193509
15.4801 0.000519844 0 0.0193642
15.5001 0.00052401 0 0.0193619
15.5201 0.000518959 0 0.0193472
15.5401 0.00051974 0 0.0193646
15.5602 0.000473177 0 0.0193633
15.5801 0.000524271 0 0.0193602
15.6001 0.000531458 0 0.019337
15.6201 0.000525417 0 0.0193551
15.6401 0.000529011 0 0.0193563
15.6601 0.000578229 0 0.0193089
15.6801 0.000525521 0 0.0193593
15.7001 0.000524636 0 0.0193625
15.7201 0.000538489 0 0.0193405
15.7401 0.000523542 0 0.0193582
15.7601 0.000526146 0 0.0193546
15.7802 0.00047 0 0.0193612
15.8001 0.000520678 0 0.0193647
15.8201 0.000526094 0 0.0193613
15.8401 0.000524011 0 0.0193617
15.8601 0.000523594 0 0.0193633
15.8801 0.000520781 0 0.019367
15.9001 0.00052125 0 0.019365
15.9201 0.00054375 0 0.0193239
15.9401 0.000523125 0 0.0193509
15.9601 0.000525833 0 0.0193613
15.9801 0.000525677 0 0.0193622
16.0002 0.000470833 0 0.0193566
16.0201 0.000523593 0 0.019362
16.0401 0.000524479 0 0.0193625
16.0601 0.000524271 0 0.0193625
16.0801 0.000522761 0 0.0193653
16.1002 0.000481719 0 0.0193505
16.1201 0.000531719 0 0.0193484
16.1401 0.000524583 0 0.0193606
16.1601 0.00052276 0 0.0193648
16.1801 0.000522604 0 0.019365
16.2001 0.000579011 0 0.0193084
16.2201 0.000525521 0 0.0193598
16.2401 0.000525833 0 0.0193625
16.2601 0.000525 0 0.019362
16.2801 0.00052677 0 0.0193617
16.3001 0.000523125 0 0.0193652
16.3201 0.000529115 0 0.0193508
16.3401 0.000523802 0 0.0193624
16.3601 0.000534063 0 0.019352
16.3801 0.000521823 0 0.0193666
16.4001 0.000525834 0 0.0193623
16.4202 0.000473958 0 0.0193631
16.4401 0.000523385 0 0.0193642
16.4601 0.000521875 0 0.0193661
16.4801 0.000524948 0 0.0193629
16.5001 0.000525313 0 0.0193633
16.5201 0.000539843 0 0.0193409
16.5401 0.000528698 0 0.0193579
16.5601 0.000526614 0 0.0193629
16.5801 0.000522657 0 0.0193647
16.6001 0.000523802 0 0.0193479
16.6201 0.000521198 0 0.0193615
16.6402 0.000471927 0 0.019359
16.6601 0.000520834 0 0.0193645
16.6801 0.000525364 0 0.0193609
16.7001 0.000522812 0 0.0193637
16.7201 0.000529635 0 0.019351
16.7402 0.000480313 0 0.0193532
16.7601 0.000524531 0 0.0193616
16.7801 0.00052651 0 0.01936
16.8001 0.000526927 0 0.0193589
16.8201 0.000527344 0 0.019361
16.8401 0.000523542 0 0.0193633
16.8601 0.00052375 0 0.0193627
16.8801 0.000521458 0 0.0193647
16.9001 0.000523854 0 0.0193619
16.9201 0.000529531 0 0.0193517
16.9401 0.000524479 0 0.0193605
16.9601 0.00052599 0 0.0193608
16.9801 0.000526823 0 0.0193596
17.0001 0.000672917 0 0.0191809
17.0201 0.000517083 0 0.019353
17.0401 0.000531563 0 0.019356
17.0602 0.000587917 0 0.0192271
17.0801 0.00052401 0 0.0193626
17.1001 0.000540417 0 0.0193413
17.1201 0.00053526 0 0.0193467
17.1401 0.000524219 0 0.0193569
17.1601 0.000522032 0 0.0193638
17.1802 0.000469739 0 0.0193617
17.2001 0.000522864 0 0.0193628
17.2201 0.000523021 0 0.0193633
17.2401 0.000522709 0 0.0193657
17.2601 0.000521563 0 0.0193653
17.2801 0.000566042 0 0.0193218
17.3001 0.00052599 0 0.01936
17.3201 0.000534427 0 0.0193463
17.3401 0.000529115 0 0.0193552
17.3601 0.00052474 0 0.0193618
17.3801 0.000574219 0 0.0193141
17.4001 0.000523125 0 0.0193615
17.4201 0.000522083 0 0.019364
17.4401 0.000524532 0 0.0193636
17.4601 0.000520677 0 0.0193661
17.4801 0.000651042 0 0.0192111
17.5002 0.000581667 0 0.0192229
17.5201 0.000529062 0 0.0193414
17.5401 0.000522084 0 0.0193587
17.5601 0.000525937 0 0.0193605
17.5801 0.00052776 0 0.019359
17.6001 0.00184537 0 0.018016
17.6201 0.000520573 0 0.0193522
17.6401 0.000527865 0 0.019356
17.6601 0.00052177 0 0.0193645
17.6801 0.0005225 0 0.0193466
17.7001 0.000523438 0 0.0193593
17.7201 0.000537032 0 0.0193393
17.7401 0.000524167 0 0.019356
17.7601 0.000524844 0 0.0193603
17.7801 0.00052375 0 0.0193631
17.8001 0.000522552 0 0.0193655
17.8202 0.000471302 0 0.0193619
17.8401 0.000525989 0 0.0193608
17.8601 0.00052375 0 0.0193637
17.8801 0.000528073 0 0.0193521
17.9001 0.000522916 0 0.0193604
17.9201 0.000538594 0 0.0193429
17.9401 0.000522083 0 0.0193586
17.9601 0.000514271 0 0.0193479
17.9808 0.00100281 0 0.0182245
18.0002 0.000768906 0 0.0190069
18.0202 0.000751823 0 0.0190564
18.0402 0.000605625 0 0.0191962
18.0602 0.000666823 0 0.0191635
18.0801 0.000653021 0 0.0192034
18.1001 0.000682396 0 0.0191781
18.1201 0.000658594 0 0.0191896
18.1401 0.000668281 0 0.0191969
18.1601 0.000656459 0 0.0192118
18.1801 0.000542552 0 0.0193307
18.2001 0.00174542 0 0.0181151
18.2201 0.000499688 0 0.0193947
18.2401 0.000501407 0 0.0194012
18.2601 0.000506198 0 0.0194009
18.2801 0.000504323 0 0.0194038
18.3001 0.000518073 0 0.0193904
18.3201 0.000514375 0 0.0193651
18.3401 0.000502083 0 0.0193937
18.3601 0.000503438 0 0.0194013
18.3801 0.000504948 0 0.0194008
18.4001 0.000504687 0 0.0194017
18.4201 0.000503594 0 0.0194032
18.4401 0.000504427 0 0.0194032
18.4601 0.000504167 0 0.0193931
18.4801 0.00050125 0 0.0194038
18.5001 0.000499271 0 0.0194063
18.5201 0.000499896 0 0.0193928
18.5401 0.000501927 0 0.019401
18.5601 0.000506198 0 0.0194014
18.5801 0.000508698 0 0.0193938
18.6001 0.000511718 0 0.0193747
18.6201 0.000498542 0 0.0194007
18.6401 0.000503489 0 0.0194011
18.6601 0.000505052 0 0.0193806
18.6801 0.000503281 0 0.0193996
18.7001 0.000503959 0 0.019401
18.7201 0.000506094 0 0.0193827
18.7401 0.000503646 0 0.0193966
18.7601 0.000504687 0 0.019399
18.7801 0.000504063 0 0.019403
18.8001 0.000504375 0 0.0194005
18.8201 0.000504896 0 0.0194015
18.8401 0.000528958 0 0.0193447
18.8601 0.000519792 0 0.0193599
18.8801 0.000522968 0 0.0193629
18.9001 0.000522552 0 0.0193642
18.9211 0.000565521 0 0.0183451
18.9401 0.000531562 0 0.0193542
18.9601 0.000529688 0 0.0193547
18.9801 0.000525521 0 0.0193607
19.0001 0.00052276 0 0.019363
19.0201 0.000521615 0 0.0193662
19.0402 0.000478854 0 0.0193599
19.0601 0.000524271 0 0.01936
19.0801 0.000521302 0 0.0193654
19.1001 0.000525573 0 0.0193513
19.1201 0.000531823 0 0.0193389
19.1402 0.000595625 0 0.0192222
19.1601 0.000524062 0 0.0193526
19.1801 0.000523281 0 0.0193611
19.2001 0.000527553 0 0.0193578
19.2201 0.000538021 0 0.0193378
19.2401 0.000581198 0 0.0192974
19.2601 0.00176542 0 0.0180925
19.2801 0.000518958 0 0.019359
19.3001 0.000525312 0 0.0193608
19.3201 0.000524271 0 0.0193399
19.3401 0.000528854 0 0.0193524
19.3601 0.000520677 0 0.019361
19.3801 0.000521875 0 0.0193632
19.4001 0.000522135 0 0.0193639
19.4201 0.000522396 0 0.0193631
19.4401 0.000523906 0 0.0193645
19.4601 0.000530417 0 0.0193412
19.4801 0.000524011 0 0.0193583
19.5001 0.000524844 0 0.0193554
19.5201 0.000527812 0 0.0193401
19.5401 0.00052526 0 0.0193534
19.5602 0.000584427 0 0.019215
19.5801 0.000513385 0 0.0193682
19.6001 0.000541979 0 0.0193265
19.6201 0.00052 0 0.0193616
19.6401 0.00052474 0 0.0193589
19.6601 0.000522187 0 0.0193655
19.6801 0.000520625 0 0.0193617
19.7001 0.000522448 0 0.0193661
19.7201 0.000531197 0 0.0193388
19.7401 0.000528073 0 0.0193389
19.7601 0.000525468 0 0.0193547
19.7801 0.000529115 0 0.0193562
19.8001 0.000523072 0 0.0193604
19.8201 0.000520833 0 0.0193441
19.8401 0.00052125 0 0.019359
19.8601 0.000642604 0 0.0192098
19.8802 0.000579636 0 0.0192244
19.9001 0.000522812 0 0.0193559
19.9201 0.000523437 0 0.0193391
19.9401 0.000521198 0 0.0193564
19.9601 0.000524323 0 0.0193595
19.9801 0.000523802 0 0.0193631
20.0002 0.00046651 0 0.0193592
20.0201 0.000527657 0 0.0193418
20.0401 0.000520833 0 0.0193621
20.0601 0.000531406 0 0.0193477
20.0801 0.00052401 0 0.0193594
20.1002 0.000605729 0 0.019221
20.1201 0.000519166 0 0.01934
20.1401 0.000522136 0 0.0193581
20.1601 0.000524114 0 0.0193592
20.1801 0.000637239 0 0.0192154
20.2002 0.00057948 0 0.0192224
20.2201 0.000524479 0 0.019357
20.2401 0.000522708 0 0.0193619
20.2601 0.000524062 0 0.0193595
20.2801 0.000551042 0 0.0193192
20.3002 0.000585104 0 0.0191877
20.3201 0.000532656 0 0.0193294
20.3401 0.000543906 0 0.0193377
20.3601 0.000528906 0 0.0193562
20.3801 0.000531198 0 0.0193516
20.4001 0.000527864 0 0.0193563
20.4201 0.000521198 0 0.0193489
20.4401 0.000516666 0 0.0193633
20.4601 0.000522031 0 0.0193607
