1.667e-06 0.000722292 0 0.0012537
0.00227063 0.000723489 0 0.000988489
0.0041213 0.000557395 0 0.00131406
0.00611771 0.00055375 0 0.00131896
0.00812328 0.00058151 0 0.00128401
0.0101249 0.000546614 0 0.00131849
0.012121 0.000556927 0 0.00131432
0.0141177 0.000560052 0 0.00131438
0.0161347 0.000535 0 0.00132271
0.0181111 0.000552188 0 0.00133005
0.0201251 0.000716979 0 0.00114932
0.0221188 0.000570677 0 0.00130203
0.0241159 0.000577396 0 0.00129854
0.026115 0.000546198 0 0.0013299
0.0281108 0.000574896 0 0.00130755
0.0301175 0.000575834 0 0.00129828
0.0321238 0.000549792 0 0.00131672
0.0341179 0.000555781 0 0.00131682
0.0361116 0.000550886 0 0.00133062
0.0381126 0.000554114 0 0.00132484
0.0401162 0.000569167 0 0.00130458
0.0421178 0.000558802 0 0.00131547
0.0441272 0.000538125 0 0.00132708
0.0461095 0.000563542 0 0.00131677
0.0481103 0.000550625 0 0.00133172
0.0501083 0.000574271 0 0.0013101
0.0521192 0.000552969 0 0.00131948
0.0541119 0.000580156 0 0.00129729
0.0561327 0.000540573 0 0.00131938
0.0581332 0.000538229 0 0.00132005
0.0601105 0.000569323 0 0.0013101
0.0621245 0.000678489 0 0.00118729
0.0641423 0.000533177 0 0.00131344
0.0661188 0.000552812 0 0.00131984
0.0681105 0.000561927 0 0.00131948
0.0701043 0.000563489 0 0.00132438
0.072119 0.000547968 0 0.00132505
0.0741255 0.000540261 0 0.00132755
0.0761126 0.000549427 0 0.00132953
0.0781098 0.000561354 0 0.00132073
0.0801068 0.000571458 0 0.00131401
0.082118 0.000575312 0 0.00129807
0.0841185 0.000553646 0 0.00131891
0.0861171 0.000568177 0 0.00130635
0.088114 0.000554584 0 0.00132068
0.0901036 0.000567291 0 0.00132135
0.0921026 0.000556771 0 0.00133396
0.0940992 0.000534062 0 0.00136063
0.0961012 0.000536302 0 0.00135625
0.0981056 0.000533906 0 0.0013549
0.100098 0.0005475 0 0.00134557
0.102106 0.000539115 0 0.00134948
0.104104 0.000524167 0 0.00135484
0.106117 0.000527136 0 0.00134865
0.108094 0.000550417 0 0.00134964
0.110106 0.000534531 0 0.00135318
0.112112 0.000527135 0 0.00135521
0.114114 0.000525208 0 0.00135286
0.116096 0.00054151 0 0.00135708
0.118099 0.000542396 0 0.00135083
0.120097 0.000550937 0 0.00134625
0.122105 0.000543177 0 0.00134411
0.124105 0.000535521 0 0.00135417
0.126099 0.000532135 0 0.00136177
0.128096 0.000553073 0 0.00134531
0.130095 0.000554948 0 0.00134427
0.132098 0.000540938 0 0.00135318
0.134096 0.000543438 0 0.0013551
0.136098 0.000537239 0 0.00135922
0.138096 0.00054401 0 0.00135458
0.140098 0.000540937 0 0.00135375
0.142102 0.000535781 0 0.00135667
0.144103 0.000530521 0 0.00136
0.146108 0.000514791 0 0.00137182
0.148099 0.000528385 0 0.00136568
0.150094 0.000526823 0 0.00137495
0.152087 0.000526354 0 0.0013824
0.154086 0.00165 0 0.000259948
0.156083 0.00165844 0 0.000254844
0.158084 0.0016524 0 0.000260364
0.160092 0.000517135 0 0.00138734
0.162085 0.00164938 0 0.000261823
0.164085 0.00164854 0 0.000262656
0.166084 0.00165203 0 0.000259792
0.168084 0.00165193 0 0.000260677
0.170087 0.00168391 0 0.000223333
0.172094 0.000524375 0 0.00137698
0.174095 0.000536459 0 0.00136448
0.176089 0.000524218 0 0.00138354
0.178086 0.00165203 0 0.000258646
0.18009 0.00052625 0 0.00137734
0.18209 0.000524167 0 0.00138219
0.184086 0.00165047 0 0.000259687
0.186087 0.00164963 0 0.000260104
0.188083 0.00166375 0 0.000249739
0.190085 0.00165469 0 0.000256458
0.19208 0.00165099 0 0.000264948
0.19408 0.00165453 0 0.000262031
0.19608 0.00165219 0 0.000264583
0.19808 0.00165302 0 0.000263333
0.200087 0.00165406 0 0.000255104
0.202087 0.00165062 0 0.000258958
0.204086 0.00165135 0 0.000258646
0.206086 0.0016525 0 0.0002575
0.208085 0.00165031 0 0.000260573
0.210085 0.00165479 0 0.000256771
0.21208 0.00165531 0 0.000260677
0.21408 0.00165094 0 0.000265052
0.216079 0.00165146 0 0.000265573
0.218079 0.00165193 0 0.00026526
0.220083 0.00165359 0 0.000259114
0.222084 0.00165276 0 0.000259219
0.224083 0.00165318 0 0.000260312
0.226084 0.00165094 0 0.000261146
0.228085 0.00165094 0 0.000260469
0.230091 0.000517656 0 0.0013874
0.232086 0.00164979 0 0.000260989
0.234082 0.00165349 0 0.000260677
0.236083 0.00165328 0 0.000260417
0.238083 0.0016538 0 0.000260156
0.240086 0.00165167 0 0.000258229
0.242083 0.00165214 0 0.000261406
0.244082 0.00165214 0 0.000261979
0.246082 0.0016538 0 0.000260104
0.248085 0.00165182 0 0.000259844
0.250088 0.00165036 0 0.000257656
0.252087 0.00164844 0 0.000260833
0.254083 0.00165187 0 0.000261562
0.256082 0.00165354 0 0.000260312
0.258083 0.00165255 0 0.000261042
0.260087 0.0016525 0 0.000256771
0.262084 0.00165109 0 0.000261042
0.264082 0.00165307 0 0.000260937
0.266083 0.00165198 0 0.000261562
0.268085 0.00165026 0 0.000261146
0.270089 0.00164646 0 0.000260885
0.272085 0.00165042 0 0.000261094
0.274085 0.00165099 0 0.000260677
0.276082 0.00165219 0 0.000261614
0.278082 0.00165344 0 0.000260729
0.280086 0.00165146 0 0.000258489
0.282084 0.00165073 0 0.000261719
0.284082 0.00165443 0 0.000259583
0.286082 0.0016551 0 0.000258854
0.288082 0.00165297 0 0.000260885
0.290088 0.00164687 0 0.000260989
0.292084 0.0016499 0 0.000262031
0.294085 0.00164948 0 0.000262187
0.296082 0.00165333 0 0.000260729
0.298082 0.00165167 0 0.000262344
0.300086 0.00164912 0 0.000260781
0.302084 0.00165182 0 0.000260885
0.304082 0.00165339 0 0.000260781
0.306082 0.0016538 0 0.000260573
0.308082 0.00165193 0 0.000261875
0.310087 0.00164807 0 0.000261198
0.312085 0.00165016 0 0.000261719
0.314085 0.0016488 0 0.000262135
0.316085 0.00165005 0 0.000261719
0.318083 0.00165438 0 0.000259271
0.320087 0.0016487 0 0.000260937
0.322083 0.00165177 0 0.000261719
0.324082 0.00165198 0 0.000262083
0.326082 0.00165266 0 0.000261354
0.328082 0.0016538 0 0.000260364
0.330087 0.00164953 0 0.000259948
0.332083 0.00165208 0 0.000261771
0.334085 0.00164979 0 0.000261406
0.336085 0.00165146 0 0.000259844
0.338085 0.0016538 0 0.000257812
0.340083 0.00165589 0 0.000257448
0.342084 0.00165214 0 0.00026026
0.344083 0.00165156 0 0.000261979
0.346083 0.00165359 0 0.000260208
0.348082 0.00165234 0 0.00026151
0.350087 0.00164922 0 0.000260469
0.352082 0.00165391 0 0.000260364
0.354083 0.00165161 0 0.000261979
0.356085 0.00164974 0 0.000261719
0.358085 0.00165021 0 0.000261458
0.36009 0.00164484 0 0.000261094
0.362083 0.00165453 0 0.000258958
0.364082 0.00166344 0 0.00025026
0.366087 0.000527344 0 0.00138203
0.368087 0.00165349 0 0.000256146
0.370088 0.00166865 0 0.000236875
0.372088 0.000529115 0 0.00137937
0.374087 0.00165031 0 0.000259427
0.376086 0.00164875 0 0.000261146
0.378085 0.0016501 0 0.00026125
0.380088 0.0005325 0 0.0013751
0.38209 0.000522135 0 0.00138448
0.384087 0.00165302 0 0.000256562
0.386083 0.00165516 0 0.000257917
0.388084 0.00165011 0 0.000262135
0.390084 0.00165062 0 0.000261562
0.39208 0.00165187 0 0.000264687
0.39408 0.00165354 0 0.000263125
0.39608 0.0016525 0 0.000264062
0.398082 0.00164969 0 0.000264792
0.400086 0.00052625 0 0.00138344
0.402087 0.00165036 0 0.000258802
0.404083 0.00165292 0 0.000260208
0.406083 0.00165537 0 0.000257604
0.408083 0.00165198 0 0.000261042
0.410084 0.00164901 0 0.000263229
0.41208 0.00165286 0 0.00026349
0.41408 0.00165328 0 0.000263385
0.41608 0.00165422 0 0.000262604
0.41808 0.00165365 0 0.000263125
0.420085 0.00165156 0 0.00026
0.422086 0.00165104 0 0.000259167
0.424085 0.00165214 0 0.000259583
0.426082 0.00165234 0 0.000261406
0.428083 0.00165161 0 0.000261771
0.430084 0.00165448 0 0.000257812
0.432084 0.00165083 0 0.000261823
0.434082 0.00165427 0 0.00025974
0.436083 0.00165385 0 0.000259844
0.438082 0.00165479 0 0.000259427
0.440087 0.00164984 0 0.000259896
0.442085 0.00164963 0 0.000261094
0.444085 0.0016501 0 0.000261146
0.446085 0.00165156 0 0.000259896
0.448083 0.00165172 0 0.000261927
0.450087 0.00165073 0 0.000258646
0.452083 0.00165333 0 0.000260417
0.454083 0.00165297 0 0.000260625
0.456082 0.00165333 0 0.000260521
0.458082 0.0016524 0 0.000261823
0.460083 0.00165318 0 0.000259479
0.462086 0.00165276 0 0.000257031
0.464086 0.00165109 0 0.000259583
0.466085 0.00165062 0 0.000260781
0.468085 0.00164885 0 0.00026224
0.470088 0.00164885 0 0.00025974
0.472083 0.00165464 0 0.000258594
0.474082 0.00165417 0 0.000259844
0.476083 0.00165172 0 0.000261979
0.478082 0.00165412 0 0.000259948
0.480086 0.00165438 0 0.000255521
0.482082 0.00165443 0 0.000259271
0.484085 0.00165125 0 0.000260208
0.486085 0.00165276 0 0.000258437
0.488085 0.00165062 0 0.000260833
0.490089 0.00164844 0 0.000258958
0.492083 0.00165245 0 0.000261146
0.494083 0.00165187 0 0.000261771
0.496082 0.00165422 0 0.000259635
0.498082 0.00165385 0 0.000260312
0.500086 0.00165313 0 0.000256823
0.502168 0.000445834 0 0.00138042
0.504088 0.000522813 0 0.0013851
0.506087 0.0016513 0 0.000258333
0.508086 0.00164938 0 0.000260469
0.510092 0.000516823 0 0.00138776
0.512086 0.00164927 0 0.00026125
0.514083 0.0016551 0 0.000258125
0.516084 0.00165146 0 0.000261198
0.518084 0.00165432 0 0.000258177
0.520087 0.000529219 0 0.00137927
0.522087 0.00164875 0 0.000259635
0.524084 0.00165313 0 0.000259271
0.526084 0.00165271 0 0.000259687
0.528086 0.00165156 0 0.000258854
0.530091 0.000519687 0 0.00138547
0.532086 0.00164932 0 0.000260573
0.534083 0.0016537 0 0.000259167
0.536084 0.00165359 0 0.000258906
0.538083 0.00165443 0 0.000258437
0.540087 0.00164766 0 0.000261094
0.542083 0.00165245 0 0.000260573
0.544084 0.00165354 0 0.000259062
0.546084 0.00165281 0 0.000259635
0.548084 0.0016524 0 0.000259896
0.55009 0.0016474 0 0.00025901
0.552086 0.00164964 0 0.000260885
0.554086 0.00165094 0 0.000259323
0.556083 0.0016524 0 0.000260573
0.558083 0.00165287 0 0.00026026
0.560087 0.00164948 0 0.000259427
0.562084 0.00165182 0 0.000260469
0.564083 0.00165297 0 0.000260104
0.566084 0.00165365 0 0.000259167
0.568083 0.00165573 0 0.000257292
0.57009 0.00166422 0 0.000241458
0.572094 0.000520834 0 0.00138109
0.574087 0.00165297 0 0.000255625
0.576086 0.00164927 0 0.000260573
0.578083 0.00165677 0 0.000256042
0.580084 0.00165641 0 0.000255729
0.582085 0.00165417 0 0.000257135
0.584085 0.00165495 0 0.000256771
0.586084 0.00165391 0 0.000257187
0.588084 0.00165349 0 0.000258906
0.590084 0.00165005 0 0.00026224
0.592082 0.00164932 0 0.000265417
0.594082 0.00165099 0 0.000263229
0.596082 0.0016487 0 0.000265938
0.598079 0.00165333 0 0.000263594
0.600085 0.00165427 0 0.000256042
0.602084 0.00165146 0 0.000260052
0.604084 0.00165422 0 0.000258438
0.606085 0.00165302 0 0.000258646
0.608084 0.00165141 0 0.00026026
0.610084 0.00164792 0 0.000264792
0.61208 0.00165198 0 0.000264219
0.614082 0.00165088 0 0.000263646
0.616082 0.00165073 0 0.000263177
0.618082 0.0016513 0 0.00026349
0.620084 0.00165234 0 0.000260052
0.622084 0.00165281 0 0.000259688
0.624083 0.0016549 0 0.000257917
0.626084 0.00165146 0 0.000260417
0.628084 0.00165385 0 0.000258854
0.630089 0.00164849 0 0.00025901
0.632083 0.00165406 0 0.000258802
0.634084 0.00165427 0 0.000258438
0.636085 0.00165245 0 0.000258281
0.638086 0.00165083 0 0.000259844
0.64009 0.00164953 0 0.000256979
0.642084 0.00165203 0 0.000260365
0.644083 0.00165359 0 0.000259323
0.646083 0.00165438 0 0.000258438
0.648083 0.00165438 0 0.000258438
0.650088 0.00165005 0 0.000258594
0.652084 0.00165208 0 0.000260625
0.654084 0.00165453 0 0.000257865
0.656084 0.00165172 0 0.00026099
0.658086 0.00164969 0 0.000260521
0.66009 0.0016463 0 0.000260156
0.662086 0.00165521 0 0.000254844
0.664084 0.00165427 0 0.000258438
0.666083 0.00165214 0 0.000260833
0.668083 0.00165203 0 0.000260781
0.670083 0.00165656 0 0.000256042
0.672085 0.00165432 0 0.000257344
0.674083 0.00165385 0 0.000259219
0.676084 0.00165094 0 0.000261563
0.678086 0.00164964 0 0.000260677
0.680087 0.00165203 0 0.000257552
0.682089 0.00165396 0 0.000253698
0.684086 0.00164885 0 0.00026099
0.686084 0.00165307 0 0.000259219
0.688084 0.00165198 0 0.000260521
0.690088 0.00164786 0 0.000260573
0.692083 0.0016525 0 0.000260625
0.694083 0.00165224 0 0.000260677
0.696083 0.00165354 0 0.000259479
0.698083 0.00165323 0 0.000260052
0.70009 0.0016463 0 0.000260104
0.702086 0.00165156 0 0.000258906
0.704086 0.00164979 0 0.000260938
0.706083 0.00165375 0 0.000259115
0.708084 0.00165167 0 0.00026099
0.710088 0.00165068 0 0.000257813
0.712084 0.00165182 0 0.000260625
0.714083 0.0016526 0 0.000260469
0.716084 0.00165307 0 0.000259688
0.718083 0.00165453 0 0.000258438
0.720088 0.00164755 0 0.000260365
0.722086 0.00164979 0 0.000260885
0.724086 0.00165005 0 0.000260521
0.726086 0.00164995 0 0.000260573
0.728083 0.00165333 0 0.000259583
0.730088 0.00164797 0 0.000260573
0.732084 0.00165167 0 0.000260833
0.734083 0.00165229 0 0.000260573
0.736083 0.00165328 0 0.000259792
0.738084 0.00165219 0 0.000260625
0.740087 0.00164932 0 0.000259531
0.742084 0.00165224 0 0.000260313
0.744086 0.00164964 0 0.000260781
0.746086 0.00165073 0 0.000259323
0.748086 0.0016501 0 0.000260573
0.750088 0.00164708 0 0.000261458
0.752083 0.0016538 0 0.000259427
0.754084 0.00165135 0 0.000261406
0.756083 0.00165208 0 0.000260625
0.758083 0.00165182 0 0.000261146
0.760087 0.00164859 0 0.000260365
0.762083 0.00165375 0 0.00025901
0.764084 0.0016513 0 0.000261198
0.766086 0.0016501 0 0.000260365
0.768086 0.00164943 0 0.000261042
0.77009 0.00165839 0 0.000248125
0.772088 0.000530937 0 0.00137719
0.774089 0.000524479 0 0.00138245
0.776088 0.00164818 0 0.000260521
0.778084 0.00165375 0 0.00025901
0.780083 0.00165729 0 0.000255573
0.782084 0.00165537 0 0.000257083
0.784084 0.00165328 0 0.000259323
0.786086 0.00165016 0 0.000260417
0.788086 0.00164953 0 0.000260573
0.790086 0.00164469 0 0.000265573
0.792082 0.00164948 0 0.00026474
0.794079 0.00184547 0 7.0833e-05
0.796083 0.00169052 0 0.00022151
0.798096 0.000548802 0 0.00134922
0.800102 0.000548594 0 0.00134307
0.802104 0.000547187 0 0.00134286
0.804104 0.000540468 0 0.00135026
0.806104 0.000541145 0 0.00134901
0.808104 0.000540573 0 0.00134953
0.810105 0.000533386 0 0.00135641
0.812098 0.000541459 0 0.00135521
0.814098 0.00054099 0 0.00135573
0.816097 0.000544531 0 0.00135292
0.818098 0.000543959 0 0.00135255
0.820102 0.000549167 0 0.00134318
0.822104 0.000546094 0 0.00134406
0.824103 0.000545573 0 0.00134542
0.826104 0.000541823 0 0.00134885
0.828114 0.000552344 0 0.00132682
0.830124 0.000529062 0 0.00134146
0.832107 0.000542812 0 0.00134411
0.834106 0.000539271 0 0.00134885
0.836105 0.000538802 0 0.00135031
0.838106 0.000546615 0 0.00134203
0.840106 0.000550781 0 0.00133583
0.842106 0.000547396 0 0.00134047
0.844104 0.000544479 0 0.00134563
0.846104 0.000542968 0 0.00134724
0.848104 0.000541875 0 0.00134885
0.85011 0.00053599 0 0.00134828
0.852104 0.000542187 0 0.00134792
0.854103 0.000542552 0 0.0013487
0.856104 0.000542396 0 0.00134828
0.858104 0.000540885 0 0.00134964
0.86011 0.000538229 0 0.00134563
0.862106 0.000544114 0 0.00134479
0.864103 0.000544531 0 0.00134656
0.866104 0.000545104 0 0.00134557
0.868103 0.000541719 0 0.00134984
0.870109 0.000540052 0 0.0013449
0.872104 0.000542812 0 0.00134724
0.874104 0.000540208 0 0.00134979
0.876104 0.000541197 0 0.00134964
0.878103 0.000541667 0 0.00134922
0.880107 0.000541094 0 0.00134667
0.882106 0.000543333 0 0.0013449
0.884104 0.000544948 0 0.00134568
0.886103 0.000546719 0 0.00134453
0.888105 0.000543489 0 0.00134589
0.89011 0.000535521 0 0.00134849
0.892103 0.000542813 0 0.0013488
0.894103 0.000541459 0 0.00134943
0.896156 0.000493282 0 0.001345
0.898105 0.000540781 0 0.00134854
0.90011 0.000534844 0 0.00134859
0.902105 0.000544115 0 0.001345
0.904107 0.000545156 0 0.00134214
0.906104 0.000547188 0 0.0013437
0.908103 0.000545833 0 0.00134531
0.910111 0.000538281 0 0.001345
0.912103 0.000541459 0 0.00134958
0.914105 0.000540573 0 0.00134865
0.916103 0.000541042 0 0.0013499
0.918103 0.000542187 0 0.00134917
0.920109 0.000536146 0 0.00134885
0.922104 0.000541823 0 0.00134865
0.924103 0.000544427 0 0.00134698
0.926104 0.00054526 0 0.00134552
0.928104 0.000544791 0 0.00134594
0.930102 0.000547292 0 0.00134495
0.932105 0.000549167 0 0.00134089
0.934106 0.000539896 0 0.00134885
0.936103 0.000542135 0 0.00134927
0.938103 0.000541302 0 0.00134984
0.94011 0.000535625 0 0.00134911
0.942103 0.000542292 0 0.00134885
0.944104 0.000541041 0 0.00134964
0.946103 0.000545678 0 0.00134578
0.948103 0.000544167 0 0.00134682
0.950109 0.000540104 0 0.0013449
0.952104 0.000545364 0 0.00134547
0.954104 0.000541927 0 0.00134896
0.956103 0.000541511 0 0.00135031
0.958104 0.000541458 0 0.00134938
0.960109 0.000535053 0 0.00135021
0.962106 0.000539948 0 0.00134885
0.964103 0.000541823 0 0.00134927
0.966103 0.000541823 0 0.00134943
0.968103 0.000545938 0 0.00134521
0.970109 0.000539687 0 0.00134552
0.972104 0.000564948 0 0.00132479
0.974113 0.000542657 0 0.00133776
0.976109 0.000538281 0 0.00134734
0.978104 0.00054276 0 0.00134776
0.980103 0.000548802 0 0.00134271
0.982106 0.000541979 0 0.00134599
0.984105 0.000540313 0 0.00134943
0.986104 0.000542136 0 0.00134812
0.988104 0.000543333 0 0.00134724
0.990106 0.000539218 0 0.00134974
0.992098 0.000544375 0 0.00135234
0.994099 0.000542916 0 0.00135286
0.996097 0.000597396 0 0.00129958
0.998099 0.000542656 0 0.00135234
1.00011 0.000547865 0 0.00133469
1.00211 0.00053875 0 0.00134839
1.0041 0.000539687 0 0.0013499
1.00611 0.000540573 0 0.00134839
1.0081 0.000542135 0 0.00134917
1.0101 0.000538333 0 0.00135219
1.0121 0.000543438 0 0.00135307
1.0141 0.000544375 0 0.00135297
1.0161 0.000544948 0 0.00135214
1.0181 0.000550781 0 0.00134667
1.0201 0.000545417 0 0.00134745
1.02211 0.00054224 0 0.00134693
1.0241 0.000541146 0 0.00134943
1.0261 0.000540573 0 0.00134958
1.0281 0.000541458 0 0.00134969
1.03011 0.000534531 0 0.00134979
1.0321 0.000544271 0 0.00134682
1.0341 0.000543958 0 0.00134656
1.0361 0.000545469 0 0.00134599
1.0381 0.000544479 0 0.00134604
1.04011 0.000540417 0 0.00134443
1.0421 0.000541458 0 0.00134932
1.0441 0.000541094 0 0.00134984
1.0461 0.000541875 0 0.00134906
1.0481 0.000540833 0 0.00134958
1.05011 0.000536354 0 0.00134891
1.0521 0.000541198 0 0.00135021
1.0541 0.000544219 0 0.00134682
1.0561 0.000545 0 0.00134573
1.0581 0.000544219 0 0.00134667
1.06011 0.000538855 0 0.00134615
1.0621 0.000541771 0 0.00134932
1.0641 0.000542136 0 0.00134958
1.0661 0.000541406 0 0.00134979
1.0681 0.000540886 0 0.00135005
1.07011 0.000537187 0 0.00134849
1.0721 0.000540938 0 0.00135
1.0741 0.000541354 0 0.00134938
1.0761 0.000544063 0 0.0013463
1.0781 0.000544114 0 0.00134656
1.08011 0.000540937 0 0.00134396
1.0821 0.000547343 0 0.00134396
1.0841 0.000542187 0 0.00134854
1.0861 0.000542656 0 0.00134786
1.0881 0.000541615 0 0.00134938
1.0901 0.000548333 0 0.0013413
1.0921 0.000542604 0 0.00134781
1.0941 0.000542136 0 0.0013488
1.0961 0.000540989 0 0.00135021
1.09815 0.000502343 0 0.00134208
1.10011 0.000538385 0 0.00134479
1.1021 0.0005475 0 0.00134344
1.1041 0.000545417 0 0.00134557
1.1061 0.000540312 0 0.00135042
1.1081 0.000541719 0 0.00134927
1.11011 0.000536042 0 0.0013487
1.1121 0.000540625 0 0.0013499
1.1141 0.000541197 0 0.00134958
1.1161 0.000543281 0 0.00134849
1.1181 0.000546041 0 0.00134537
1.12011 0.000539167 0 0.00134609
1.1221 0.000543802 0 0.00134682
1.1241 0.000544895 0 0.00134646
1.1261 0.000550833 0 0.00134026
1.1281 0.000541407 0 0.00134953
1.13011 0.000535833 0 0.00134849
1.1321 0.000542083 0 0.00134844
1.1341 0.000541719 0 0.00134953
1.1361 0.000540833 0 0.00134979
1.1381 0.000541198 0 0.00135
1.14011 0.000538697 0 0.00134651
1.14211 0.000543646 0 0.00134568
1.1441 0.000544688 0 0.00134646
1.1461 0.000543907 0 0.00134714
1.1481 0.000543437 0 0.00134724
1.15011 0.00053698 0 0.00134833
1.1521 0.000541979 0 0.00134865
1.1541 0.000542187 0 0.00134854
1.1561 0.000540886 0 0.00135005
1.1581 0.000541719 0 0.00134948
1.16011 0.000535469 0 0.00134953
1.1621 0.000544011 0 0.00134682
1.1641 0.000546771 0 0.00134443
1.1661 0.000546823 0 0.00134411
1.1681 0.000548021 0 0.00134297
1.17011 0.000536615 0 0.00134859
1.1721 0.00054198 0 0.00134958
1.17411 0.000541615 0 0.00133646
1.17611 0.000540417 0 0.00134682
1.1781 0.000540885 0 0.00134859
1.18011 0.000542916 0 0.00134537
1.1821 0.00054 0 0.00134974
1.1841 0.000544531 0 0.00134563
1.1861 0.000546458 0 0.00134495
1.1881 0.000545521 0 0.00134563
1.1901 0.000538333 0 0.00135234
1.1921 0.00054099 0 0.00135557
1.1941 0.000540833 0 0.00135662
1.1961 0.000539792 0 0.00135698
1.1981 0.000539167 0 0.0013562
1.20009 0.000554635 0 0.00134411
1.20211 0.000541146 0 0.00134786
1.2041 0.000541302 0 0.00134911
1.2061 0.000545313 0 0.00134563
1.2081 0.000544115 0 0.00134693
1.2101 0.000538333 0 0.00135177
1.2121 0.000544948 0 0.00135219
1.2141 0.000541614 0 0.00135589
1.2161 0.000540625 0 0.00135667
1.2181 0.000540781 0 0.00135651
1.2201 0.000545416 0 0.00134792
1.2221 0.000541146 0 0.00134891
1.22411 0.000539635 0 0.00134964
1.2261 0.000544948 0 0.00134557
1.2281 0.000544844 0 0.00134615
1.23011 0.000538021 0 0.00134599
1.2321 0.000546511 0 0.00134438
1.2341 0.000545416 0 0.00134531
1.2361 0.000543177 0 0.00134755
1.2381 0.000541614 0 0.00134964
1.24011 0.000546771 0 0.00134016
1.24211 0.000538802 0 0.00134885
1.2441 0.000541458 0 0.00134901
1.2461 0.000540782 0 0.00134891
1.2481 0.000546042 0 0.00134479
1.25011 0.000539635 0 0.00134599
1.2521 0.000544636 0 0.0013462
1.2541 0.000547031 0 0.00134427
1.2561 0.000541719 0 0.00134979
1.2581 0.00054151 0 0.00134958
1.26011 0.000535 0 0.00134995
1.2621 0.000541198 0 0.00134984
1.2641 0.000541042 0 0.00135042
1.2661 0.000542031 0 0.00134896
1.2681 0.000541406 0 0.00134932
1.27011 0.000538802 0 0.00134641
1.2721 0.000551719 0 0.00133938
1.2741 0.000545104 0 0.00134516
1.2761 0.000545156 0 0.00134604
1.2781 0.000542396 0 0.00134911
1.28011 0.0005375 0 0.00134802
1.2821 0.000542031 0 0.00134865
1.2841 0.000540989 0 0.00135026
1.2861 0.000542031 0 0.00134865
1.2881 0.000541146 0 0.00134969
1.29011 0.00053526 0 0.00134958
1.2921 0.000547344 0 0.00134438
1.2941 0.000545521 0 0.00134609
1.2961 0.000545521 0 0.00134537
1.2981 0.000545677 0 0.00134526
1.30011 0.000542291 0 0.00134662
1.30211 0.000541979 0 0.00134724
1.3041 0.000543697 0 0.00134714
1.3061 0.000543177 0 0.00134771
1.3081 0.000546875 0 0.00134396
1.31011 0.000536614 0 0.00134844
1.3121 0.000546302 0 0.00134484
1.3141 0.000545938 0 0.00134557
1.3161 0.00054474 0 0.00134599
1.3181 0.000545364 0 0.00134594
1.32011 0.00054 0 0.00134505
1.3221 0.000542239 0 0.00134839
1.3241 0.000541875 0 0.00134974
1.3261 0.00054125 0 0.00134906
1.3281 0.000541145 0 0.00135026
1.33011 0.000535208 0 0.00134974
1.3321 0.000541041 0 0.00134958
1.3341 0.000546146 0 0.0013438
1.3361 0.000544062 0 0.00134656
1.3381 0.000544218 0 0.00134651
1.34011 0.000538959 0 0.00134625
1.3421 0.000544635 0 0.00134583
1.3441 0.000547812 0 0.00134349
1.3461 0.000541615 0 0.00134911
1.3481 0.000541458 0 0.00134969
1.35011 0.00053599 0 0.0013488
1.3521 0.000541719 0 0.00134922
1.3541 0.000541093 0 0.00135031
1.3561 0.000545157 0 0.00134641
1.3581 0.000545416 0 0.00134594
1.36011 0.000538073 0 0.00134531
1.3621 0.00054599 0 0.00134479
1.3641 0.000540677 0 0.00134979
1.3661 0.000552605 0 0.00133875
1.36811 0.00053875 0 0.00134734
1.37011 0.000534063 0 0.00134812
1.37211 0.000551875 0 0.00133703
1.37411 0.000536458 0 0.00134063
1.37611 0.00054026 0 0.00134641
1.3781 0.000545989 0 0.00134406
1.3801 0.000549114 0 0.00134089
1.38211 0.000548073 0 0.00133896
1.3841 0.000546459 0 0.00134422
1.3861 0.000543229 0 0.00134787
1.38812 0.000541406 0 0.00133563
1.39011 0.000532656 0 0.00135208
1.3921 0.00053849 0 0.00135479
1.3941 0.000540104 0 0.00135537
1.3961 0.000541041 0 0.00135578
1.3981 0.00054151 0 0.00135474
1.40012 0.000537812 0 0.00133875
1.40211 0.000544011 0 0.00134323
1.40411 0.000544844 0 0.00134422
1.4061 0.000545677 0 0.00134464
1.4081 0.000542031 0 0.00134901
1.4101 0.000534166 0 0.00135573
1.4121 0.000541407 0 0.00135573
1.4141 0.00054125 0 0.00135563
1.4161 0.000541303 0 0.00135563
1.4181 0.000543229 0 0.00135396
1.4201 0.000545417 0 0.00134411
1.4221 0.000543645 0 0.00134573
1.4241 0.000543802 0 0.00134656
1.4261 0.000544166 0 0.00134641
1.4281 0.000544479 0 0.00134641
1.4301 0.000541302 0 0.00134896
1.4321 0.000540989 0 0.00134969
1.43411 0.000538646 0 0.00134995
1.4361 0.000541562 0 0.00134958
1.4381 0.000541667 0 0.0013499
1.44011 0.000536093 0 0.00134812
1.4421 0.000544739 0 0.00134594
1.4441 0.000544948 0 0.00134609
1.44611 0.000544896 0 0.00134417
1.4481 0.000545468 0 0.0013451
1.45011 0.000538125 0 0.0013463
1.4521 0.000542344 0 0.00134906
1.45411 0.000550104 0 0.00133797
1.45611 0.000540417 0 0.00134724
1.45811 0.00054099 0 0.00134823
1.46011 0.000533958 0 0.00134891
1.4621 0.00054125 0 0.00134875
1.4641 0.000544636 0 0.0013462
1.4661 0.000544896 0 0.00134615
1.4681 0.000545364 0 0.00134594
1.47011 0.000538385 0 0.00134578
1.4721 0.000541458 0 0.00134979
1.4741 0.000541302 0 0.00134964
1.4761 0.000539218 0 0.00135005
1.4781 0.00054151 0 0.00134979
1.48011 0.000537604 0 0.00134714
1.48211 0.000540781 0 0.00134849
1.4841 0.000541719 0 0.00134911
1.4861 0.00054625 0 0.00134474
1.4881 0.000545729 0 0.00134552
1.49011 0.000539479 0 0.00134511
1.4921 0.000544531 0 0.0013463
1.4941 0.000542031 0 0.00134896
1.4961 0.000541719 0 0.00134927
1.4981 0.000541042 0 0.00134974
1.50016 0.000495208 0 0.00134359
1.50211 0.000541459 0 0.0013475
1.5041 0.00054125 0 0.00134901
1.5061 0.000542865 0 0.00134865
1.5081 0.000545208 0 0.00134568
1.51011 0.000544063 0 0.001345
1.5121 0.0005475 0 0.00134307
1.5141 0.000543645 0 0.00134578
1.51611 0.00054099 0 0.00134802
1.5181 0.000542709 0 0.00134802
1.52011 0.000537188 0 0.0013476
1.5221 0.000542083 0 0.00134823
1.5241 0.000541094 0 0.00134865
1.5261 0.00054151 0 0.00134906
1.5281 0.000544635 0 0.00134563
1.53011 0.000538542 0 0.0013463
1.5321 0.000544636 0 0.0013463
1.5341 0.000544584 0 0.00134609
1.5361 0.000545052 0 0.00134599
1.5381 0.000541197 0 0.0013488
1.54011 0.000536354 0 0.00134844
1.54211 0.000541094 0 0.00134792
1.5441 0.000541615 0 0.00134917
1.5461 0.000541459 0 0.00134932
1.5481 0.000541979 0 0.00134917
1.55011 0.000537448 0 0.001345
1.5521 0.000544948 0 0.00134563
1.5541 0.000544948 0 0.00134646
1.5561 0.000544844 0 0.0013462
1.5581 0.000545105 0 0.00134557
1.56011 0.00054026 0 0.00134771
1.56211 0.000542344 0 0.00134615
1.56411 0.000542709 0 0.00134537
1.5661 0.000542136 0 0.00134865
1.5681 0.000541407 0 0.00135005
1.57011 0.000534115 0 0.00134927
1.5721 0.000561823 0 0.00132886
1.57412 0.000544115 0 0.00133151
1.57611 0.00054349 0 0.00134349
1.5781 0.000546354 0 0.00134359
1.5801 0.000545833 0 0.00134438
1.5821 0.000542396 0 0.00134636
1.58411 0.000540312 0 0.00134833
1.5861 0.000540782 0 0.00134932
1.5881 0.000542239 0 0.00134891
1.5901 0.000535052 0 0.00135521
1.5921 0.000541771 0 0.001355
1.5941 0.000542708 0 0.00135271
1.5961 0.000543802 0 0.00135333
1.5981 0.000543855 0 0.00135302
1.6001 0.000550521 0 0.00134094
1.60211 0.000540885 0 0.00134599
1.60411 0.000542344 0 0.00134615
1.6061 0.000542135 0 0.00134823
1.6081 0.000542865 0 0.00134812
1.6101 0.000534687 0 0.001355
1.6121 0.000538333 0 0.00135474
1.6141 0.000539114 0 0.00135521
1.6161 0.00054323 0 0.00135312
1.6181 0.000543958 0 0.00135276
1.6201 0.000546614 0 0.00134464
1.6221 0.000543854 0 0.00134557
1.6241 0.000540052 0 0.00134958
1.6261 0.000540833 0 0.00134948
1.6281 0.000540729 0 0.00135
1.63011 0.000535833 0 0.00134891
1.6321 0.000540625 0 0.00135021
1.6341 0.000542031 0 0.00134901
1.6361 0.000551614 0 0.00133958
1.6381 0.000545625 0 0.00134547
1.64011 0.000541354 0 0.00134375
1.6421 0.00054427 0 0.0013463
1.6441 0.000544792 0 0.00134599
1.6461 0.000542708 0 0.00134859
1.6481 0.000540677 0 0.00135005
1.65011 0.000535156 0 0.00134938
1.6521 0.000540365 0 0.00134958
1.6541 0.000541406 0 0.00134901
1.65611 0.000539844 0 0.00134938
1.6581 0.000544218 0 0.00134641
1.66011 0.000538958 0 0.00134609
1.6621 0.000545781 0 0.00134448
1.6641 0.000544688 0 0.0013462
1.6661 0.000544583 0 0.00134599
1.6681 0.000542553 0 0.0013488
1.67012 0.000531355 0 0.00134427
1.67211 0.000544479 0 0.0013426
1.6741 0.000542969 0 0.00134771
1.6761 0.00054125 0 0.00134938
1.6781 0.000541146 0 0.00134906
1.68011 0.000548803 0 0.00134052
1.6821 0.000544115 0 0.00134625
1.6841 0.000545417 0 0.00134505
1.6861 0.000544479 0 0.00134651
1.6881 0.000542656 0 0.00134818
1.69011 0.000535885 0 0.0013488
1.6921 0.000541562 0 0.00134943
1.6941 0.000542448 0 0.00134859
1.6961 0.000541041 0 0.00134948
1.6981 0.000540729 0 0.00135011
1.70011 0.000538438 0 0.00134609
1.70215 0.000498646 0 0.00134198
1.70411 0.000546927 0 0.00134208
1.7061 0.000545209 0 0.00134495
1.7081 0.000544271 0 0.00134511
1.71011 0.000535938 0 0.00134807
1.7121 0.000540364 0 0.00135021
1.7141 0.000540989 0 0.00134948
1.7161 0.000541458 0 0.00134901
1.7181 0.000541927 0 0.0013488
1.7201 0.000542396 0 0.00134729
1.72211 0.000540209 0 0.00134812
1.72411 0.000542343 0 0.00134687
1.7261 0.000545521 0 0.00134521
1.7281 0.000544688 0 0.00134609
1.73011 0.000540937 0 0.0013438
1.7321 0.000541197 0 0.00135
1.7341 0.000541823 0 0.00134885
1.7361 0.000541094 0 0.00134938
1.7381 0.000540886 0 0.00134979
1.74011 0.000537864 0 0.00134641
1.7421 0.000541875 0 0.00134807
1.7441 0.000544219 0 0.00134625
1.7461 0.000545261 0 0.00134557
1.7481 0.000544323 0 0.00134578
1.75011 0.000541145 0 0.00134375
1.7521 0.000544896 0 0.00134583
1.7541 0.000542343 0 0.00134812
1.7561 0.000540729 0 0.00134964
1.7581 0.000540885 0 0.00134917
1.76011 0.000535678 0 0.00134927
1.7621 0.000540625 0 0.00135016
1.7641 0.000541459 0 0.00134938
1.7661 0.000545417 0 0.00134547
1.7681 0.000544115 0 0.00134604
1.77011 0.000540677 0 0.00134427
1.7721 0.000563802 0 0.00132677
1.77411 0.000543229 0 0.00133969
1.77611 0.000540261 0 0.00134865
1.7781 0.000543542 0 0.00134672
1.78011 0.000545104 0 0.0013438
1.78211 0.000539636 0 0.00134797
1.7841 0.000541302 0 0.00134885
1.7861 0.000541927 0 0.00134885
1.7881 0.000545937 0 0.00134526
1.7901 0.000539011 0 0.00135104
1.7921 0.000544636 0 0.00135224
1.7941 0.00054375 0 0.00135302
1.7961 0.000540417 0 0.00135625
1.7981 0.000541823 0 0.00135552
1.8001 0.000542969 0 0.00134745
1.80215 0.000497292 0 0.00134511
1.80411 0.000539062 0 0.00134901
1.8061 0.000541771 0 0.00134792
1.8081 0.000543385 0 0.00134724
1.8101 0.000537031 0 0.00135292
1.8121 0.000544115 0 0.00135302
1.8141 0.000545729 0 0.00135115
1.8161 0.000544219 0 0.00135292
1.8181 0.000542552 0 0.00135432
1.8201 0.000544427 0 0.00134786
1.82211 0.000539479 0 0.00134984
1.8241 0.000541198 0 0.00134911
1.8261 0.000541927 0 0.00134901
1.8281 0.000541458 0 0.00134958
1.83012 0.000537864 0 0.00133219
1.83211 0.000544479 0 0.00134234
1.8341 0.000547813 0 0.00134245
1.8361 0.000546563 0 0.00134406
1.8381 0.000546875 0 0.00134365
1.84011 0.00053625 0 0.0013474
1.84211 0.000540729 0 0.00134776
1.8441 0.000542031 0 0.00134833
1.84611 0.000541355 0 0.00134807
1.8481 0.000541563 0 0.00134911
1.85011 0.00053651 0 0.00134766
1.85211 0.000543021 0 0.00134609
1.8541 0.000550885 0 0.00134005
1.8561 0.000549323 0 0.00134089
1.8581 0.000544636 0 0.0013449
1.86011 0.000538438 0 0.00134479
1.8621 0.000542031 0 0.0013488
1.8641 0.000541823 0 0.00134891
1.8661 0.000543021 0 0.00134781
1.8681 0.000540833 0 0.00134943
1.87011 0.000535625 0 0.00134812
1.8721 0.000541875 0 0.00134927
1.8741 0.000544531 0 0.00134625
1.8761 0.000545209 0 0.00134563
1.8781 0.000544167 0 0.00134672
1.88011 0.000541094 0 0.00134385
1.8821 0.000540781 0 0.00134969
1.8841 0.00054198 0 0.00134875
1.8861 0.000543125 0 0.00134818
1.8881 0.000541042 0 0.00134958
1.89011 0.000535156 0 0.00134859
1.8921 0.000543177 0 0.00134792
1.8941 0.000542656 0 0.00134787
1.89611 0.000543958 0 0.00134521
1.8981 0.000543802 0 0.00134651
1.90011 0.000539375 0 0.00134563
1.9021 0.000595521 0 0.00129453
1.90411 0.000541875 0 0.00134427
1.9061 0.000544531 0 0.00134641
1.9081 0.000542968 0 0.0013475
1.91011 0.000534375 0 0.00134865
1.91211 0.000539844 0 0.00134927
1.9141 0.000542865 0 0.00134792
1.9161 0.000541302 0 0.00134979
1.9181 0.000546927 0 0.00134359
1.92011 0.000539896 0 0.00134484
1.9221 0.000544427 0 0.00134672
1.9241 0.000545 0 0.00134615
1.9261 0.000541511 0 0.00134922
1.9281 0.000543281 0 0.00134771
1.93011 0.000543958 0 0.00134464
1.93211 0.00053724 0 0.00135047
1.93411 0.000540938 0 0.00134786
1.9361 0.000543802 0 0.00134724
1.9381 0.000546511 0 0.00134406
1.94011 0.000540261 0 0.00134432
1.9421 0.000546146 0 0.00134432
1.9441 0.00054526 0 0.00134583
1.9461 0.000547136 0 0.00134422
1.9481 0.000541822 0 0.00134932
1.95011 0.000536823 0 0.00134833
1.95211 0.000539062 0 0.00134995
1.9541 0.000543333 0 0.00134771
1.9561 0.000541146 0 0.00135016
1.9581 0.000542187 0 0.00134896
1.96011 0.000538854 0 0.00134599
1.9621 0.000545573 0 0.00134583
1.9641 0.000551511 0 0.00133979
1.9661 0.000546198 0 0.00134448
1.9681 0.000545 0 0.00134568
1.97011 0.000535313 0 0.00134922
1.9721 0.000540885 0 0.00134974
1.97411 0.000541406 0 0.00133781
1.97611 0.000539844 0 0.00134781
1.9781 0.000542917 0 0.00134734
1.9801 0.000546406 0 0.00134255
1.98211 0.000544531 0 0.00134354
1.9841 0.000547657 0 0.0013438
1.9861 0.000546094 0 0.00134474
1.9881 0.000546458 0 0.00134448
1.99011 0.000533854 0 0.00135526
1.9921 0.000690886 0 0.00120464
1.99413 0.000593542 0 0.00127083
1.99614 0.000694792 0 0.00115078
1.99815 0.000790521 0 0.00105021
2.00013 0.000533437 0 0.00133474
2.00211 0.000542292 0 0.00134136
2.00411 0.000546198 0 0.00133526
2.00611 0.000543958 0 0.00134219
2.0081 0.000545781 0 0.00134453
2.0101 0.000540261 0 0.00134958
2.0121 0.000542239 0 0.00135432
2.0141 0.000541459 0 0.00135542
2.0161 0.000540521 0 0.00135589
2.0181 0.000540625 0 0.00135589
2.0201 0.000545 0 0.00134563
2.02211 0.000540469 0 0.00134859
2.0241 0.000542395 0 0.00134813
2.0261 0.000545625 0 0.00134526
2.0281 0.000544479 0 0.00134672
2.03011 0.0005375 0 0.00134511
2.0321 0.000545573 0 0.00134531
2.0341 0.000543698 0 0.00134714
2.0361 0.000548959 0 0.0013424
2.0381 0.000542188 0 0.0013487
2.04011 0.000546979 0 0.00134141
2.04211 0.000543385 0 0.00134193
2.04411 0.000540886 0 0.00134792
2.0461 0.000544687 0 0.00134589
