1.51e-06 0.000768073 0 0.00920792
0.0102761 0.000649791 0 0.00906016
0.0201257 0.00174615 0 0.00812136
0.0301052 0.000634271 0 0.00925448
0.04011 0.000536928 0 0.00934755
0.0501047 0.000554219 0 0.00933443
0.060104 0.000506302 0 0.00938396
0.0701033 0.000601979 0 0.00928875
0.0801617 0.000570521 0 0.00926177
0.0901023 0.000503177 0 0.00938875
0.100103 0.00050375 0 0.00938708
0.110105 0.000500157 0 0.00938917
0.120104 0.000500105 0 0.00938995
0.130103 0.000501927 0 0.00938995
0.140108 0.000512135 0 0.00937365
0.150105 0.000501458 0 0.00938833
0.160105 0.000507031 0 0.00938016
0.170103 0.000500886 0 0.00939052
0.180104 0.000551302 0 0.00933891
0.190106 0.000499375 0 0.00938885
0.200103 0.000504896 0 0.00938625
0.210119 0.000651771 0 0.00922224
0.220109 0.000540781 0 0.00934458
0.230107 0.0006025 0 0.00928464
0.240104 0.000532916 0 0.00935662
0.250106 0.000568386 0 0.00931979
0.260103 0.000506302 0 0.0093849
0.270103 0.000555469 0 0.0093362
0.280102 0.00050474 0 0.00938729
0.290158 0.000573958 0 0.00926208
0.300105 0.000500677 0 0.0093888
0.310105 0.000503021 0 0.00938646
0.320102 0.000498959 0 0.00939307
0.330106 0.000500625 0 0.00938745
0.340103 0.000500468 0 0.0093912
0.350104 0.000505625 0 0.00938469
0.360102 0.000502031 0 0.00939073
0.370104 0.000498385 0 0.00939224
0.380103 0.000501146 0 0.00939052
0.390103 0.000500156 0 0.0093913
0.400147 0.00170823 0 0.00813875
0.410118 0.000619531 0 0.00925521
0.420108 0.000525521 0 0.00936016
0.430105 0.000551511 0 0.00933787
0.440103 0.000519427 0 0.00937208
0.450104 0.00058974 0 0.00930047
0.460104 0.000533645 0 0.00935693
0.470104 0.000546875 0 0.00934354
0.480103 0.000506927 0 0.00938406
0.490103 0.000586458 0 0.00930505
0.500103 0.000506094 0 0.00938495
0.510106 0.000509323 0 0.00937797
0.520104 0.000520573 0 0.00936974
0.530105 0.000501354 0 0.00938823
0.540102 0.000501146 0 0.00939052
0.550103 0.000502031 0 0.00938854
0.560111 0.000499115 0 0.0093812
0.570106 0.000504895 0 0.00938323
0.580104 0.000589115 0 0.00930052
0.590105 0.000502864 0 0.0093863
0.600104 0.000552552 0 0.00933771
0.61012 0.000540678 0 0.00933219
0.620109 0.000599792 0 0.00928573
0.630105 0.000518541 0 0.00937042
0.640105 0.000541146 0 0.00934771
0.650102 0.000511146 0 0.00938078
0.660103 0.000537343 0 0.00935375
0.670103 0.000518125 0 0.00937333
0.680103 0.000550261 0 0.00934099
0.690103 0.00050302 0 0.00938859
0.700103 0.000647604 0 0.00924354
0.710105 0.000504948 0 0.00938458
0.720103 0.000503177 0 0.00938813
0.730102 0.000499011 0 0.00939281
0.740103 0.000503907 0 0.00938734
0.750104 0.000498073 0 0.00939193
0.760102 0.000501719 0 0.00939047
0.770115 0.000505104 0 0.00937198
0.780109 0.000496406 0 0.00938891
0.790126 0.000660677 0 0.00920083
0.800121 0.000497917 0 0.00937458
0.810181 0.000598333 0 0.00921167
0.820117 0.000626094 0 0.00924886
0.830112 0.000714011 0 0.00916589
0.840106 0.000562136 0 0.00932604
0.850105 0.000519428 0 0.00936964
0.860103 0.000597812 0 0.00929354
0.870103 0.000530365 0 0.00936047
0.880109 0.000549792 0 0.00933412
0.890105 0.00050849 0 0.00938036
0.900102 0.000556041 0 0.00933615
0.910103 0.00051 0 0.00938026
0.920103 0.000501198 0 0.00939021
0.930103 0.000508698 0 0.00938229
0.940102 0.000501771 0 0.00939021
0.950103 0.000502291 0 0.00938833
0.960103 0.000502813 0 0.00938849
0.970102 0.000497812 0 0.00939417
0.980103 0.000504896 0 0.0093863
0.990114 0.000507084 0 0.00937161
1.00011 0.00053875 0 0.00934714
1.0101 0.000503177 0 0.00938719
1.02011 0.000615729 0 0.00926516
1.03011 0.000537084 0 0.00934979
1.0401 0.000551406 0 0.00933818
1.0501 0.000520521 0 0.0093687
1.0601 0.000600521 0 0.0092899
1.0701 0.000526823 0 0.00936474
1.0801 0.000547865 0 0.00934385
1.0901 0.000505208 0 0.00938547
1.1001 0.000587136 0 0.00930485
1.1101 0.000507136 0 0.00938464
1.12015 0.000572291 0 0.00926656
1.13011 0.000502084 0 0.00938693
1.1401 0.00050125 0 0.00939011
1.1501 0.000502604 0 0.00938896
1.1601 0.000500729 0 0.00939094
1.1701 0.000509323 0 0.0093825
1.1801 0.000498333 0 0.00939365
1.1901 0.000499948 0 0.00938974
1.20011 0.00050026 0 0.0093875
1.2101 0.000499583 0 0.0093913
1.22016 0.000599896 0 0.00923365
1.23011 0.00053026 0 0.0093549
1.24011 0.000553593 0 0.00933547
1.2501 0.000517917 0 0.00937224
1.2601 0.000549271 0 0.00934167
1.2701 0.00052276 0 0.00936802
1.2801 0.000549687 0 0.00934047
1.2901 0.000503385 0 0.00938745
1.3001 0.000558333 0 0.00933229
1.3101 0.000506302 0 0.00938594
1.3201 0.000500625 0 0.00939021
1.3301 0.000501459 0 0.00939042
1.3401 0.000499531 0 0.00939245
1.35011 0.000514844 0 0.00936906
1.36011 0.000505885 0 0.00937953
1.3701 0.000504167 0 0.00938708
1.38011 0.000497865 0 0.00939146
1.3901 0.000506667 0 0.00938485
1.4001 0.000498125 0 0.00939198
1.4101 0.000505521 0 0.00938646
1.42011 0.000660938 0 0.00922245
1.43011 0.000529011 0 0.00935536
1.4401 0.000603698 0 0.00928786
1.4501 0.000533177 0 0.00935781
1.4601 0.000547761 0 0.00934391
1.4701 0.000507239 0 0.00938432
1.4801 0.00055625 0 0.00933333
1.4901 0.000503906 0 0.00938797
1.5001 0.000502864 0 0.00938797
1.51011 0.00050573 0 0.00938219
1.52011 0.000553541 0 0.00933531
1.53011 0.000501302 0 0.00938693
1.5401 0.000503386 0 0.00938708
1.5501 0.000499635 0 0.00939151
1.5601 0.000504531 0 0.00938719
1.5701 0.00050526 0 0.00938474
1.5801 0.000502656 0 0.00938656
1.5901 0.000623385 0 0.00926781
1.60012 0.000503594 0 0.00937469
1.61011 0.000501562 0 0.0093837
1.62011 0.000615573 0 0.00926818
1.63011 0.000535938 0 0.00934985
1.64011 0.000550729 0 0.00933865
1.65011 0.000514635 0 0.00937313
1.6601 0.000595573 0 0.00929526
1.6701 0.000528854 0 0.00936255
1.6801 0.000545156 0 0.00934604
1.6901 0.000506875 0 0.00938396
1.7001 0.000551302 0 0.00933828
1.7101 0.00050776 0 0.00938432
1.7201 0.000499792 0 0.00939177
1.73015 0.000573437 0 0.00926792
1.7401 0.000499323 0 0.00939068
1.7501 0.000502761 0 0.0093887
1.7601 0.000502917 0 0.00938885
1.7701 0.000500156 0 0.00939104
1.7801 0.000503542 0 0.00938755
1.7901 0.000498489 0 0.00939427
1.8001 0.000502917 0 0.00938818
1.8101 0.0005 0 0.00939136
1.82011 0.0006025 0 0.00927917
1.83015 0.000583333 0 0.00925651
1.8401 0.000551511 0 0.00933813
1.8501 0.000514375 0 0.00937672
1.8601 0.000590833 0 0.00930162
1.8701 0.000521146 0 0.00936948
1.8801 0.000542448 0 0.00934797
1.8901 0.000504636 0 0.00938755
1.9001 0.000588959 0 0.00930328
1.9101 0.000503021 0 0.00938745
1.92011 0.000501875 0 0.00938641
1.9301 0.000550781 0 0.00934037
1.94011 0.000498802 0 0.00938927
1.9501 0.000502031 0 0.00938849
1.9601 0.000499739 0 0.00939219
1.9701 0.000504584 0 0.00938745
1.9801 0.000499218 0 0.00939141
1.99012 0.000546615 0 0.00932094
2.00014 0.000646042 0 0.00919854
2.01012 0.000499636 0 0.00937266
2.02012 0.000637969 0 0.00923771
2.03011 0.000548854 0 0.00933818
2.04017 0.000581198 0 0.00924255
2.05011 0.00053375 0 0.00935443
2.0601 0.0005575 0 0.00933365
2.0701 0.00050276 0 0.00938797
2.0801 0.000609375 0 0.00928255
2.09011 0.000503021 0 0.00938568
2.1001 0.000505104 0 0.00938672
2.1101 0.000500625 0 0.00939052
2.1201 0.000505781 0 0.00938479
2.1301 0.00049974 0 0.00939016
2.1401 0.000501563 0 0.00939
2.1501 0.000499167 0 0.00939188
2.1601 0.000504636 0 0.00938688
2.1701 0.000504687 0 0.00938563
2.1801 0.00050099 0 0.00939084
2.1901 0.000505312 0 0.00938719
2.2001 0.000500469 0 0.00939245
2.2101 0.000537136 0 0.00935552
2.22011 0.000610104 0 0.00926959
2.23012 0.0005375 0 0.00934057
2.24011 0.000615625 0 0.00927078
2.25011 0.000521771 0 0.00936609
2.2601 0.000599115 0 0.00929156
2.2701 0.000527396 0 0.00936417
2.2801 0.000545365 0 0.00934495
2.2901 0.000499636 0 0.00939078
2.3001 0.000555052 0 0.00933672
2.3101 0.000503229 0 0.00938792
2.3201 0.000504635 0 0.00938797
2.3301 0.000500989 0 0.00939084
2.3401 0.000552239 0 0.00933958
2.35011 0.000499636 0 0.00938932
2.3601 0.000505937 0 0.00938662
2.3701 0.000499583 0 0.00939214
2.3801 0.000504323 0 0.00938693
2.3901 0.000514948 0 0.00937453
2.4001 0.000505417 0 0.00938599
2.4101 0.000497291 0 0.00939266
2.42011 0.000608438 0 0.00927365
2.43011 0.000525365 0 0.00935787
2.4401 0.000550261 0 0.0093411
2.4501 0.000521094 0 0.00937016
2.4601 0.000595833 0 0.00929573
2.4701 0.00101359 0 0.00887656
2.48011 0.00061474 0 0.00926703
2.49011 0.000509687 0 0.00937526
2.5001 0.00050125 0 0.00938792
2.51011 0.000516458 0 0.00936682
2.5201 0.000500885 0 0.00938948
2.5301 0.000502188 0 0.00938729
2.5401 0.000504636 0 0.00938604
2.55016 0.000568698 0 0.00926156
2.5601 0.000503854 0 0.00938714
2.5701 0.000500573 0 0.00939057
2.5801 0.000508021 0 0.00938432
2.5901 0.000500312 0 0.00939141
2.6001 0.000505365 0 0.00938599
2.6101 0.000501042 0 0.0093912
2.62011 0.000623437 0 0.00925849
2.63011 0.000530833 0 0.00935583
2.64011 0.000550468 0 0.00933761
2.65016 0.0005825 0 0.00925615
2.6601 0.000601406 0 0.00928833
2.6702 0.000534063 0 0.00926089
2.68011 0.000549375 0 0.00933938
2.6901 0.000502448 0 0.00938735
2.7001 0.000589739 0 0.00930224
2.7101 0.000506198 0 0.0093862
2.7201 0.000500729 0 0.00939167
2.7301 0.00050276 0 0.00938839
2.7401 0.000499583 0 0.00939266
2.7501 0.000554792 0 0.00933714
2.76011 0.000500052 0 0.00938886
2.7701 0.000503698 0 0.00938818
2.7801 0.00050125 0 0.00939042
2.7901 0.000500208 0 0.00939198
2.8001 0.000500312 0 0.00939162
2.8101 0.000504375 0 0.00938781
2.82011 0.000610521 0 0.00927177
2.8301 0.000533073 0 0.0093563
2.8401 0.000551822 0 0.00933823
2.8501 0.000515156 0 0.00937453
2.86015 0.000590365 0 0.00925042
2.8701 0.000522084 0 0.00936917
2.8801 0.000547917 0 0.00934359
2.8901 0.000501927 0 0.00938901
2.9001 0.000553438 0 0.00933781
2.9101 0.000502448 0 0.00938896
2.9201 0.000504219 0 0.00938787
2.9301 0.000499271 0 0.00939224
2.9401 0.000503281 0 0.00938787
2.95013 0.000669167 0 0.00919099
2.96033 0.00101307 0 0.00864542
2.97022 0.000718542 0 0.00904932
2.98021 0.000776042 0 0.00899328
2.99022 0.000858906 0 0.00890458
3.00022 0.0008625 0 0.00889854
3.0102 0.000840417 0 0.0089463
3.02014 0.000625104 0 0.00922334
3.03024 0.000680468 0 0.00905964
3.04014 0.00065875 0 0.00918646
3.05016 0.0010613 0 0.00876792
3.06014 0.000658854 0 0.00918542
3.07014 0.000623593 0 0.00922859
3.08013 0.000643697 0 0.00921261
3.09015 0.000632344 0 0.00920568
3.10014 0.000648073 0 0.0092012
3.11013 0.000660729 0 0.00918349
3.12012 0.00065 0 0.00921891
3.13013 0.000627813 0 0.00922781
3.14012 0.000655677 0 0.00921417
3.15012 0.000636302 0 0.00923156
3.16012 0.00082349 0 0.00904505
3.17011 0.00174828 0 0.00813672
3.18013 0.00059724 0 0.00925896
3.1901 0.000480625 0 0.00941412
3.20009 0.000482239 0 0.00942578
3.21009 0.000481094 0 0.00942938
3.2201 0.000540677 0 0.00935156
3.2301 0.000489271 0 0.00941162
3.24008 0.000501667 0 0.00940964
3.25009 0.0004875 0 0.00941943
3.26008 0.00049401 0 0.00941932
3.27009 0.000479948 0 0.00942891
3.28009 0.000480573 0 0.00942735
3.29009 0.000482188 0 0.00942683
3.30009 0.00048099 0 0.0094299
3.31009 0.000481145 0 0.00942938
3.32009 0.000477188 0 0.00943297
3.33009 0.000481615 0 0.00942896
3.34009 0.000478177 0 0.00943193
3.35008 0.000482604 0 0.00942901
3.36009 0.000479948 0 0.00943084
3.37008 0.000478333 0 0.00943333
3.38008 0.000479896 0 0.00943156
3.39008 0.000480052 0 0.00943162
3.40009 0.000482083 0 0.00942896
3.41009 0.000478281 0 0.00943188
3.42009 0.000526719 0 0.00937516
3.43009 0.000483073 0 0.00942058
3.44009 0.000499479 0 0.00941172
3.45009 0.000488229 0 0.00941886
3.46008 0.000491354 0 0.00942198
3.47009 0.000480989 0 0.00942927
3.48009 0.000480625 0 0.00942849
3.49009 0.000480261 0 0.00943037
3.50009 0.000480834 0 0.00942979
3.51009 0.00048651 0 0.00942021
3.52009 0.000478593 0 0.00942933
3.53009 0.000479218 0 0.00943052
3.54009 0.000475677 0 0.00943427
3.55009 0.000485364 0 0.00942365
3.56009 0.000480209 0 0.00943011
3.57009 0.000484115 0 0.00942391
3.58009 0.000479844 0 0.00942995
3.59009 0.000480365 0 0.00942854
3.60009 0.000478698 0 0.00943162
3.61009 0.000481458 0 0.00942943
3.62009 0.000539792 0 0.00936386
3.63009 0.000485781 0 0.00941724
3.64009 0.00049724 0 0.0094125
3.65009 0.000480833 0 0.0094262
3.66008 0.000485 0 0.00942849
3.67009 0.000549896 0 0.00935787
3.68009 0.00048302 0 0.00942672
3.69012 0.000626406 0 0.00924547
3.70012 0.000604323 0 0.00927011
3.71009 0.000509896 0 0.00939063
3.72009 0.000496615 0 0.00941261
3.73009 0.000492135 0 0.00941802
3.74009 0.000481354 0 0.00942568
3.75009 0.000479063 0 0.00943037
3.76009 0.000482865 0 0.00942766
3.77009 0.000478073 0 0.00943266
3.78009 0.000480104 0 0.00942964
3.79009 0.000479844 0 0.00942948
3.80009 0.000478073 0 0.00943141
3.81009 0.000480833 0 0.00942943
3.8201 0.000542657 0 0.00934808
3.8301 0.000491458 0 0.00940709
3.84009 0.000503385 0 0.00940729
3.85009 0.000490937 0 0.00941683
3.86008 0.000491458 0 0.00941985
3.87026 0.000428125 0 0.00930271
3.8801 0.000504219 0 0.00938636
3.89011 0.000499843 0 0.00938776
3.9001 0.000498698 0 0.00939156
3.9101 0.000498854 0 0.00939094
3.9201 0.000499739 0 0.00939031
3.9301 0.000499375 0 0.00939084
3.9401 0.000500989 0 0.00938922
3.9501 0.00049875 0 0.00939141
3.9601 0.000501198 0 0.00938938
3.97015 0.00170677 0 0.0081412
3.9801 0.000502135 0 0.00938823
3.99012 0.000497812 0 0.00937563
4.00012 0.000520521 0 0.00935766
4.01011 0.000499792 0 0.00938568
4.02011 0.00059 0 0.0092899
4.03011 0.000522761 0 0.00935735
4.0401 0.000598802 0 0.00929443
4.05011 0.000522396 0 0.00935927
4.0601 0.000532239 0 0.00936172
4.07016 0.000575729 0 0.00926318
4.0801 0.000500157 0 0.00939042
4.0901 0.000627344 0 0.00926412
4.10011 0.000504271 0 0.00938443
4.1101 0.000502292 0 0.00938839
4.12011 0.000495677 0 0.00939188
4.13011 0.000505 0 0.0093836
4.1401 0.000501094 0 0.00938844
4.15011 0.000502135 0 0.00938693
4.16011 0.000501302 0 0.00938724
4.1701 0.000547812 0 0.00934344
4.18011 0.000497812 0 0.00939031
4.19013 0.000654843 0 0.00920505
4.20012 0.000625885 0 0.00924354
4.21011 0.0005 0 0.00938438
4.2201 0.000579635 0 0.00930948
4.23012 0.000668021 0 0.00921058
4.24012 0.000529532 0 0.00934401
4.2501 0.000553229 0 0.00933865
4.26011 0.00053 0 0.00935511
4.2701 0.000529219 0 0.00936542
4.28011 0.000507083 0 0.00937979
4.29011 0.000499948 0 0.00938854
4.30011 0.000500729 0 0.00938667
4.3101 0.000500781 0 0.00939099
4.3201 0.000499844 0 0.00939063
4.3301 0.0005 0 0.00938974
4.34011 0.000497656 0 0.0093911
4.3501 0.000503594 0 0.00938818
4.3601 0.000498646 0 0.00939198
4.3701 0.000501719 0 0.00938938
4.38015 0.000581407 0 0.00926552
4.3901 0.000503386 0 0.00938646
4.4001 0.000526979 0 0.00936485
4.4101 0.000505313 0 0.00938521
4.4201 0.000504739 0 0.00938599
4.43012 0.000588438 0 0.00928662
4.44012 0.000519531 0 0.00935927
4.4501 0.000541667 0 0.00934787
4.46011 0.000520469 0 0.00936714
4.4701 0.000530104 0 0.009365
4.48016 0.000574115 0 0.00926417
4.4901 0.000497188 0 0.00939261
4.5001 0.000504062 0 0.0093874
4.51011 0.000504166 0 0.00937849
4.52011 0.000501302 0 0.00938651
4.5301 0.000499219 0 0.0093913
4.5401 0.000502917 0 0.0093874
4.5501 0.0005025 0 0.00938813
4.56011 0.000501667 0 0.00938667
4.5701 0.000497812 0 0.00939276
4.5801 0.000549687 0 0.00934026
4.59011 0.000499114 0 0.00938948
4.60011 0.000499271 0 0.00939016
4.6101 0.000497917 0 0.00939318
4.6201 0.000498333 0 0.00939339
4.63011 0.000575885 0 0.00930214
4.64011 0.000520365 0 0.00936375
4.6501 0.000543958 0 0.00934943
4.66011 0.00052974 0 0.00935808
4.6701 0.000528489 0 0.00936526
4.6801 0.000500781 0 0.00938875
4.69015 0.000576354 0 0.00926547
4.70011 0.000497396 0 0.00939146
4.7101 0.000502135 0 0.00938807
4.7201 0.000498646 0 0.00939219
4.7301 0.000499532 0 0.00939136
4.7401 0.000498229 0 0.00939313
4.7501 0.000498698 0 0.00939344
4.7601 0.000501614 0 0.00938912
4.7701 0.000498594 0 0.0093925
4.7801 0.000501406 0 0.00938969
4.7901 0.000497291 0 0.00939396
4.8001 0.000502864 0 0.00938776
4.8101 0.00049625 0 0.00939422
4.8201 0.000501718 0 0.00938959
4.83012 0.000567864 0 0.00931037
4.84011 0.000516979 0 0.00936745
4.8501 0.000538645 0 0.00935427
4.86011 0.000518281 0 0.00936959
4.8701 0.00052651 0 0.0093688
4.8801 0.000497812 0 0.00939151
4.8901 0.000552344 0 0.00933854
4.9001 0.000506927 0 0.00938276
4.9101 0.000504166 0 0.00938719
4.9201 0.000498333 0 0.00939229
4.9301 0.000501928 0 0.00938948
4.9401 0.000499635 0 0.00939214
4.9501 0.000502396 0 0.00938886
4.9601 0.00049474 0 0.0093962
4.9701 0.00050099 0 0.00938933
4.9801 0.000499583 0 0.00939172
4.99011 0.000506094 0 0.00937183
5.00017 0.000567761 0 0.00925964
5.0101 0.0005 0 0.00939005
5.02011 0.000513698 0 0.00936995
5.03011 0.000597084 0 0.00928724
5.04012 0.000524948 0 0.00935292
5.0501 0.000549792 0 0.00934282
5.06011 0.000528229 0 0.00935709
5.0701 0.000528177 0 0.00936599
5.08011 0.00050349 0 0.00938547
5.09011 0.00051776 0 0.00936198
5.10011 0.00055948 0 0.00932693
5.11011 0.000495937 0 0.00938709
5.1201 0.000503386 0 0.00938755
5.1301 0.000499791 0 0.00939151
5.1401 0.00049948 0 0.00939151
5.15011 0.00049927 0 0.00938964
5.1601 0.000499479 0 0.00939156
5.1701 0.000499687 0 0.00939141
5.1801 0.000501406 0 0.0093886
5.1901 0.000502552 0 0.00938818
5.2001 0.000497604 0 0.00939313
5.21015 0.00170698 0 0.0081412
5.2201 0.00049802 0 0.00939235
5.23012 0.000649688 0 0.00922787
5.24011 0.000520938 0 0.00936068
5.2501 0.000545052 0 0.00934818
5.26011 0.000526666 0 0.00936089
5.2701 0.0005275 0 0.00936787
5.28011 0.000500625 0 0.00938792
5.2901 0.000498073 0 0.00939292
5.3001 0.000506459 0 0.009385
5.31015 0.000573646 0 0.00926802
5.3201 0.000501875 0 0.00938797
5.3301 0.000498229 0 0.00939209
5.3401 0.000501719 0 0.00938938
5.35011 0.000496406 0 0.00939203
5.36011 0.000505157 0 0.00938443
5.3701 0.00049901 0 0.00939162
5.3801 0.000501562 0 0.00938891
5.3901 0.000497552 0 0.00939261
5.40011 0.000497188 0 0.0093924
5.4101 0.000502292 0 0.0093899
5.42015 0.00172547 0 0.00812292
5.43011 0.000579427 0 0.00930042
5.44011 0.000521927 0 0.00936063
5.4501 0.000549948 0 0.00934459
5.46011 0.000524792 0 0.00936323
5.4701 0.00052526 0 0.00937016
5.48011 0.000499115 0 0.0093886
5.4901 0.000525052 0 0.00936943
5.50011 0.000499635 0 0.00938927
5.51011 0.000509531 0 0.00937615
5.52015 0.000575208 0 0.00926557
5.5301 0.000503541 0 0.00938589
5.5401 0.000495365 0 0.00939422
5.5501 0.000498281 0 0.00939229
5.5601 0.000498385 0 0.00939219
5.5701 0.000504636 0 0.00938547
5.5801 0.000503854 0 0.00938682
5.5901 0.000499063 0 0.00939157
5.6001 0.000503281 0 0.00938698
5.6101 0.000497605 0 0.00939172
5.6201 0.000547396 0 0.00934417
5.63012 0.000571406 0 0.00930349
5.64011 0.000519948 0 0.00936016
5.6501 0.000539323 0 0.00935453
5.66011 0.000517188 0 0.00936938
5.6701 0.000527552 0 0.00936787
5.6801 0.000498802 0 0.00939084
5.6901 0.000499375 0 0.00939099
5.7001 0.000499427 0 0.00939224
5.7101 0.000509531 0 0.00938203
5.7201 0.000498906 0 0.00939282
5.73015 0.000580104 0 0.00926334
5.74011 0.000496823 0 0.00939188
5.7501 0.000640156 0 0.00924953
5.76011 0.000500677 0 0.00938756
5.7701 0.000503437 0 0.00938776
5.7801 0.000499115 0 0.00939052
5.79013 0.000648593 0 0.00920766
5.80012 0.000494791 0 0.00937943
5.81011 0.000510469 0 0.00937688
5.8201 0.000499532 0 0.00939131
5.83019 0.000566927 0 0.00923646
5.84012 0.000523072 0 0.00935558
5.8501 0.000555677 0 0.00933547
5.86011 0.000532448 0 0.00935578
5.8701 0.00053151 0 0.0093636
5.88011 0.000503646 0 0.00938334
5.8901 0.000500104 0 0.00938974
5.9001 0.000503854 0 0.00938636
5.9101 0.000500416 0 0.00939146
5.9201 0.000503125 0 0.00938823
5.9301 0.000499114 0 0.00939198
5.94015 0.000574062 0 0.00926724
5.95011 0.000497448 0 0.00939146
5.96011 0.000513593 0 0.00936448
5.97011 0.000500365 0 0.00938782
5.9801 0.000499166 0 0.00939099
5.99011 0.000512396 0 0.00936646
6.00013 0.000630364 0 0.00923235
6.01011 0.000499375 0 0.00938302
6.02011 0.000500469 0 0.00938656
6.03011 0.000614428 0 0.00926912
6.04018 0.000560364 0 0.00925287
6.0501 0.000554843 0 0.00933735
6.06011 0.000537083 0 0.00934849
6.0701 0.000521615 0 0.00937302
6.08011 0.00049974 0 0.00938537
6.0901 0.000533229 0 0.00936157
6.10011 0.000498958 0 0.00938891
6.1101 0.000500469 0 0.00939047
6.12011 0.000501407 0 0.00938766
6.13011 0.000515364 0 0.00936912
6.14011 0.00055427 0 0.00932818
6.15011 0.000498906 0 0.00938782
6.16011 0.000506198 0 0.00938339
6.17011 0.000729583 0 0.00915912
6.18011 0.00050625 0 0.00938052
6.19011 0.000498542 0 0.00938912
6.2001 0.000503489 0 0.00938641
6.2101 0.000499427 0 0.00939115
6.22011 0.000505208 0 0.00937495
6.23012 0.000635416 0 0.00923282
6.24011 0.0005275 0 0.00935505
6.25016 0.000583906 0 0.0092499
6.26011 0.000525782 0 0.00935776
6.2701 0.000533385 0 0.0093599
6.28011 0.000499896 0 0.00938907
6.2901 0.000502865 0 0.00938834
6.3001 0.000500468 0 0.00939006
6.3101 0.000502812 0 0.0093875
6.3201 0.000498177 0 0.00939224
6.3301 0.000504375 0 0.00938724
6.3401 0.000498333 0 0.00939266
6.35011 0.000511563 0 0.00936959
6.36011 0.000498437 0 0.00938433
6.3701 0.000499792 0 0.00939084
6.3801 0.000500417 0 0.00938917
6.3901 0.000501302 0 0.00938818
6.40012 0.000634843 0 0.00923084
6.41011 0.000496198 0 0.00938323
6.42011 0.000500417 0 0.00938646
6.43012 0.000640416 0 0.00923401
6.44012 0.000531875 0 0.00934531
6.4501 0.000624271 0 0.00926422
6.46011 0.000536927 0 0.00934245
6.4701 0.000534219 0 0.00935979
6.48011 0.000502136 0 0.00938578
6.4901 0.000501355 0 0.00938907
6.5001 0.000498594 0 0.00939271
6.51011 0.00050625 0 0.00937719
6.52011 0.000511562 0 0.00937021
6.53011 0.000501562 0 0.00938375
6.5401 0.000501302 0 0.00938886
6.55011 0.000565156 0 0.00932313
6.56011 0.000501979 0 0.0093861
6.57011 0.000515104 0 0.00936516
6.58011 0.000498386 0 0.00938776
6.5901 0.000504427 0 0.00938511
6.6001 0.000499166 0 0.00939084
6.6101 0.000503021 0 0.00938683
6.6201 0.000502396 0 0.00938849
6.63012 0.00176141 0 0.00811188
6.64011 0.000523438 0 0.00935683
6.6501 0.000545677 0 0.00934365
6.66011 0.000532812 0 0.00935375
6.6701 0.000529323 0 0.00936537
6.68011 0.00050323 0 0.00938469
6.69011 0.000514948 0 0.00936282
6.70011 0.000504271 0 0.00938344
6.7101 0.000499323 0 0.00939151
6.72011 0.000508907 0 0.00937969
6.73011 0.000502917 0 0.00938558
6.74011 0.000502761 0 0.00938526
6.7501 0.000498282 0 0.00939219
6.76016 0.000571093 0 0.00926771
6.77011 0.000618125 0 0.00926891
6.78012 0.000633594 0 0.0092374
6.79011 0.000496875 0 0.00938531
6.80011 0.000502135 0 0.00938724
6.81011 0.00050052 0 0.00938787
6.8201 0.000497292 0 0.00939245
6.83012 0.00175177 0 0.0081175
6.84011 0.000527187 0 0.00935474
6.8501 0.000538281 0 0.009355
6.86016 0.000572709 0 0.0092561
6.8701 0.000533594 0 0.00935922
6.88011 0.000528177 0 0.00935933
6.89011 0.000552812 0 0.00933209
6.90011 0.000500573 0 0.00938302
6.91011 0.000497448 0 0.00939125
6.9201 0.000499427 0 0.00939177
6.9301 0.000501562 0 0.00939099
6.9401 0.000501771 0 0.00938834
6.95012 0.000635885 0 0.00923115
6.96018 0.000565886 0 0.00924953
6.9701 0.000540208 0 0.00935078
6.98011 0.000528698 0 0.00935735
6.99011 0.000562604 0 0.00931797
7.00011 0.000505312 0 0.00937755
7.01013 0.000642084 0 0.00921776
7.02012 0.000501458 0 0.00937688
7.03011 0.000633854 0 0.0092436
7.04012 0.000525677 0 0.00935261
7.0501 0.000554844 0 0.0093375
7.06011 0.000539636 0 0.00934657
7.0701 0.000537032 0 0.00935573
7.08011 0.000502709 0 0.00938302
7.09011 0.000501406 0 0.00938766
7.1001 0.000598229 0 0.00929177
7.11011 0.000504531 0 0.00938157
7.12011 0.000501823 0 0.00938605
7.13011 0.000509583 0 0.00937823
7.1401 0.000499219 0 0.00939131
7.1501 0.000503593 0 0.00938719
7.16011 0.000497448 0 0.00939136
7.17015 0.000572031 0 0.00926886
7.18011 0.000498542 0 0.00939005
7.1901 0.000499792 0 0.00939125
7.2001 0.000500937 0 0.00939157
7.2101 0.000499375 0 0.00939266
7.2201 0.000616719 0 0.00927558
7.23012 0.000586615 0 0.00928511
7.24012 0.000522865 0 0.00935511
7.2501 0.00054401 0 0.00934849
7.26011 0.000526406 0 0.00935875
7.2701 0.00051849 0 0.00937589
7.28011 0.000504636 0 0.00938323
7.2901 0.000525521 0 0.00936834
7.30011 0.000503385 0 0.00938568
7.3101 0.000498334 0 0.00939276
7.3201 0.000498072 0 0.00939224
7.3301 0.000499844 0 0.00939188
7.3401 0.000501615 0 0.00939016
7.3501 0.000501563 0 0.00938907
7.3601 0.000497969 0 0.00939261
7.3701 0.000547343 0 0.00934308
7.3801 0.0004975 0 0.00939235
7.3901 0.000532396 0 0.0093587
7.4001 0.000501667 0 0.00938959
7.4101 0.000503072 0 0.00938839
7.4201 0.00049974 0 0.00939193
7.43011 0.000569792 0 0.00930698
7.44011 0.000523907 0 0.00935552
7.4501 0.000540729 0 0.00934912
7.46011 0.000524687 0 0.00936099
7.4701 0.000531459 0 0.00936354
7.48011 0.000504063 0 0.00938453
7.4901 0.000501615 0 0.0093887
7.5001 0.000502448 0 0.00938792
7.51011 0.000512708 0 0.00937136
7.52011 0.000500833 0 0.0093874
7.5301 0.000498386 0 0.00939261
7.5401 0.000502656 0 0.00938787
7.5501 0.000498333 0 0.00939266
7.5601 0.000504271 0 0.0093875
7.57011 0.000501875 0 0.00938625
7.58015 0.000574323 0 0.00926693
7.59011 0.000497709 0 0.00939125
7.6001 0.000498594 0 0.00939261
7.6101 0.00049849 0 0.00939318
7.6201 0.00049849 0 0.00939245
7.63011 0.000588802 0 0.00929016
7.64011 0.000526198 0 0.0093575
7.6501 0.000547553 0 0.0093462
7.66011 0.000524219 0 0.00936417
7.6701 0.000532239 0 0.00936245
7.68015 0.000572812 0 0.00926677
7.6901 0.000499947 0 0.00939011
7.7001 0.000501875 0 0.00938886
7.7101 0.000501667 0 0.00938808
7.7201 0.000497344 0 0.0093925
7.7301 0.000497448 0 0.00939354
7.7401 0.000498802 0 0.00939287
7.7501 0.000505208 0 0.00938636
7.7601 0.000500833 0 0.00938886
7.7701 0.000499532 0 0.00939193
7.7801 0.000547396 0 0.00934422
7.7901 0.000496563 0 0.00939443
7.8001 0.000502864 0 0.00938844
7.8101 0.000497917 0 0.00939297
7.8201 0.000501719 0 0.00938933
7.83011 0.000663073 0 0.00921401
7.84011 0.000529114 0 0.00935579
7.8501 0.000542447 0 0.00935
7.86011 0.000518802 0 0.00936745
7.8701 0.000521198 0 0.00937453
7.88011 0.000502761 0 0.00938558
7.89015 0.000578177 0 0.0092673
7.90011 0.000495573 0 0.00939245
7.9101 0.000502812 0 0.00938719
7.92011 0.000503177 0 0.0093848
7.9301 0.000507084 0 0.0093824
7.9401 0.00050151 0 0.00938907
7.9501 0.000501771 0 0.00938901
7.9601 0.000499218 0 0.00939266
7.9701 0.000502552 0 0.00938844
7.9801 0.000499115 0 0.0093924
7.99017 0.000565156 0 0.00925375
8.00011 0.000497135 0 0.00938839
8.0101 0.000500052 0 0.00938927
8.02014 0.000628073 0 0.00922292
8.03018 0.000894375 0 0.00890511
8.04022 0.000711771 0 0.00904901
8.05024 0.000704531 0 0.00903641
8.06024 0.000712083 0 0.00903151
8.0702 0.00060625 0 0.00918282
8.08018 0.000599479 0 0.0092036
8.09019 0.000732188 0 0.0090675
8.10018 0.000729479 0 0.00907683
8.11014 0.000986719 0 0.0088661
8.12012 0.000645625 0 0.00922256
8.13013 0.00065474 0 0.0092086
8.14013 0.000663542 0 0.00919438
8.15014 0.000645469 0 0.00920756
8.16013 0.000646354 0 0.00920881
8.17014 0.000636354 0 0.00921568
8.18014 0.000661927 0 0.00919131
8.19013 0.000800521 0 0.00906209
8.20012 0.000626718 0 0.00924756
8.21011 0.000632812 0 0.0092511
8.22011 0.00175396 0 0.00813302
8.23011 0.00063323 0 0.00924537
8.24013 0.000611406 0 0.00925099
8.25009 0.000510052 0 0.0093911
8.26009 0.000494323 0 0.00940787
8.27008 0.000491979 0 0.00942006
8.28009 0.000481875 0 0.00942469
8.29009 0.000481614 0 0.00942787
8.30009 0.000485157 0 0.00942495
8.31009 0.000481198 0 0.00942912
8.32009 0.000480781 0 0.00942854
8.33009 0.000478386 0 0.00942818
8.34009 0.000483229 0 0.00942709
8.35009 0.000481771 0 0.00942881
8.36009 0.000481979 0 0.00942704
8.37009 0.000478959 0 0.00943162
8.38009 0.000482604 0 0.00942797
8.39009 0.000480781 0 0.00942995
8.40009 0.000481355 0 0.00942933
8.41009 0.000480208 0 0.00942985
8.42009 0.000491146 0 0.00941063
8.4301 0.000566718 0 0.00932657
8.44009 0.000490937 0 0.0094099
8.45009 0.000500313 0 0.00940829
8.46009 0.000582396 0 0.0093223
8.47009 0.000514635 0 0.00938568
8.48009 0.000480938 0 0.00942167
8.49009 0.000485469 0 0.00942204
8.50009 0.000482448 0 0.00942745
8.51009 0.00049125 0 0.00941245
8.52009 0.000478646 0 0.00942917
8.53009 0.000485521 0 0.00942448
8.54009 0.000480053 0 0.00942792
8.55009 0.000479479 0 0.00943006
8.56009 0.000480625 0 0.00942604
8.57009 0.000479427 0 0.00943146
8.58008 0.00048375 0 0.00942776
8.59008 0.000481302 0 0.0094299
8.60009 0.000492083 0 0.00941099
8.61009 0.00048073 0 0.00942605
8.62009 0.000483073 0 0.00942756
8.6301 0.000543906 0 0.00934901
8.64009 0.00060125 0 0.00929974
8.65009 0.000502813 0 0.0094062
8.66009 0.000499219 0 0.0094074
8.67008 0.000485 0 0.00942802
8.68009 0.000482969 0 0.00942521
8.69009 0.000507188 0 0.00939318
8.70011 0.000610833 0 0.00926683
8.7101 0.000482031 0 0.00941375
8.72009 0.000481302 0 0.00942782
8.73009 0.000480521 0 0.00942756
8.74009 0.000487136 0 0.00942026
8.75009 0.00048224 0 0.00942407
8.76009 0.000482031 0 0.00942844
8.77009 0.000482812 0 0.00942704
8.78009 0.000478386 0 0.00942901
8.79009 0.000481406 0 0.00942953
8.80009 0.000480365 0 0.00943021
8.81008 0.000483698 0 0.00942776
8.82009 0.000487552 0 0.00941438
8.83009 0.00053625 0 0.00936829
8.8401 0.000556718 0 0.0093361
8.8501 0.000488229 0 0.00941131
8.86009 0.000512448 0 0.00939745
8.87011 0.000514635 0 0.00937271
8.88009 0.000507343 0 0.00939589
8.89009 0.000483594 0 0.00942193
8.90028 0.000538385 0 0.00917115
8.9101 0.00050375 0 0.00938547
8.92011 0.000503438 0 0.00938521
8.9301 0.000500417 0 0.00939037
8.9401 0.000501354 0 0.00939006
8.95011 0.000496615 0 0.0093925
8.96011 0.000498698 0 0.00939011
8.9701 0.000498125 0 0.00939235
8.9801 0.000502813 0 0.00938813
8.99012 0.000634166 0 0.00923709
9.00017 0.000569271 0 0.00925641
9.01012 0.000516615 0 0.00936052
9.02011 0.000498073 0 0.00938636
9.03011 0.000505678 0 0.00938136
9.04012 0.000609167 0 0.00926172
9.05013 0.000625052 0 0.00923203
9.06011 0.000599948 0 0.00928881
9.07011 0.000528021 0 0.00935709
9.0801 0.000530729 0 0.00936224
9.09011 0.000504166 0 0.00938433
9.1001 0.00050875 0 0.00938006
9.1101 0.000502188 0 0.00938938
9.1201 0.000504062 0 0.0093874
9.1301 0.000500208 0 0.00939183
9.1401 0.000505573 0 0.00938511
9.1501 0.000502396 0 0.00938818
9.1601 0.000504479 0 0.00938771
9.1701 0.000500833 0 0.00938969
9.1801 0.000503177 0 0.00938693
9.19011 0.000513646 0 0.00936875
9.20013 0.000654114 0 0.00920735
9.21012 0.000499739 0 0.00937448
9.22011 0.000515573 0 0.00936714
9.23011 0.000499792 0 0.00938709
9.24012 0.000713489 0 0.00916105
9.25012 0.000538177 0 0.0093399
9.2601 0.000555989 0 0.0093348
9.27011 0.000671094 0 0.00921521
9.2801 0.000533281 0 0.00935938
9.29013 0.000637135 0 0.00922323
9.30011 0.00050599 0 0.00937412
9.31018 0.000563698 0 0.00925542
9.32011 0.000509479 0 0.00937823
9.33011 0.000502187 0 0.00938625
9.34011 0.000500781 0 0.00938834
9.3501 0.000502968 0 0.0093874
9.36011 0.000499584 0 0.00938917
9.3701 0.000496042 0 0.00939459
9.3801 0.000506355 0 0.00938474
9.3901 0.000500365 0 0.00938896
9.4001 0.000503542 0 0.00938636
9.41017 0.000583542 0 0.00924094
9.42011 0.000503178 0 0.00938157
9.43011 0.000499792 0 0.00938901
9.44012 0.000591615 0 0.00927995
9.45013 0.000636927 0 0.00922422
9.46011 0.000565938 0 0.00931771
9.47011 0.000533282 0 0.00935292
9.4801 0.000534583 0 0.00935891
9.49011 0.000527135 0 0.0093598
9.5001 0.000529114 0 0.00936454
9.51018 0.000588281 0 0.00922401
9.52011 0.000500625 0 0.00938417
9.53011 0.000505313 0 0.00938401
9.5401 0.000500938 0 0.00938959
9.5501 0.000503646 0 0.00938589
9.56011 0.000500678 0 0.00938839
9.57011 0.00050927 0 0.00937844
9.58011 0.000500469 0 0.00938615
9.59011 0.000504218 0 0.00938355
9.6001 0.000503333 0 0.0093873
9.6101 0.000553854 0 0.00933568
9.62011 0.000506875 0 0.00937844
9.6301 0.000501927 0 0.00938719
9.64012 0.000608646 0 0.00926542
9.65012 0.00052651 0 0.00935141
9.6601 0.000557344 0 0.0093348
9.67011 0.000523281 0 0.00936355
9.6801 0.000533698 0 0.00936052
9.69011 0.000502969 0 0.00938568
9.70011 0.00050599 0 0.00938308
9.7101 0.000500625 0 0.00938928
9.72015 0.000578906 0 0.00926177
9.7301 0.000500729 0 0.00938907
9.7401 0.00050401 0 0.0093861
9.7501 0.000501198 0 0.00938886
9.76011 0.000499011 0 0.00939021
9.7701 0.000500208 0 0.00939068
9.7801 0.000502343 0 0.00938907
9.7901 0.000535885 0 0.00935542
9.80011 0.000501667 0 0.00938704
9.8101 0.000504375 0 0.00938641
9.82015 0.00170953 0 0.00813808
9.8301 0.000505209 0 0.00938516
9.84011 0.000579427 0 0.00930011
9.85011 0.000526511 0 0.0093537
9.8601 0.000539792 0 0.00935558
9.87011 0.000523542 0 0.00936448
9.8801 0.000527396 0 0.00936589
9.89011 0.000500417 0 0.00938875
9.9001 0.000500312 0 0.00939047
9.9101 0.000637083 0 0.00925355
9.92015 0.000584791 0 0.00925745
9.9301 0.000501719 0 0.00938818
9.94011 0.000502657 0 0.00938641
9.95022 0.00052125 0 0.00925078
9.96011 0.000500938 0 0.00938427
9.9701 0.000500417 0 0.00939058
9.9801 0.00050302 0 0.00938714
9.9901 0.000498802 0 0.00939115
10.0001 0.00050625 0 0.00936459
10.0101 0.000501094 0 0.00938297
10.0201 0.000554792 0 0.00933417
10.0301 0.000499948 0 0.00938636
10.0401 0.000579323 0 0.00929724
10.0501 0.000527865 0 0.00935318
10.0601 0.00054599 0 0.00934542
10.0701 0.00062099 0 0.00926553
10.0801 0.000535781 0 0.00935693
10.0901 0.000505885 0 0.00938219
10.1001 0.000499322 0 0.00939063
10.1101 0.000503646 0 0.0093873
10.1201 0.000511458 0 0.00937922
10.1301 0.000504063 0 0.00938516
10.1401 0.00050052 0 0.00938974
10.1501 0.000505313 0 0.00938568
10.1601 0.00050349 0 0.00938459
10.1701 0.000499062 0 0.00938943
10.1801 0.000500208 0 0.00939042
10.1901 0.000498385 0 0.00939235
10.2001 0.000503177 0 0.00938797
10.2101 0.000500313 0 0.00939037
10.2201 0.00050401 0 0.00938651
10.2301 0.000585208 0 0.00926016
