1.406e-06 0.000780469 0 0.00419547
0.00527323 0.000583594 0 0.0041312
0.0101357 0.000596823 0 0.0042575
0.0151311 0.000566146 0 0.00429677
0.0201099 0.000584531 0 0.00429958
0.0251158 0.000582917 0 0.00429505
0.0301042 0.000459636 0 0.00443073
0.0351058 0.000462812 0 0.00442453
0.040106 0.000459062 0 0.00442943
0.0451037 0.000473177 0 0.00441708
0.0501041 0.00171578 0 0.00317458
0.055112 0.00170792 0 0.00317453
0.0601051 0.000457864 0 0.00443156
0.0651718 0.000519428 0 0.00430333
0.0701048 0.000461771 0 0.00442792
0.0751101 0.00170667 0 0.00317776
0.0801035 0.000458542 0 0.00443245
0.0851096 0.00170724 0 0.00317771
0.0901031 0.000461562 0 0.00442964
0.0951092 0.000447396 0 0.00443797
0.100098 0.000458437 0 0.00443833
0.105103 0.000459896 0 0.00443089
0.110112 0.000583646 0 0.0042987
0.11511 0.0017075 0 0.00317615
0.120103 0.00045901 0 0.00443292
0.125106 0.00171578 0 0.00317302
0.130102 0.000462865 0 0.00442938
0.135109 0.000610209 0 0.00427302
0.140111 0.000581615 0 0.00430146
0.145107 0.000459011 0 0.00442802
0.150102 0.000456355 0 0.0044363
0.155104 0.000468125 0 0.00442198
0.160104 0.000459427 0 0.00443062
0.165104 0.000455208 0 0.00443526
0.170164 0.000523385 0 0.00430583
0.175105 0.000469063 0 0.00441937
0.180103 0.000462865 0 0.00442849
0.185109 0.00171703 0 0.00316818
0.190104 0.000458021 0 0.00443287
0.195109 0.00170573 0 0.0031799
0.200103 0.000462552 0 0.00442922
0.205109 0.000454844 0 0.00443068
0.210103 0.000460053 0 0.0044313
0.215104 0.000460573 0 0.00443016
0.220104 0.000462969 0 0.00442781
0.225104 0.000459531 0 0.00443146
0.230103 0.000458333 0 0.00443276
0.235108 0.000451979 0 0.00443417
0.240103 0.000462291 0 0.00442958
0.245503 0.000575886 0 0.00391427
0.25011 0.00170833 0 0.0031762
0.255112 0.00170589 0 0.00317677
0.260103 0.000461719 0 0.00442995
0.265109 0.00170594 0 0.00317922
0.270103 0.000457916 0 0.00443391
0.275155 0.000537031 0 0.00430193
0.280103 0.000459791 0 0.00443193
0.285105 0.000461302 0 0.00442833
0.290102 0.000460208 0 0.00443193
0.295109 0.000451979 0 0.00443365
0.300102 0.00045901 0 0.00443333
0.305108 0.00170838 0 0.00317797
0.310102 0.000459896 0 0.00443307
0.315108 0.000454114 0 0.00443214
0.320102 0.000458438 0 0.00443365
0.325108 0.000456666 0 0.00443016
0.330102 0.000462761 0 0.00442995
0.335105 0.000601614 0 0.00428594
0.340107 0.00171208 0 0.00317511
0.345106 0.000456614 0 0.00443193
0.350101 0.000460729 0 0.00443302
0.355103 0.000466563 0 0.00442505
0.360106 0.000458334 0 0.00443062
0.365104 0.000454896 0 0.00443552
0.370098 0.000464115 0 0.00443255
0.3751 0.000460833 0 0.00443318
0.380102 0.00046073 0 0.00443193
0.38511 0.00170917 0 0.00317542
0.390102 0.00046224 0 0.0044299
0.395109 0.00045849 0 0.00442719
0.400103 0.000459062 0 0.00443271
0.405111 0.00170526 0 0.00317813
0.410102 0.000461667 0 0.00443068
0.415109 0.00170589 0 0.00317964
0.420102 0.000460157 0 0.00443255
0.425109 0.000452031 0 0.00443339
0.430102 0.000459375 0 0.00443313
0.435109 0.000455834 0 0.00442979
0.440103 0.000457552 0 0.00443354
0.445108 0.000453438 0 0.00443307
0.450102 0.000458698 0 0.00443328
0.455108 0.00170714 0 0.00317901
0.460104 0.000461042 0 0.00442927
0.46511 0.00170677 0 0.00317729
0.470102 0.000458594 0 0.00443396
0.475108 0.0017512 0 0.0031349
0.480105 0.000462969 0 0.00442656
0.485108 0.000453125 0 0.00443292
0.490108 0.000586615 0 0.00429922
0.495112 0.00170901 0 0.00317302
0.500104 0.000463125 0 0.0044274
0.505109 0.00170662 0 0.00317859
0.510102 0.000462396 0 0.00442969
0.515109 0.000455104 0 0.00443021
0.520103 0.000462396 0 0.00442917
0.525104 0.000466355 0 0.00442422
0.530102 0.00046 0 0.0044325
0.535118 0.00058625 0 0.00428875
0.540107 0.00171031 0 0.00317594
0.545103 0.000470104 0 0.00442078
0.550104 0.000461094 0 0.00442839
0.555106 0.000454532 0 0.00443417
0.560101 0.000462032 0 0.00443109
0.565101 0.000469896 0 0.00442302
0.570104 0.000458907 0 0.00443125
0.575105 0.000456041 0 0.00443307
0.580148 0.000535573 0 0.0043099
0.585102 0.0017163 0 0.00317547
0.590104 0.000461718 0 0.00442875
0.595109 0.000452917 0 0.00443292
0.600103 0.000457917 0 0.00443339
0.605108 0.000457135 0 0.00442901
0.610103 0.000462083 0 0.00442911
0.615109 0.00170901 0 0.00317656
0.620103 0.000459636 0 0.00443177
0.625109 0.00170625 0 0.0031788
0.630102 0.000463021 0 0.00442906
0.635109 0.00170755 0 0.00317807
0.640103 0.000458645 0 0.00443313
0.645108 0.0017074 0 0.00317865
0.650102 0.000463021 0 0.00442896
0.655108 0.000458073 0 0.00442859
0.660103 0.0004575 0 0.00443344
0.665108 0.00170646 0 0.00317938
0.670102 0.000462188 0 0.00442969
0.675108 0.000456823 0 0.00442958
0.680145 0.000542343 0 0.00430661
0.685109 0.00170698 0 0.00317839
0.690103 0.000457605 0 0.00443354
0.695108 0.0017074 0 0.00317844
0.700102 0.000458542 0 0.00443411
0.705108 0.00171313 0 0.00317292
0.710102 0.000460364 0 0.00443261
0.715108 0.000457344 0 0.00442896
0.720102 0.000458177 0 0.00443396
0.725108 0.000453072 0 0.00443318
0.730102 0.000458645 0 0.00443375
0.735108 0.000485989 0 0.0044001
0.740114 0.000592969 0 0.00428688
0.745106 0.000592865 0 0.00429479
0.750106 0.00171323 0 0.00317484
0.755105 0.00045776 0 0.00443109
0.760101 0.00046099 0 0.00443219
0.765102 0.000462239 0 0.00442984
0.770105 0.000459375 0 0.00443052
0.775105 0.00045323 0 0.00443609
0.7801 0.000462656 0 0.00443109
0.7851 0.000463125 0 0.0044312
0.790105 0.000457292 0 0.00443229
0.79511 0.00170443 0 0.00317932
0.800102 0.000463594 0 0.00442839
0.805108 0.000456927 0 0.00442948
0.810102 0.000459375 0 0.00443333
0.815108 0.00170948 0 0.00317677
0.820103 0.000458178 0 0.00443297
0.825111 0.00170411 0 0.00317927
0.830104 0.0004575 0 0.00443313
0.835108 0.000453802 0 0.00443198
0.840103 0.000459218 0 0.0044325
0.845108 0.000456146 0 0.00442995
0.850102 0.000459063 0 0.00443323
0.855108 0.000457708 0 0.0044288
0.860102 0.00045901 0 0.00443328
0.865109 0.000456406 0 0.00442885
0.870102 0.000462552 0 0.00442953
0.875108 0.000451718 0 0.00443432
0.880102 0.000458698 0 0.00443323
0.885152 0.000536614 0 0.00430563
0.890104 0.000461459 0 0.00442932
0.895109 0.000452031 0 0.00443328
0.900102 0.000459271 0 0.00443297
0.905108 0.000452813 0 0.00443333
0.910102 0.00046224 0 0.00442984
0.915109 0.00170531 0 0.00318026
0.920102 0.000458333 0 0.00443375
0.925108 0.000454947 0 0.00443177
0.930103 0.000461927 0 0.00442953
0.935108 0.000456719 0 0.00442943
0.940111 0.00059125 0 0.0042912
0.945107 0.000467396 0 0.00441964
0.950105 0.000458646 0 0.00443042
0.955106 0.000458645 0 0.00442943
0.960109 0.000583906 0 0.00430047
0.965107 0.000588281 0 0.00429912
0.970108 0.00171135 0 0.00317536
0.975105 0.000458125 0 0.00443099
0.980099 0.00045724 0 0.00443833
0.985103 0.000464844 0 0.00442615
0.990106 0.000457188 0 0.00443083
0.995106 0.000459896 0 0.00442813
1.0001 0.000461094 0 0.0044349
1.0051 0.000462916 0 0.00442974
1.0101 0.000459063 0 0.00443177
1.01511 0.00170401 0 0.00318188
1.0201 0.00046026 0 0.00442917
1.02511 0.00170833 0 0.00317719
1.0301 0.000458646 0 0.00443328
1.0351 0.000460209 0 0.00443083
1.0401 0.000464218 0 0.00442802
1.04511 0.00170849 0 0.00317776
1.0501 0.000466041 0 0.00442693
1.05511 0.00170703 0 0.00317844
1.0601 0.000461875 0 0.00442964
1.0651 0.000465416 0 0.00442787
1.0701 0.000458854 0 0.00443385
1.07511 0.00170641 0 0.00317906
1.0801 0.000463229 0 0.00442943
1.08511 0.00050401 0 0.0043825
1.09011 0.00170823 0 0.00317922
1.09511 0.00170734 0 0.00317734
1.1001 0.000459688 0 0.00443297
1.10511 0.000455573 0 0.00443068
1.1101 0.000458906 0 0.00443391
1.11511 0.00170729 0 0.00317839
1.1201 0.000459271 0 0.00443287
1.12511 0.000456406 0 0.00442932
1.1301 0.000458803 0 0.00443297
1.13511 0.000451979 0 0.00443375
1.14011 0.000590833 0 0.00428844
1.14511 0.000590313 0 0.00429349
1.15011 0.000467448 0 0.00441859
1.15511 0.00170833 0 0.00317984
1.1601 0.00045875 0 0.00443792
1.1651 0.000463541 0 0.00442885
1.17011 0.000462812 0 0.00442651
1.1751 0.000457031 0 0.00443287
1.1801 0.000460573 0 0.00443625
1.1851 0.000460157 0 0.00443214
1.19015 0.000535312 0 0.00430547
1.19511 0.00170865 0 0.00317641
1.2001 0.000458854 0 0.00443391
1.20511 0.00170901 0 0.00317672
1.2101 0.000463229 0 0.00442891
1.21511 0.000456927 0 0.00442969
1.2201 0.000459792 0 0.00443188
1.22511 0.000453697 0 0.00443203
1.2301 0.000456823 0 0.00443365
1.23511 0.00045625 0 0.00442995
1.2401 0.000459011 0 0.0044325
1.24511 0.0004525 0 0.00443297
1.2501 0.000459322 0 0.0044336
1.25511 0.00170677 0 0.00317932
1.2601 0.000459167 0 0.00443214
1.26511 0.00045375 0 0.00443203
1.2701 0.000458854 0 0.00443307
1.27511 0.00170536 0 0.00317979
1.2801 0.000463959 0 0.00442854
1.2851 0.000458021 0 0.00443333
1.2901 0.000459843 0 0.00443234
1.29515 0.000534532 0 0.00430537
1.3001 0.000459375 0 0.00443021
1.30511 0.00170662 0 0.00317891
1.3101 0.000457865 0 0.00443396
1.31511 0.000452708 0 0.0044325
1.3201 0.000461823 0 0.00443052
1.32511 0.0017063 0 0.00318
1.3301 0.000459167 0 0.00443365
1.33511 0.00170844 0 0.00317714
1.34011 0.000593489 0 0.00428615
1.34511 0.000465781 0 0.00442109
1.35011 0.00171057 0 0.00317636
1.35511 0.000452239 0 0.00443568
1.3601 0.000459011 0 0.00443724
1.3651 0.000466197 0 0.00442656
1.37011 0.000459844 0 0.00442927
1.3751 0.000457344 0 0.00443339
1.3801 0.000457865 0 0.00443792
1.3851 0.0004675 0 0.00442401
1.3901 0.000460208 0 0.00443073
1.39516 0.000527344 0 0.00430979
1.4001 0.000458021 0 0.00443651
1.4051 0.000466302 0 0.00442761
1.4101 0.000462864 0 0.00442927
1.41511 0.000452812 0 0.00443328
1.4201 0.000458125 0 0.00443307
1.42511 0.000453594 0 0.00443281
1.4301 0.000462084 0 0.00443026
1.43511 0.00170849 0 0.00317807
1.4401 0.000457761 0 0.00443281
1.44511 0.00170813 0 0.00317636
1.4501 0.000461666 0 0.00442995
1.45511 0.00170589 0 0.00317985
1.4601 0.000459166 0 0.00443318
1.4651 0.000460573 0 0.00443
1.4701 0.000465677 0 0.00442412
1.47511 0.000458386 0 0.00442745
1.4801 0.000460417 0 0.00443208
1.48511 0.00045276 0 0.0044337
1.49011 0.000590781 0 0.00429505
1.49516 0.000532552 0 0.00429839
1.50011 0.000457969 0 0.00443083
1.50511 0.00170776 0 0.00317682
1.5101 0.000458854 0 0.00443156
1.51511 0.00170646 0 0.00317875
1.5201 0.00045849 0 0.00443349
1.52511 0.0004525 0 0.00443261
1.5301 0.000459011 0 0.00443333
1.5351 0.000463229 0 0.0044274
1.54011 0.000594375 0 0.00428911
1.54511 0.00046448 0 0.00442193
1.55011 0.000456562 0 0.00443177
1.55511 0.000454323 0 0.00443349
1.5601 0.00046099 0 0.00443568
1.5651 0.000463333 0 0.00442943
1.57011 0.000456094 0 0.00443198
1.5751 0.000461719 0 0.00442771
1.58012 0.000634636 0 0.00423761
1.58512 0.00063125 0 0.00422995
1.59019 0.000703177 0 0.00408693
1.59523 0.000664739 0 0.00409031
1.60022 0.000671198 0 0.00409271
1.60515 0.000596094 0 0.00424484
1.61015 0.000801875 0 0.0040325
1.61516 0.000795156 0 0.0040263
1.62497 0.000675313 0 -0.000659426
1.62567 0.000607396 0 0.00371672
1.63019 0.000714584 0 0.0040751
1.63513 0.000638021 0 0.00422261
1.64017 0.000556615 0 0.00426344
1.64511 0.000598958 0 0.00427568
1.65015 0.000609375 0 0.00422495
1.65513 0.00059073 0 0.0042649
1.66019 0.000697396 0 0.00410375
1.66512 0.000619584 0 0.00424896
1.67013 0.000604428 0 0.00425828
1.67511 0.000613333 0 0.00426219
1.68013 0.000604584 0 0.00425761
1.68512 0.0006225 0 0.00425099
1.69013 0.000620834 0 0.00424401
1.69512 0.000616458 0 0.00425219
1.70012 0.00060151 0 0.00426755
1.70511 0.000615834 0 0.00426677
1.71012 0.000605677 0 0.00426328
1.71511 0.000611354 0 0.00427386
1.72012 0.000605833 0 0.00426787
1.72512 0.000609219 0 0.00426521
1.73012 0.000601927 0 0.00427453
1.73511 0.000601042 0 0.00427547
1.74012 0.000609427 0 0.00426083
1.74511 0.000601198 0 0.00427615
1.75012 0.000598437 0 0.00427807
1.75511 0.000609583 0 0.00427287
1.76011 0.000592657 0 0.00428641
1.76511 0.000591511 0 0.00429276
1.77011 0.000604062 0 0.00427807
1.77512 0.000610625 0 0.00426089
1.78012 0.000599948 0 0.00427104
1.78512 0.000594167 0 0.0042726
1.79011 0.000591771 0 0.00428563
1.79511 0.000611927 0 0.00426932
1.80015 0.000887968 0 0.00395401
1.80512 0.000588541 0 0.00428188
1.81011 0.000575416 0 0.00430604
1.8151 0.000580573 0 0.00431339
1.8201 0.000440209 0 0.00446037
1.82509 0.000441979 0 0.00446505
1.83008 0.000443229 0 0.00446938
1.83508 0.000445625 0 0.00446526
1.84009 0.000443542 0 0.00446651
1.84509 0.000438386 0 0.00446682
1.85009 0.000440781 0 0.00446917
1.85509 0.000436979 0 0.00446969
1.86009 0.000442708 0 0.00446719
1.86509 0.000436041 0 0.00447099
1.87009 0.000440469 0 0.00447089
1.8751 0.000444115 0 0.00445083
1.88009 0.000445365 0 0.00446115
1.88509 0.000438854 0 0.00446537
1.89009 0.000439791 0 0.00446953
1.89509 0.000435937 0 0.0044699
1.90009 0.000441459 0 0.00446891
1.90509 0.000438489 0 0.00446917
1.91008 0.000440625 0 0.00447146
1.91509 0.000435677 0 0.00447135
1.92009 0.000440781 0 0.00446932
1.92509 0.000437812 0 0.00446896
1.93009 0.000441614 0 0.00446969
1.93509 0.000435937 0 0.00447099
1.9401 0.00044901 0 0.00444656
1.94509 0.000448646 0 0.00445802
1.95009 0.000440312 0 0.00446859
1.95509 0.000438802 0 0.00447115
1.96009 0.000450208 0 0.00445552
1.96509 0.000448958 0 0.00445833
1.97009 0.000441354 0 0.00446688
1.97509 0.00043875 0 0.00447005
1.98008 0.000441562 0 0.00447234
1.98508 0.000441927 0 0.00446906
1.99009 0.000443333 0 0.00446787
1.99509 0.000436406 0 0.00447
2.00008 0.000439687 0 0.00447182
2.00509 0.000437292 0 0.00447005
2.01009 0.000440261 0 0.00446896
2.0151 0.000474114 0 0.00441917
2.02013 0.000565781 0 0.00429297
2.02512 0.000545053 0 0.00433021
2.03009 0.00044125 0 0.00446615
2.03509 0.000441041 0 0.00446537
2.04009 0.000443073 0 0.00446688
2.04509 0.000436562 0 0.00446974
2.05009 0.000442135 0 0.00446797
2.05509 0.000440364 0 0.0044663
2.06009 0.000443073 0 0.00446688
2.06509 0.000442552 0 0.0044663
2.07009 0.000442031 0 0.00446813
2.07509 0.000437656 0 0.00446807
2.08009 0.000440208 0 0.00446969
2.08509 0.000436562 0 0.00447115
2.09009 0.000438802 0 0.0044711
2.09509 0.000440052 0 0.00446698
2.10009 0.000443959 0 0.00446646
2.10509 0.000443282 0 0.00446339
2.11009 0.000439532 0 0.00447021
2.11509 0.000434219 0 0.00447141
2.12008 0.000443698 0 0.00446776
2.12509 0.000435208 0 0.00447167
2.13009 0.000439375 0 0.00447167
2.13509 0.000436927 0 0.00447026
2.1401 0.000452604 0 0.00444412
2.14509 0.000447031 0 0.00445682
2.1501 0.000436771 0 0.00446229
2.15509 0.000437812 0 0.00446979
2.16008 0.000442552 0 0.00446969
2.16509 0.000445 0 0.00446255
2.17009 0.000439531 0 0.00446823
2.17509 0.000438958 0 0.00446813
2.18008 0.000441667 0 0.0044725
2.18508 0.00044625 0 0.00446547
2.19009 0.000439011 0 0.00447188
2.19509 0.000435678 0 0.00447089
2.20009 0.000441458 0 0.00446974
2.20509 0.000440833 0 0.00446667
2.21009 0.000440885 0 0.00447031
2.21509 0.000435729 0 0.00447203
2.22008 0.000440156 0 0.00447151
2.22509 0.000443802 0 0.00446563
2.23009 0.000444687 0 0.00446615
2.23509 0.00044125 0 0.00446807
2.24009 0.000440105 0 0.00447021
2.24509 0.000435938 0 0.00447052
2.25009 0.000444844 0 0.00446547
2.25509 0.000434896 0 0.0044712
2.26009 0.000440573 0 0.00447078
2.26509 0.000435469 0 0.00447188
2.27008 0.000442604 0 0.00446912
2.27509 0.000435989 0 0.00447156
2.28008 0.000441719 0 0.00447016
2.28509 0.000439688 0 0.00447115
2.29009 0.000440573 0 0.00446844
2.29509 0.000437552 0 0.00446964
2.30008 0.000440885 0 0.00447089
2.30509 0.000435416 0 0.00447219
2.31009 0.000441302 0 0.00446932
2.31509 0.000438281 0 0.00446932
2.32008 0.00044125 0 0.00447021
2.32509 0.000436042 0 0.00447141
2.33009 0.000441094 0 0.00447
2.33509 0.000438125 0 0.00446927
2.3401 0.000442187 0 0.00445448
2.34509 0.000447239 0 0.00446109
2.35009 0.000435521 0 0.00447094
2.35509 0.000439063 0 0.00446948
2.36008 0.000440729 0 0.0044725
2.36509 0.000443489 0 0.00446635
2.37011 0.000574688 0 0.00430886
2.3751 0.000432083 0 0.00446073
2.38008 0.000444011 0 0.0044675
2.38508 0.000446979 0 0.00446354
2.39009 0.000439896 0 0.00447
2.39509 0.000437761 0 0.00446677
2.40009 0.000445521 0 0.00446516
2.40509 0.000435833 0 0.00446745
2.41009 0.00044151 0 0.00446865
2.41509 0.000434739 0 0.00447167
2.42009 0.000442656 0 0.00446797
2.42509 0.000435573 0 0.00447162
2.43008 0.000439844 0 0.00447167
2.43509 0.000438698 0 0.00446979
2.44009 0.00044427 0 0.00446651
2.44509 0.000438697 0 0.00446688
2.45009 0.000440052 0 0.00446943
2.45509 0.000436041 0 0.00447021
2.46009 0.000441041 0 0.00447026
2.46509 0.000436875 0 0.0044687
2.47008 0.000444271 0 0.00446766
2.47509 0.000436041 0 0.00447026
2.48008 0.00044151 0 0.00446979
2.48509 0.000439687 0 0.00446771
2.49009 0.000446719 0 0.00445589
2.4951 0.000433698 0 0.00446037
2.50009 0.000439896 0 0.00446677
2.50529 0.000496927 0 0.00421042
2.5101 0.000470989 0 0.00441912
2.51511 0.00170495 0 0.0031775
2.5201 0.000459896 0 0.00443224
2.52511 0.000453906 0 0.00443245
2.5301 0.000461823 0 0.00443
2.5351 0.000470625 0 0.00442042
2.54012 0.000595261 0 0.00428099
2.54511 0.000589687 0 0.00429318
2.55011 0.00170859 0 0.00317724
2.55511 0.000453229 0 0.0044336
2.5601 0.00046401 0 0.00443094
2.56511 0.000461771 0 0.00442662
2.5701 0.000464114 0 0.00442641
2.57511 0.000457396 0 0.00443193
2.5801 0.000459323 0 0.00443688
2.5851 0.00171479 0 0.00317531
2.5901 0.000457656 0 0.00443339
2.59511 0.000457083 0 0.00442906
2.6001 0.000459271 0 0.00443302
2.60517 0.000538177 0 0.00429094
2.6101 0.00171078 0 0.00317854
2.61511 0.00170766 0 0.00317745
2.6201 0.000458594 0 0.00443354
2.62511 0.000453594 0 0.00443287
2.6301 0.000459011 0 0.00443313
2.63511 0.000456875 0 0.00442953
2.6401 0.000462396 0 0.00443
2.6451 0.000460833 0 0.00443057
2.6501 0.000456823 0 0.0044337
2.65511 0.00170703 0 0.00317885
2.6601 0.000462968 0 0.00442958
2.66511 0.000453177 0 0.00443307
2.6701 0.000457969 0 0.00443391
2.67511 0.00170531 0 0.00317958
2.6801 0.000462709 0 0.00442932
2.68511 0.00170771 0 0.00317844
2.6901 0.000458594 0 0.00443412
2.69511 0.00045375 0 0.00443261
2.7001 0.00046224 0 0.00442974
2.70511 0.0017501 0 0.00313464
2.71011 0.000456719 0 0.00443224
2.71511 0.00170693 0 0.00317755
2.7201 0.000458698 0 0.00443354
2.72511 0.00045599 0 0.00442984
2.7301 0.00046375 0 0.00442761
2.73511 0.0017051 0 0.00317995
2.74011 0.000595677 0 0.00428511
2.74511 0.000592552 0 0.00429412
2.75011 0.000458333 0 0.00442834
2.7551 0.00045302 0 0.0044363
2.7601 0.000457344 0 0.00443734
2.7651 0.000466511 0 0.00442537
2.7701 0.000463125 0 0.00442708
2.77511 0.000452656 0 0.00443651
2.7801 0.000459271 0 0.00443734
2.7851 0.000464166 0 0.00442948
2.7901 0.000461771 0 0.00442906
2.79511 0.000452448 0 0.00443313
2.8001 0.000459167 0 0.00443287
2.80511 0.000453438 0 0.00443307
2.81015 0.000541458 0 0.00430068
2.81511 0.00170495 0 0.00317828
2.8201 0.000456927 0 0.00443365
2.82511 0.00171292 0 0.00317396
2.83011 0.000458646 0 0.00442979
2.83511 0.000456511 0 0.0044287
2.8401 0.00045875 0 0.00443334
2.84511 0.000452292 0 0.00443365
2.8501 0.000461875 0 0.00443026
2.8551 0.000463489 0 0.00442766
2.8601 0.000458438 0 0.00443323
2.86511 0.000454167 0 0.0044313
2.8701 0.000459948 0 0.00443172
2.87512 0.000593438 0 0.00427849
2.88011 0.00170823 0 0.0031762
2.88511 0.00170635 0 0.00317797
2.8901 0.000458646 0 0.0044338
2.89511 0.00170708 0 0.00317906
2.9001 0.000462344 0 0.00443005
2.90511 0.000455781 0 0.00443
2.9101 0.000458073 0 0.00443302
2.91516 0.000533281 0 0.00430443
2.9201 0.000463438 0 0.00442807
2.92511 0.000452917 0 0.0044324
2.9301 0.00045875 0 0.00443302
2.93511 0.00045599 0 0.00443068
2.94011 0.000589531 0 0.00429005
2.94511 0.000591614 0 0.00429516
2.95011 0.000459948 0 0.00442948
2.9551 0.000457813 0 0.00443172
2.96011 0.000587136 0 0.00429589
2.9651 0.000466823 0 0.00442349
2.97011 0.00171219 0 0.00317594
2.97511 0.000457031 0 0.00443136
2.9801 0.000460781 0 0.00443469
2.9851 0.000467708 0 0.00442339
2.9901 0.000461823 0 0.00442979
2.99511 0.00170667 0 0.00317766
3.0001 0.000459635 0 0.00443182
3.00511 0.000461979 0 0.00442323
3.0101 0.000459375 0 0.00443276
3.01511 0.000452083 0 0.00443484
3.02011 0.00170901 0 0.00317563
3.02511 0.00170682 0 0.0031774
3.0301 0.000457604 0 0.00443391
3.0351 0.000456511 0 0.00443313
3.0401 0.000459635 0 0.00443219
3.04511 0.0017063 0 0.0031788
3.0501 0.00046276 0 0.00442964
3.05511 0.000454688 0 0.0044312
3.0601 0.00045875 0 0.00443234
3.0651 0.000458698 0 0.00443104
3.0701 0.000470052 0 0.00442115
3.07511 0.00170516 0 0.00317849
3.0801 0.00045974 0 0.00443219
3.08511 0.000453177 0 0.00443318
3.0901 0.000461979 0 0.00443011
3.09511 0.000454375 0 0.00443203
3.1001 0.000459375 0 0.00443318
3.10511 0.00170453 0 0.0031811
3.1101 0.000462292 0 0.00443
3.11511 0.00170911 0 0.00317448
3.12015 0.000541771 0 0.00430078
3.12511 0.0017088 0 0.00317594
3.1301 0.000459115 0 0.00443287
3.13511 0.000456823 0 0.00442849
3.14011 0.000608385 0 0.00427609
3.14511 0.00058302 0 0.00429938
3.15011 0.000584635 0 0.00429729
3.15511 0.000459166 0 0.00442818
3.1601 0.000454948 0 0.00443896
3.1651 0.000463385 0 0.00442813
3.1701 0.000460833 0 0.00442969
3.17511 0.000457916 0 0.00443146
3.1801 0.00046198 0 0.00443365
3.1851 0.00046276 0 0.00443141
3.1901 0.000457552 0 0.00443255
3.19511 0.00170828 0 0.00317813
3.2001 0.000460833 0 0.00442979
3.20511 0.00170578 0 0.0031788
3.2101 0.000459063 0 0.0044336
3.21511 0.000452813 0 0.00443302
3.2201 0.000515104 0 0.00437714
3.22511 0.00170703 0 0.00317672
3.2301 0.000458542 0 0.00443334
3.23511 0.00170562 0 0.00317875
3.2401 0.000463125 0 0.00442969
3.24511 0.000456927 0 0.00442886
3.2501 0.000458802 0 0.00443354
3.25511 0.000453802 0 0.00443198
3.2601 0.000462239 0 0.00442896
3.26511 0.00045651 0 0.00442906
3.2701 0.000457344 0 0.00443464
3.27511 0.00045776 0 0.00443146
3.2801 0.000458073 0 0.00443328
3.2851 0.000465209 0 0.00442672
3.2901 0.000459166 0 0.00443313
3.29511 0.000453593 0 0.0044324
3.3001 0.000458386 0 0.0044336
3.30511 0.000455938 0 0.0044299
3.3101 0.0004625 0 0.00442984
3.31511 0.000453385 0 0.00443313
3.3201 0.000458333 0 0.00443354
3.32515 0.000540417 0 0.00430146
3.3301 0.00046375 0 0.00442813
3.33511 0.000453333 0 0.00443255
3.3401 0.000458698 0 0.0044336
3.34511 0.000597916 0 0.00428833
3.35011 0.00171135 0 0.00317484
3.35511 0.000457813 0 0.00443099
3.3601 0.000456979 0 0.0044363
3.3651 0.000461562 0 0.00442781
3.3701 0.000462657 0 0.00442745
3.3751 0.000453698 0 0.00443636
3.3801 0.000458021 0 0.00443797
3.3851 0.000458855 0 0.00443292
3.3901 0.000462812 0 0.00442891
3.39511 0.000456093 0 0.00442912
3.4001 0.000459427 0 0.00443167
3.40511 0.000454167 0 0.00443151
3.4101 0.000458437 0 0.00443255
3.41511 0.0017063 0 0.0031788
3.4201 0.000459687 0 0.00443334
3.42511 0.00175552 0 0.00313026
3.43011 0.000456042 0 0.00443151
3.43511 0.00170698 0 0.00317771
3.4401 0.000458437 0 0.00443334
3.44511 0.000452761 0 0.00443433
3.4501 0.000458645 0 0.00443313
3.45511 0.00045573 0 0.00442943
3.4601 0.000463021 0 0.00442948
3.46511 0.000451771 0 0.00443229
3.4701 0.000459584 0 0.00443229
3.47511 0.00045349 0 0.00443292
3.4801 0.000461875 0 0.00443037
3.4851 0.000459219 0 0.00443203
3.49011 0.000465937 0 0.00441969
3.49511 0.00170344 0 0.0031787
3.5001 0.000462917 0 0.00442849
3.50511 0.00170813 0 0.0031775
3.5101 0.000460521 0 0.00443104
3.51511 0.00170714 0 0.00317896
3.5201 0.000462292 0 0.00442969
3.52511 0.000457135 0 0.00442896
3.53015 0.000540573 0 0.00430568
3.53511 0.00171057 0 0.00317781
3.5401 0.000457605 0 0.00443365
3.5451 0.000603541 0 0.0042861
3.55011 0.00171276 0 0.00317511
3.55511 0.000451563 0 0.00443677
3.5601 0.000457083 0 0.00443683
3.5651 0.000468594 0 0.00442323
3.5701 0.000462552 0 0.00442693
3.5751 0.000455572 0 0.004435
3.5801 0.0004575 0 0.00443854
3.5851 0.000465052 0 0.00442854
3.5901 0.000462136 0 0.00442912
3.59511 0.00171375 0 0.00317078
3.6001 0.000460105 0 0.00443229
3.60511 0.00045474 0 0.00443094
3.6101 0.000462031 0 0.00442932
3.61511 0.000453125 0 0.00443323
3.6201 0.000457812 0 0.00443422
3.62511 0.000452709 0 0.00443349
3.63015 0.000536615 0 0.00430761
3.63511 0.00045302 0 0.0044324
3.6401 0.000458437 0 0.00443318
3.64511 0.000452552 0 0.00443307
3.6501 0.000462656 0 0.00442938
3.65511 0.000456771 0 0.00442974
3.6601 0.000457604 0 0.00443391
3.66511 0.000453907 0 0.00443208
3.6701 0.000469375 0 0.0044225
3.67511 0.000457032 0 0.00442849
3.6801 0.000458854 0 0.00443375
3.68511 0.000452552 0 0.00443391
3.6901 0.000457864 0 0.00443344
3.6951 0.00046323 0 0.00442792
3.7001 0.000458854 0 0.00443328
3.70511 0.0017076 0 0.00317813
3.7101 0.000458282 0 0.00443427
3.71511 0.000456354 0 0.00442953
3.7201 0.000462917 0 0.00442948
3.72511 0.000453177 0 0.00443287
3.7301 0.000460573 0 0.00443146
3.73515 0.00053875 0 0.00430573
3.7401 0.000461615 0 0.00442969
3.7451 0.000597448 0 0.00429063
3.75011 0.00171354 0 0.00317438
3.7551 0.000455208 0 0.00443417
3.7601 0.000463125 0 0.00443214
3.7651 0.00046302 0 0.00442932
3.7701 0.00046026 0 0.00442995
3.7751 0.000456407 0 0.00443349
3.7801 0.000459687 0 0.00443412
3.7851 0.000464843 0 0.00442755
3.7901 0.000458542 0 0.00443344
3.79511 0.0017063 0 0.00317943
3.8001 0.000462813 0 0.00442964
3.80511 0.00045573 0 0.00443042
3.8101 0.000463073 0 0.00442984
3.81511 0.000455 0 0.00443094
3.8201 0.000459011 0 0.00443349
3.82511 0.00170703 0 0.0031786
3.8301 0.000459166 0 0.0044336
3.83511 0.000451667 0 0.00443448
3.84015 0.000540364 0 0.00430433
3.84511 0.00170604 0 0.0031787
3.8501 0.000459062 0 0.00443307
3.85511 0.001705 0 0.00317979
3.8601 0.000458281 0 0.00443391
3.8651 0.000463906 0 0.0044286
3.8701 0.00046276 0 0.00442927
3.87511 0.00170755 0 0.00317682
3.8801 0.000462604 0 0.00443011
3.88511 0.000452813 0 0.00443349
3.8901 0.000462031 0 0.00442922
3.89511 0.00170484 0 0.00318011
3.9001 0.000460156 0 0.00443151
3.9051 0.000459323 0 0.00443089
3.9101 0.00046224 0 0.00442906
3.91511 0.00170703 0 0.00317844
3.9201 0.000459114 0 0.00443308
3.92511 0.000452604 0 0.00443266
3.9301 0.000462187 0 0.00443
3.93511 0.000456562 0 0.00443
3.9401 0.000460781 0 0.00443058
3.94511 0.000595312 0 0.00429229
3.95011 0.00171078 0 0.00317641
3.95511 0.00045651 0 0.00443261
3.96011 0.000589844 0 0.00429505
3.96511 0.00046 0 0.00442698
3.97011 0.000458229 0 0.00442995
3.9751 0.000461719 0 0.00442787
3.9801 0.000457812 0 0.00443823
3.9851 0.000462344 0 0.00443078
3.9901 0.000458959 0 0.00443292
3.99511 0.00170615 0 0.00317854
4.0001 0.000462343 0 0.00443
4.00511 0.000452448 0 0.00443287
4.0101 0.000459063 0 0.00443271
4.01511 0.0017063 0 0.00317875
4.0201 0.000464115 0 0.00442552
4.02512 0.000579167 0 0.00429266
4.03011 0.000459635 0 0.00442698
4.03511 0.00171698 0 0.00317198
4.04011 0.00052026 0 0.00436813
4.04511 0.000580885 0 0.00430089
4.0501 0.000459271 0 0.00443146
4.05511 0.00170609 0 0.0031775
4.0601 0.000463177 0 0.00442766
4.06511 0.000456406 0 0.00442818
4.0701 0.000460364 0 0.00443011
4.07511 0.000456198 0 0.00442901
4.0801 0.000458072 0 0.00443167
4.08511 0.00170813 0 0.00317693
4.0901 0.000459636 0 0.00443203
4.09511 0.00170906 0 0.0031763
4.1001 0.000459375 0 0.00443115
4.10511 0.00170865 0 0.00317693
4.1101 0.000460938 0 0.00443021
4.11511 0.0006175 0 0.00426271
4.12012 0.000585156 0 0.00429235
4.12512 0.000578333 0 0.0042961
4.13011 0.00171042 0 0.00317682
4.13511 0.00170693 0 0.0031763
4.1401 0.000460208 0 0.00443052
4.14511 0.000607864 0 0.00427511
4.15011 0.000581875 0 0.00430209
4.15512 0.000582084 0 0.00429146
4.1601 0.000458646 0 0.00443464
4.1651 0.000464427 0 0.00442547
4.17011 0.00171245 0 0.00317677
4.1751 0.000458177 0 0.00443177
4.1801 0.000456511 0 0.00443781
4.1851 0.000461198 0 0.00442979
4.1901 0.00046401 0 0.00442636
4.19511 0.00170625 0 0.00317834
4.2001 0.000459688 0 0.00443089
4.20511 0.00170682 0 0.00317709
4.2101 0.000462396 0 0.00442886
4.21511 0.00171104 0 0.00317417
4.2201 0.000459479 0 0.00443136
4.22511 0.0017075 0 0.00317688
4.2301 0.000459479 0 0.00443156
4.23511 0.00170672 0 0.00317813
4.2401 0.000459479 0 0.00443172
4.24516 0.000527761 0 0.00430193
4.25011 0.000457604 0 0.00443
4.25511 0.00171287 0 0.00317125
4.2601 0.000459688 0 0.00443063
4.26511 0.00170693 0 0.00317761
4.2701 0.000460833 0 0.00443068
4.27511 0.000456979 0 0.00442818
4.2801 0.000462188 0 0.00442891
4.2851 0.000459427 0 0.00443052
4.2901 0.000459636 0 0.00443104
4.29511 0.00170599 0 0.00317865
4.3001 0.000463281 0 0.00442808
4.30511 0.00170755 0 0.00317714
4.3101 0.000459375 0 0.00443208
4.31511 0.00170698 0 0.00317865
4.3201 0.000465364 0 0.00442604
4.3251 0.00046625 0 0.00442443
4.3301 0.000461875 0 0.00442896
4.33511 0.00170787 0 0.00317625
4.3401 0.000463125 0 0.00442844
4.34511 0.000661823 0 0.00422443
4.35011 0.000583073 0 0.00429776
4.35511 0.00045474 0 0.00443443
4.3601 0.000459479 0 0.00443683
4.3651 0.000468542 0 0.00442458
4.3701 0.00045849 0 0.00443172
4.37511 0.000452813 0 0.00443599
4.3801 0.000458541 0 0.00443693
4.3851 0.00172531 0 0.0031662
4.3901 0.000459948 0 0.00443037
4.39511 0.00170609 0 0.00317771
4.4001 0.000459843 0 0.00443167
4.40511 0.000456458 0 0.0044274
4.4101 0.000462031 0 0.00442901
4.41511 0.0017062 0 0.00317849
4.4201 0.000459063 0 0.00443261
4.42511 0.00170776 0 0.0031774
4.4301 0.000462813 0 0.00442729
4.43511 0.0017087 0 0.00317667
4.4401 0.000459323 0 0.00443214
4.44511 0.000461145 0 0.0044236
4.45015 0.000547604 0 0.00429974
4.45511 0.00170714 0 0.00317584
4.4601 0.000458854 0 0.00443193
4.46511 0.00170651 0 0.00317557
4.4701 0.000461615 0 0.00442938
4.47511 0.00170698 0 0.0031774
4.4801 0.000458802 0 0.00443214
4.48511 0.000452657 0 0.00443203
4.49011 0.000590573 0 0.00429417
4.49511 0.00170599 0 0.00317396
4.50011 0.000458178 0 0.00443084
4.50511 0.00170646 0 0.0031774
4.5101 0.000460417 0 0.00442995
4.51511 0.00170604 0 0.00317797
4.5201 0.000459427 0 0.00443224
4.52511 0.000454167 0 0.00443078
4.5301 0.000460469 0 0.00443016
4.5351 0.0004625 0 0.00442682
4.54011 0.000461563 0 0.00442735
4.54511 0.000595365 0 0.00429287
4.55016 0.000533959 0 0.00429787
4.55511 0.00170651 0 0.00318198
4.5601 0.000466927 0 0.00442708
4.56512 0.000618177 0 0.00425703
4.57012 0.000580208 0 0.00429688
4.57511 0.000453854 0 0.00443177
4.5801 0.000460937 0 0.00443281
4.5851 0.000464791 0 0.0044249
4.5901 0.000459688 0 0.00443016
4.59511 0.000459947 0 0.00442776
4.6001 0.000463697 0 0.00443089
4.6051 0.000468854 0 0.00442328
4.6101 0.000460521 0 0.00443031
4.61511 0.00170859 0 0.00317573
4.6201 0.000462604 0 0.00442834
4.62511 0.00170672 0 0.00317755
4.6301 0.000459688 0 0.00443146
4.63511 0.000454427 0 0.00443011
4.64011 0.00171115 0 0.00317662
4.64511 0.00170615 0 0.00317724
4.6501 0.000459739 0 0.00443157
4.65518 0.000515938 0 0.00430157
4.6601 0.000459062 0 0.00443094
4.66511 0.00170625 0 0.00317766
4.6701 0.000462135 0 0.00442917
4.67511 0.00045276 0 0.00443235
4.6801 0.000458333 0 0.00443245
4.68511 0.00170609 0 0.00317745
4.6901 0.000464323 0 0.00442708
4.69511 0.00171406 0 0.00317115
4.70011 0.000458021 0 0.00443115
4.70511 0.00170667 0 0.00317834
4.7101 0.000462187 0 0.00442912
4.71511 0.00170682 0 0.00317849
4.7201 0.000458958 0 0.0044325
4.72511 0.00170729 0 0.00317735
4.7301 0.000461458 0 0.00442917
4.73511 0.00170885 0 0.0031761
4.7401 0.000459687 0 0.00443047
4.74511 0.000612656 0 0.00427214
4.75011 0.000581354 0 0.00430219
4.75511 0.000513646 0 0.00437433
4.7601 0.00170776 0 0.00318255
4.76511 0.000460572 0 0.00442781
4.77011 0.00170979 0 0.00317849
4.7751 0.000460573 0 0.00442948
4.7801 0.000458386 0 0.00443709
4.7851 0.00171516 0 0.00317453
4.7901 0.000459062 0 0.00443183
4.79511 0.00171052 0 0.00317401
4.80011 0.00171094 0 0.00317792
4.80511 0.0017062 0 0.00317761
4.8101 0.000459687 0 0.00443167
4.81511 0.00170672 0 0.00317771
4.8201 0.000463646 0 0.00442792
4.82511 0.000453698 0 0.00443177
4.8301 0.000457865 0 0.00443266
4.83511 0.000454895 0 0.00442953
4.8401 0.000462812 0 0.0044275
4.84511 0.0017063 0 0.00317834
4.8501 0.000459219 0 0.00443203
4.85511 0.00175349 0 0.00313099
4.86011 0.000462291 0 0.00442599
4.86511 0.00170838 0 0.0031763
4.8701 0.000461041 0 0.00442964
4.87511 0.00170568 0 0.00317875
4.8801 0.000463178 0 0.00442761
4.88511 0.000456979 0 0.00442818
4.8901 0.000459844 0 0.00443177
4.89511 0.00170729 0 0.00317797
4.9001 0.000458906 0 0.00443183
4.9051 0.0017199 0 0.00317016
4.91011 0.00170979 0 0.00317766
4.91511 0.000451615 0 0.00443209
4.9201 0.000458542 0 0.00443198
4.92511 0.000457708 0 0.0044274
4.9301 0.000459011 0 0.00443203
4.93511 0.00171583 0 0.00317016
4.9401 0.000459792 0 0.0044313
4.94511 0.00060099 0 0.00428302
4.95011 0.00171104 0 0.0031737
4.95511 0.000455417 0 0.00443157
4.96015 0.000555938 0 0.00428849
4.96511 0.00058948 0 0.00429573
4.97011 0.00171021 0 0.00317505
4.97511 0.000456823 0 0.00443193
4.9801 0.000459219 0 0.00443557
4.98642 0.000553489 0 0.00301761
4.99012 0.000574375 0 0.00430021
4.99512 0.000574063 0 0.00429854
5.00011 0.0017112 0 0.00317766
5.00511 0.00170792 0 0.00317542
5.0101 0.000463854 0 0.00442813
5.01511 0.00170583 0 0.00317948
5.02011 0.000461458 0 0.00442761
5.02511 0.00171068 0 0.00317401
5.0301 0.000462291 0 0.00442891
5.0351 0.000463333 0 0.00442672
5.0401 0.000458281 0 0.00443235
5.04511 0.00170729 0 0.00317719
5.0501 0.000459062 0 0.00443339
5.05511 0.00170547 0 0.00317969
5.0601 0.000459375 0 0.00443318
5.06516 0.000528438 0 0.00430198
5.0701 0.00045677 0 0.00443271
5.07511 0.001705 0 0.00317933
5.0801 0.000462813 0 0.0044286
5.08511 0.000451979 0 0.00443349
5.0901 0.000459115 0 0.00443245
5.09511 0.000455156 0 0.00443026
5.1001 0.000462188 0 0.0044299
5.10511 0.000453229 0 0.00443281
5.1101 0.000458282 0 0.00443448
5.11511 0.00170797 0 0.00317688
