1.146e-06 0.000736562 0 0.0992387
0.100247 0.000583698 0 0.0991581
0.200121 0.0005775 0 0.0992925
0.300121 0.000573958 0 0.0992965
0.400153 0.000697136 0 0.0991384
0.500121 0.000583646 0 0.0992863
0.600117 0.000552343 0 0.0993211
0.700112 0.000549896 0 0.0993329
0.800108 0.000543854 0 0.0993409
0.900098 0.00167354 0 0.0982236
1.0001 0.000554583 0 0.0993398
1.10013 0.000539948 0 0.0993258
1.20031 0.00061875 0 0.0990585
1.30022 0.000617656 0 0.0991543
1.40021 0.000626667 0 0.0991531
1.50012 0.000654792 0 0.0992096
1.60014 0.000569532 0 0.0992777
1.70016 0.000725261 0 0.0991048
1.80014 0.000563698 0 0.0992816
1.90015 0.000549531 0 0.0992942
2.00013 0.000568958 0 0.0992945
2.10016 0.000674895 0 0.0991514
2.20019 0.000634271 0 0.0991682
2.30012 0.00056625 0 0.0993051
2.40012 0.000573907 0 0.099299
2.50012 0.000587708 0 0.0992878
2.60012 0.0005675 0 0.0993008
2.70013 0.000568906 0 0.099284
2.80014 0.000561198 0 0.0992938
2.90019 0.000640417 0 0.0991636
3.00012 0.000575052 0 0.0992931
3.10013 0.000574115 0 0.0992888
3.20012 0.000601979 0 0.0992643
3.30011 0.000581666 0 0.0992984
3.40012 0.000586563 0 0.0992887
3.50013 0.000569532 0 0.0992932
3.60012 0.00056224 0 0.0993066
3.70012 0.000574375 0 0.0992919
3.80013 0.000564479 0 0.0992999
3.90013 0.00057073 0 0.0992927
4.00106 0.00178094 0 0.097151
4.10012 0.000573646 0 0.0993012
4.2002 0.000639948 0 0.0991536
4.30013 0.000637553 0 0.0992249
4.40013 0.000568021 0 0.099296
4.50028 0.00056125 0 0.0991486
4.60012 0.000576458 0 0.0992951
4.70012 0.000569375 0 0.099295
4.80012 0.000575834 0 0.0992889
4.90013 0.000563907 0 0.0992952
5.00012 0.00107734 0 0.0987911
5.10018 0.000679427 0 0.099123
5.20015 0.000552188 0 0.0992897
5.30011 0.000555469 0 0.0993288
5.40042 0.000494791 0 0.0990722
5.5001 0.000549636 0 0.0993393
5.6001 0.000554011 0 0.0993417
5.7001 0.000546927 0 0.0993446
5.8001 0.000552813 0 0.0993383
5.9001 0.000560521 0 0.0993347
6.00012 0.00059151 0 0.0992794
6.10012 0.00057875 0 0.0992894
6.20012 0.00058375 0 0.0992907
6.30012 0.000576458 0 0.0992945
6.40012 0.000589844 0 0.0992818
6.5002 0.000627968 0 0.099162
6.60013 0.000561562 0 0.099297
6.70013 0.000632917 0 0.0992316
6.80012 0.000562709 0 0.0993109
6.90012 0.000569167 0 0.0993046
7.00012 0.000575989 0 0.0992998
7.10019 0.000640729 0 0.0991575
7.20018 0.000514011 0 0.0993033
7.30012 0.000573177 0 0.0992984
7.40011 0.000568021 0 0.0993122
7.50012 0.000576198 0 0.0992985
7.60016 0.000520625 0 0.0993118
7.70018 0.000654011 0 0.0991589
7.80018 0.000515468 0 0.0993004
7.90012 0.000578697 0 0.0992956
8.00011 0.000570052 0 0.0993095
8.10012 0.000575 0 0.0992983
8.20011 0.000566719 0 0.0993141
8.30012 0.000576511 0 0.0992997
8.40012 0.000586823 0 0.0992803
8.50012 0.000575989 0 0.0992902
8.60018 0.000519895 0 0.0992954
8.70018 0.000514323 0 0.0992976
8.80011 0.000568958 0 0.0993117
8.90011 0.000597917 0 0.0992809
9.00011 0.000576615 0 0.0993026
9.10016 0.000529323 0 0.0993021
9.20019 0.000637812 0 0.0991604
9.30017 0.000524844 0 0.0992964
9.40011 0.000618125 0 0.0992644
9.50011 0.000571979 0 0.0993051
9.60011 0.00061 0 0.099271
9.70012 0.000567865 0 0.0993086
9.80019 0.000724375 0 0.0990694
9.90014 0.000553802 0 0.0993012
10.0001 0.000580469 0 0.0992991
10.1001 0.00055526 0 0.0993328
10.2001 0.000433541 0 0.0994669
10.3001 0.000559948 0 0.0993394
10.4001 0.000431875 0 0.0994709
10.5001 0.000426927 0 0.0994719
10.6001 0.000582083 0 0.0993016
10.7002 0.000523073 0 0.0992993
10.8001 0.000585573 0 0.0992855
10.9001 0.000575261 0 0.0993
11.0001 0.000575573 0 0.0992878
11.1001 0.000583802 0 0.099284
11.2001 0.000578177 0 0.0992998
11.3001 0.000587709 0 0.0992659
11.4001 0.00056875 0 0.0992961
11.5001 0.000587969 0 0.0992857
11.6002 0.000526719 0 0.0993012
11.7002 0.000529115 0 0.0993005
11.8002 0.000524011 0 0.0992902
11.9002 0.00052974 0 0.0992931
12.0001 0.000572448 0 0.0993022
12.1001 0.000629948 0 0.0992439
12.2001 0.000570729 0 0.0993072
12.3001 0.000571615 0 0.0993055
12.4001 0.000573073 0 0.0993078
12.5001 0.00057125 0 0.0993082
12.6001 0.000568125 0 0.099314
12.7001 0.000595104 0 0.0992716
