1.77e-06 0 0.00998271
0.0102385 0 0.00975797
0.0201103 0 0.00988761
0.0301031 0 0.0098949
0.0401018 0 0.0098963
0.0501037 0 0.00989406
0.0601024 0 0.00989568
0.070104 0 0.00989417
0.0801086 0 0.00988849
0.0901034 0 0.00989453
0.100119 0 0.00987875
0.110106 0 0.00989203
0.120103 0 0.00989547
0.130102 0 0.0098963
0.140105 0 0.00989333
0.150109 0 0.00988849
0.160105 0 0.00989281
0.170103 0 0.00989526
0.180102 0 0.0098963
0.190102 0 0.0098963
0.200118 0 0.00987953
0.210104 0 0.00989339
0.220103 0 0.00989547
0.230102 0 0.00989625
0.240101 0 0.00989677
0.250101 0 0.00989698
0.260102 0 0.00989651
0.270102 0 0.00989636
0.280102 0 0.00989641
0.290105 0 0.00989281
0.300117 0 0.00988151
0.310104 0 0.00989422
0.320102 0 0.00989573
0.330102 0 0.00989641
0.340102 0 0.00989604
0.350102 0 0.00989594
0.360102 0 0.0098962
0.370102 0 0.00989646
0.380101 0 0.00989672
0.390102 0 0.00989583
0.400104 0 0.00989375
0.410118 0 0.00987984
0.420104 0 0.0098938
0.430102 0 0.0098962
0.440102 0 0.00989625
0.450102 0 0.00989646
0.460102 0 0.00989604
0.470102 0 0.00989661
0.480101 0 0.00989682
0.490102 0 0.00989651
0.500104 0 0.00989406
0.510116 0 0.00988172
0.520104 0 0.00989427
0.530102 0 0.00989568
0.540102 0 0.00989651
0.550102 0 0.00989646
0.560102 0 0.00989563
0.570102 0 0.0098963
0.580102 0 0.00989636
0.590101 0 0.00989661
0.600102 0 0.00989557
0.610102 0 0.00989594
0.620116 0 0.00988224
0.630104 0 0.00989386
0.640103 0 0.00989521
0.650104 0 0.00989406
0.660103 0 0.00989542
0.670101 0 0.00989677
0.680102 0 0.00989656
0.690102 0 0.00989641
0.700101 0 0.00989672
0.710109 0 0.00988875
0.720116 0 0.00988167
0.730104 0 0.00989417
0.740102 0 0.00989646
0.750102 0 0.00989646
0.760102 0 0.00989636
0.770102 0 0.00989651
0.780101 0 0.00989682
0.790102 0 0.00989636
0.800101 0 0.00989682
0.810102 0 0.00989625
0.820102 0 0.00989656
0.830116 0 0.00988224
0.840105 0 0.00989323
0.850103 0 0.00989542
0.860102 0 0.00989625
0.870102 0 0.00989583
0.880102 0 0.00989636
0.890102 0 0.0098962
0.900103 0 0.00989464
0.910103 0 0.00989547
0.920104 0 0.00989375
0.930117 0 0.0098812
0.940104 0 0.0098938
0.950103 0 0.0098949
0.960102 0 0.00989625
0.970102 0 0.00989641
0.980102 0 0.00989568
0.990102 0 0.00989599
1.0001 0 0.00989636
1.0101 0 0.00989604
1.0201 0 0.00989422
1.0301 0 0.00989583
1.04012 0 0.00988172
1.0501 0 0.00989375
1.0601 0 0.00989531
1.0701 0 0.00989594
1.0801 0 0.00989625
1.0901 0 0.00989563
1.1001 0 0.00989589
1.1101 0 0.00989636
1.1201 0 0.00989641
1.1301 0 0.00989406
1.14012 0 0.00988104
1.1501 0 0.00989302
1.1601 0 0.00989432
1.1701 0 0.00989563
1.1801 0 0.00989625
1.19011 0 0.0098924
1.2001 0 0.00989484
1.2101 0 0.00989651
1.2201 0 0.00989636
1.2301 0 0.00989589
1.2401 0 0.00989599
1.2501 0 0.00989547
1.2601 0 0.00989589
1.2701 0 0.00989589
1.2801 0 0.00989594
1.2901 0 0.00989636
1.3001 0 0.00989646
1.3101 0 0.00989573
1.3201 0 0.00989651
1.3301 0 0.00989625
1.3401 0 0.00989417
1.35012 0 0.0098813
1.3601 0 0.00989302
1.3701 0 0.00989583
1.3801 0 0.0098961
1.3901 0 0.0098963
1.4001 0 0.00989427
1.4101 0 0.00989453
1.4201 0 0.00989656
1.4301 0 0.00989651
1.4401 0 0.00989615
1.4501 0 0.00989641
1.46012 0 0.00988198
1.4701 0 0.00989438
1.4801 0 0.00989547
1.4901 0 0.00989625
1.5001 0 0.00989641
1.5101 0 0.00989646
1.5201 0 0.00989646
1.5301 0 0.00989688
1.5401 0 0.00989662
1.5501 0 0.00989375
1.56014 0 0.00985719
1.5701 0 0.00989438
1.5801 0 0.00989552
1.5901 0 0.00989646
1.6001 0 0.00989698
1.6101 0 0.0098962
1.6201 0 0.00989667
1.6301 0 0.0098963
1.6401 0 0.00989636
1.6501 0 0.00989438
1.6601 0 0.00989662
1.67014 0 0.0098587
1.6801 0 0.00989495
1.69017 0 0.00982422
1.70011 0 0.00989135
1.7101 0 0.0098951
1.7201 0 0.00989662
1.7301 0 0.00989641
1.7401 0 0.00989589
1.7501 0 0.00989938
1.76011 0 0.00989214
1.77014 0 0.00985385
1.7801 0 0.00989359
1.7901 0 0.0098963
1.8001 0 0.00989693
1.8101 0 0.00989646
1.8201 0 0.00989688
1.8301 0 0.00989636
1.8401 0 0.00989651
1.8501 0 0.00989651
1.8601 0 0.00989625
1.8701 0 0.00989651
1.88014 0 0.00985818
1.8901 0 0.00989365
1.9001 0 0.00989458
1.9101 0 0.00989542
1.9201 0 0.00989604
1.9301 0 0.00989656
1.9401 0 0.00989615
1.9501 0 0.00989641
1.9601 0 0.00989662
1.9701 0 0.00989438
1.98014 0 0.00985636
1.9901 0 0.00989323
2.0001 0 0.00989537
2.0101 0 0.00989672
2.0201 0 0.00989604
2.0301 0 0.00989615
2.0401 0 0.00989646
2.0501 0 0.00989505
2.0601 0 0.00989667
2.0701 0 0.00989516
2.0801 0 0.00989599
2.09014 0 0.00985594
2.1001 0 0.00989464
2.1101 0 0.00989589
2.1201 0 0.00989672
2.1301 0 0.00989589
2.1401 0 0.00989568
2.1501 0 0.00989349
2.1601 0 0.00989432
2.1701 0 0.00989568
2.1801 0 0.00989448
2.19014 0 0.0098538
2.2001 0 0.00989422
2.2101 0 0.00989599
2.2201 0 0.00989677
2.2301 0 0.00989271
2.2401 0 0.00989479
2.2501 0 0.00989667
2.2601 0 0.00989693
2.2701 0 0.0098963
2.2801 0 0.00989578
2.2901 0 0.0098963
2.30014 0 0.00985568
2.3101 0 0.00989453
2.3201 0 0.00989625
2.3301 0 0.0098963
2.3401 0 0.00989688
2.3501 0 0.00989599
2.3601 0 0.00989667
2.3701 0 0.00989724
2.3801 0 0.00989641
2.3901 0 0.00989865
2.40014 0 0.00985552
2.4101 0 0.00989406
2.4201 0 0.00989604
2.4301 0 0.00989677
2.4401 0 0.00989636
2.4501 0 0.00989656
2.4601 0 0.00989724
2.4701 0 0.00989641
2.4801 0 0.0098963
2.4901 0 0.00989641
2.5001 0 0.00989615
2.51014 0 0.00985844
2.5201 0 0.00989375
2.5301 0 0.00989568
2.5401 0 0.00989615
2.5501 0 0.00989651
2.5601 0 0.00989636
2.5701 0 0.00989641
2.5801 0 0.00989677
2.5901 0 0.0098962
2.6001 0 0.00989474
2.61014 0 0.00985771
2.6201 0 0.00989375
2.6301 0 0.0098963
2.6401 0 0.00989615
2.6501 0 0.0098937
2.6601 0 0.00989594
2.6701 0 0.00989693
2.6801 0 0.00989708
2.6901 0 0.00989693
2.7001 0 0.00989672
2.7101 0 0.00989646
2.72014 0 0.00985844
2.7301 0 0.00989391
2.7401 0 0.00989589
2.7501 0 0.00989651
2.7601 0 0.00989677
2.7701 0 0.00989615
2.7801 0 0.00989646
2.7901 0 0.00989662
2.8001 0 0.00989662
2.8101 0 0.0098937
2.82014 0 0.00985766
2.8301 0 0.00989422
2.8401 0 0.00989552
2.8501 0 0.00989594
2.8601 0 0.00989604
2.8701 0 0.0098961
2.8801 0 0.00989667
2.8901 0 0.00989672
2.9001 0 0.00989568
2.9101 0 0.00989573
2.9201 0 0.00989599
2.93014 0 0.00985875
2.9401 0 0.00989443
2.9501 0 0.00989537
2.9601 0 0.00989682
2.9701 0 0.00989688
2.9801 0 0.00989667
2.9901 0 0.00989662
3.0001 0 0.00989682
3.0101 0 0.00989672
3.0201 0 0.00989417
3.03014 0 0.00985818
3.0401 0 0.00989396
3.0501 0 0.00989531
3.0601 0 0.00989641
3.0701 0 0.00989636
3.0801 0 0.0098962
3.0901 0 0.00989604
3.1001 0 0.00989656
3.1101 0 0.00989667
3.1201 0 0.0098962
3.1301 0 0.00989672
3.14014 0 0.009855
3.1501 0 0.00989333
3.1601 0 0.00989479
3.1701 0 0.00989578
3.1801 0 0.00989656
3.1901 0 0.00989537
3.2001 0 0.00989651
3.2101 0 0.00989625
3.2201 0 0.00989594
3.2301 0 0.00989432
3.24014 0 0.0098574
3.2501 0 0.00989427
3.2601 0 0.00989558
3.2701 0 0.00989313
3.2801 0 0.00989464
3.2901 0 0.00989651
3.3001 0 0.00989636
3.3101 0 0.00989703
3.3201 0 0.00989625
3.3301 0 0.00989651
3.3401 0 0.00989651
3.35014 0 0.00985833
3.3601 0 0.00989375
3.3701 0 0.00989589
3.3801 0 0.0098961
3.3901 0 0.00989646
3.4001 0 0.00989391
3.4101 0 0.00989516
3.4201 0 0.00989584
3.4301 0 0.00989636
3.4401 0 0.00989386
3.45014 0 0.00985729
3.4601 0 0.00989427
3.4701 0 0.00989584
3.4801 0 0.00989656
3.4901 0 0.00989672
3.5001 0 0.00989599
3.5101 0 0.0098963
3.5201 0 0.00989656
3.5301 0 0.00989656
3.5401 0 0.00989589
3.5501 0 0.0098961
3.5601 0 0.00989552
3.5701 0 0.0098963
3.5801 0 0.00989433
3.5901 0 0.00989636
3.6001 0 0.00989656
3.6101 0 0.00989703
3.6201 0 0.00989682
3.6301 0 0.0098962
3.6401 0 0.00989677
3.6501 0 0.00989412
3.66014 0 0.00985698
3.6701 0 0.00989354
3.6801 0 0.00989568
3.6901 0 0.00989646
3.7001 0 0.00989615
3.7101 0 0.00989641
3.7201 0 0.0098961
3.7301 0 0.00989719
3.7401 0 0.00989682
3.7501 0 0.00989662
3.7601 0 0.00989688
3.77014 0 0.00985781
3.7801 0 0.0098938
3.7901 0 0.00989537
3.8001 0 0.00989646
3.8101 0 0.00989599
3.8201 0 0.00989625
3.83011 0 0.00989235
3.8401 0 0.00989505
3.8501 0 0.00989599
3.8601 0 0.00989328
3.87014 0 0.0098563
3.8801 0 0.00989354
3.8901 0 0.00989558
3.9001 0 0.00989391
3.9101 0 0.00989479
3.9201 0 0.00989573
3.9301 0 0.00989615
3.9401 0 0.00989651
3.9501 0 0.00989651
3.9601 0 0.00989552
3.9701 0 0.00989651
3.98014 0 0.00985698
3.9901 0 0.0098936
4.0001 0 0.00989521
4.0101 0 0.00989662
4.0201 0 0.00989641
4.0301 0 0.00989604
4.0401 0 0.00989641
4.0501 0 0.00989599
4.0601 0 0.00989641
4.0701 0 0.00989401
4.08014 0 0.00985724
4.0901 0 0.00989365
4.1001 0 0.00989558
4.1101 0 0.00989594
4.1201 0 0.0098961
4.1301 0 0.00989625
4.1401 0 0.0098962
4.1501 0 0.00989406
4.1601 0 0.00989558
4.1701 0 0.00989531
4.1801 0 0.00989641
4.1901 0 0.0098962
4.2001 0 0.0098963
4.2101 0 0.00989677
4.2201 0 0.0098962
4.2301 0 0.00989615
4.2401 0 0.00989656
4.2501 0 0.00989651
4.2601 0 0.00989662
4.2701 0 0.00989651
4.2801 0 0.00989417
4.29014 0 0.00985615
4.3001 0 0.00989406
4.31011 0 0.00989235
4.3201 0 0.00989417
4.3301 0 0.00989578
4.3401 0 0.0098962
4.3501 0 0.00989625
4.3601 0 0.00989599
4.3701 0 0.0098961
4.3801 0 0.00989662
4.3901 0 0.00989599
4.4001 0 0.00989438
4.4101 0 0.00989485
4.4201 0 0.0098962
4.4301 0 0.00989667
4.4401 0 0.00989625
4.4501 0 0.00989662
4.4601 0 0.00989662
4.4701 0 0.00989594
4.4801 0 0.00989625
4.4901 0 0.0098938
4.50014 0 0.00985412
4.5101 0 0.00989386
4.5201 0 0.00989552
4.5301 0 0.00989662
4.5401 0 0.00989625
4.5501 0 0.0098963
4.5601 0 0.00989584
4.5701 0 0.00989646
4.5801 0 0.00989636
4.5901 0 0.00989688
4.6001 0 0.00989636
4.61014 0 0.00985818
4.6201 0 0.00989391
4.6301 0 0.00989558
4.6401 0 0.00989604
4.6501 0 0.00989427
4.6601 0 0.009895
4.6701 0 0.00989615
4.6801 0 0.00989646
4.6901 0 0.0098961
4.7001 0 0.0098936
4.71014 0 0.00985698
4.7201 0 0.00989417
4.7301 0 0.00989599
4.7401 0 0.00989677
4.7501 0 0.00989677
4.7601 0 0.00989641
4.7701 0 0.00989719
4.7801 0 0.00989682
4.7901 0 0.00989667
4.8001 0 0.00989636
4.8101 0 0.00989641
4.82014 0 0.00985813
4.8301 0 0.00989386
4.8401 0 0.00989558
4.8501 0 0.00989568
4.8601 0 0.00989505
4.8701 0 0.00989662
4.8801 0 0.00989646
4.8901 0 0.0098962
4.9001 0 0.00990063
4.9101 0 0.00989365
4.92014 0 0.00985776
4.9301 0 0.00989396
4.9401 0 0.00989615
4.9501 0 0.00989615
4.9601 0 0.00989667
4.9701 0 0.00989589
4.9801 0 0.00989589
4.9901 0 0.00989656
5.0001 0 0.00989615
5.0101 0 0.00989625
5.0201 0 0.0098963
5.03014 0 0.00985808
5.0401 0 0.00989417
5.0501 0 0.00989542
5.0601 0 0.00989641
5.0701 0 0.00989641
5.0801 0 0.00989615
5.0901 0 0.00989672
5.1001 0 0.00989714
5.1101 0 0.00989651
5.1201 0 0.00989407
5.13014 0 0.00985682
5.1401 0 0.00989433
5.1501 0 0.00989386
5.1601 0 0.00989552
5.1701 0 0.00989641
5.1801 0 0.0098962
5.1901 0 0.0098962
5.2001 0 0.00989636
5.2101 0 0.0098963
5.2201 0 0.0098961
5.2301 0 0.00989604
5.24014 0 0.00985808
5.2501 0 0.00989344
5.2601 0 0.00989573
5.2701 0 0.00989615
5.2801 0 0.00989641
5.2901 0 0.00989625
5.3001 0 0.0098961
5.3101 0 0.00989656
5.3201 0 0.0098963
5.3301 0 0.00989339
5.34014 0 0.00985693
5.35011 0 0.00989235
5.3601 0 0.00989521
5.3701 0 0.0098961
5.3801 0 0.0098963
5.3901 0 0.00989651
5.4001 0 0.00989464
5.4101 0 0.0098949
5.4201 0 0.0098963
5.4301 0 0.00989594
5.4401 0 0.0098962
5.45014 0 0.00985474
5.4601 0 0.00989422
5.4701 0 0.00989521
5.4801 0 0.00989625
5.4901 0 0.00989651
5.5001 0 0.0098962
5.5101 0 0.00989662
5.5201 0 0.00989656
5.5301 0 0.00989672
5.5401 0 0.00989438
5.55014 0 0.00985719
5.5601 0 0.00989375
5.5701 0 0.00989537
5.5801 0 0.00989677
5.5901 0 0.00989657
5.6001 0 0.0098961
5.6101 0 0.00989688
5.6201 0 0.0098963
5.6301 0 0.00989656
5.6401 0 0.00989604
5.6501 0 0.00989422
5.66014 0 0.00985756
5.6701 0 0.00989349
5.6801 0 0.00989537
5.6901 0 0.00989568
5.7001 0 0.00989656
5.7101 0 0.00989563
5.7201 0 0.00989552
5.7301 0 0.0098961
5.7401 0 0.0098963
5.7501 0 0.0098936
5.76014 0 0.00985677
5.7701 0 0.00989417
5.7801 0 0.00989526
5.7901 0 0.0098963
5.8001 0 0.00989667
5.8101 0 0.00989651
5.8201 0 0.00989672
5.8301 0 0.00989636
5.8401 0 0.00989625
5.8501 0 0.00989662
5.8601 0 0.00989709
5.87014 0 0.00985792
5.8801 0 0.00989401
5.8901 0 0.00989568
5.9001 0 0.00989985
5.9101 0 0.0098925
5.9201 0 0.0098937
5.9301 0 0.00989662
5.9401 0 0.00989714
5.9501 0 0.00989662
5.9601 0 0.00989354
5.97014 0 0.00985604
5.9801 0 0.00989349
5.9901 0 0.00989558
6.0001 0 0.00989656
6.0101 0 0.0098961
6.0201 0 0.00989651
6.0301 0 0.00989646
6.0401 0 0.00989641
6.0501 0 0.00989646
6.0601 0 0.00989656
6.0701 0 0.00989625
6.08014 0 0.00985808
6.0901 0 0.0098936
6.1001 0 0.00989568
6.1101 0 0.00989636
6.1201 0 0.00989683
6.1301 0 0.00989641
6.1401 0 0.00989427
6.1501 0 0.00989344
6.1601 0 0.00989552
6.1701 0 0.00989365
6.18014 0 0.00985693
6.1901 0 0.00989427
6.2001 0 0.00989547
6.2101 0 0.00989589
6.2201 0 0.00989656
6.2301 0 0.00989563
6.2401 0 0.00989672
6.2501 0 0.00989636
6.2601 0 0.00989615
6.2701 0 0.00989615
6.2801 0 0.00989636
6.29014 0 0.00985844
6.3001 0 0.00989375
6.3101 0 0.00989542
6.3201 0 0.0098962
6.3301 0 0.00989656
6.3401 0 0.00989594
6.3501 0 0.00989589
6.3601 0 0.00989662
6.3701 0 0.00989651
6.3801 0 0.00989985
6.39014 0 0.00986151
6.40011 0 0.0098924
6.4101 0 0.00989542
6.4201 0 0.00989641
6.4301 0 0.00989625
6.4401 0 0.00989615
6.4501 0 0.0098963
6.4601 0 0.00989677
6.4701 0 0.00989641
6.4801 0 0.00989651
6.4901 0 0.00989641
6.50014 0 0.00985615
6.5101 0 0.00989354
6.5201 0 0.00989552
6.5301 0 0.0098961
6.5401 0 0.00989698
6.5501 0 0.0098962
6.5601 0 0.00989651
6.5701 0 0.00989651
6.5801 0 0.00989636
6.5901 0 0.00989407
6.60014 0 0.00985761
6.6101 0 0.00989365
6.6201 0 0.00989599
6.6301 0 0.00989667
6.6401 0 0.00989615
6.6501 0 0.00989474
6.6601 0 0.00989641
6.6701 0 0.00989745
6.6801 0 0.0098974
6.6901 0 0.0098975
6.7001 0 0.00989532
6.71014 0 0.00985782
6.7201 0 0.00989355
6.7301 0 0.00989599
6.7401 0 0.00989709
6.7501 0 0.00989698
6.7601 0 0.00989625
6.7701 0 0.00989636
6.7801 0 0.00989667
6.7901 0 0.00989656
6.8001 0 0.00989391
6.81014 0 0.00985656
6.8201 0 0.00989412
6.8301 0 0.00989573
6.8401 0 0.00989599
6.8501 0 0.00989636
6.8601 0 0.00989636
6.8701 0 0.00989641
6.8801 0 0.00989688
6.8901 0 0.0098962
6.9001 0 0.00989505
6.9101 0 0.00989578
6.92014 0 0.00985714
6.9301 0 0.00989438
6.9401 0 0.00989573
6.9501 0 0.0098963
6.9601 0 0.00989662
6.9701 0 0.00989604
6.9801 0 0.00989641
6.9901 0 0.00989646
7.0001 0 0.00989615
7.01011 0 0.00988953
7.02014 0 0.00985761
7.0301 0 0.00989365
7.0401 0 0.00989636
7.0501 0 0.00989677
7.0601 0 0.00989662
7.0701 0 0.00989594
7.0801 0 0.00989693
7.0901 0 0.00989605
7.1001 0 0.00989714
7.1101 0 0.00989625
7.1201 0 0.00989558
7.13014 0 0.00985855
7.1401 0 0.00989401
7.1501 0 0.00989443
7.1601 0 0.00989558
7.1701 0 0.00989636
7.1801 0 0.00989636
7.1901 0 0.00989646
7.2001 0 0.00989709
7.2101 0 0.0098963
7.2201 0 0.00989391
7.23014 0 0.00985761
7.2401 0 0.00989443
7.2501 0 0.00989594
7.2601 0 0.00989657
7.2701 0 0.00989662
7.2801 0 0.00989625
7.2901 0 0.00989683
7.3001 0 0.00989646
7.3101 0 0.00989636
7.3201 0 0.00989641
7.3301 0 0.00989667
7.34014 0 0.00985802
7.3501 0 0.00989438
7.3601 0 0.0098961
7.3701 0 0.0098962
7.3801 0 0.0098962
7.3901 0 0.00989573
7.4001 0 0.00989438
7.4101 0 0.00989505
7.4201 0 0.00989427
7.4301 0 0.00989271
7.44014 0 0.00985636
7.4501 0 0.00989443
7.4601 0 0.00989615
7.4701 0 0.00989693
7.4801 0 0.00989672
7.4901 0 0.00989646
7.5001 0 0.00989662
7.5101 0 0.00989672
7.5201 0 0.00989563
7.5301 0 0.00989589
7.5401 0 0.00989709
7.55014 0 0.00985865
7.5601 0 0.00989459
7.5701 0 0.0098962
7.5801 0 0.00989662
7.5901 0 0.00989672
7.6001 0 0.00989641
7.6101 0 0.00989693
7.6201 0 0.00989636
7.6301 0 0.00989667
7.6401 0 0.00989917
7.65014 0 0.00985547
7.6601 0 0.00989407
7.6701 0 0.00989521
7.6801 0 0.0098962
7.6901 0 0.00989672
7.7001 0 0.00989599
7.7101 0 0.00989672
7.7201 0 0.00989672
7.7301 0 0.00989646
7.7401 0 0.00989615
7.7501 0 0.00989662
7.76014 0 0.0098588
7.7701 0 0.00989448
7.7801 0 0.00989599
7.7901 0 0.0098963
7.8001 0 0.00989667
7.8101 0 0.00989615
7.8201 0 0.00989756
7.8301 0 0.00989651
7.8401 0 0.00989651
7.8501 0 0.00989407
7.86014 0 0.00985756
7.8701 0 0.00989417
7.8801 0 0.00989599
7.8901 0 0.00989625
7.9001 0 0.00989526
7.9101 0 0.00989521
7.9201 0 0.00989636
7.9301 0 0.00989704
7.9401 0 0.00989704
7.9501 0 0.00989641
7.9601 0 0.0098962
7.97014 0 0.00985854
7.9801 0 0.00989396
7.9901 0 0.00989334
8.0001 0 0.00989511
8.0101 0 0.00989615
8.0201 0 0.00989641
8.0301 0 0.00989641
8.0401 0 0.00989651
8.0501 0 0.00989662
8.0601 0 0.00989448
8.07014 0 0.00985735
8.0801 0 0.00989485
8.0901 0 0.00989579
8.1001 0 0.0098961
8.1101 0 0.00989688
8.1201 0 0.00989641
8.1301 0 0.00989667
8.1401 0 0.00989636
8.1501 0 0.00989464
8.1601 0 0.00989485
8.1701 0 0.00989636
8.18014 0 0.00985709
8.1901 0 0.0098937
8.2001 0 0.00989599
8.2101 0 0.00989599
8.2201 0 0.00989636
8.2301 0 0.00989604
8.2401 0 0.00989631
8.2501 0 0.00989604
8.2601 0 0.00989636
8.2701 0 0.00989344
8.28014 0 0.00985771
8.2901 0 0.00989438
8.3001 0 0.0098961
8.3101 0 0.00989594
8.3201 0 0.00989688
8.3301 0 0.00989526
8.3401 0 0.00989615
8.3501 0 0.0098962
8.3601 0 0.00989625
8.3701 0 0.00989615
8.3801 0 0.00989657
8.3901 0 0.00989631
8.4001 0 0.00989422
8.4101 0 0.00989453
8.4201 0 0.00989552
8.4301 0 0.00989594
8.4401 0 0.00989646
8.4501 0 0.00989558
8.4601 0 0.00989584
8.4701 0 0.00989901
8.4801 0 0.00989271
8.49014 0 0.00985724
8.5001 0 0.00989386
8.5101 0 0.00989589
8.5201 0 0.00989677
8.5301 0 0.00989709
8.5401 0 0.00989677
8.5501 0 0.00989677
8.5601 0 0.00989667
8.5701 0 0.00989683
8.5801 0 0.00989579
8.5901 0 0.0098961
8.60014 0 0.00985771
8.6101 0 0.00989349
8.6201 0 0.00989579
8.6301 0 0.00989579
8.6401 0 0.00989657
8.6501 0 0.00989407
8.6601 0 0.00989532
8.6701 0 0.00989631
8.6801 0 0.00989615
8.6901 0 0.00989459
8.70014 0 0.00985521
8.7101 0 0.0098936
8.7201 0 0.00989631
8.7301 0 0.00989641
8.7401 0 0.00989599
8.7501 0 0.00989641
8.7601 0 0.00989704
8.7701 0 0.00989724
8.7801 0 0.00989672
8.7901 0 0.00989615
8.8001 0 0.00989651
8.8101 0 0.00989693
8.8201 0 0.00989631
8.8301 0 0.00989657
8.8401 0 0.00989599
8.8501 0 0.00989672
8.8601 0 0.00989558
8.8701 0 0.00989636
8.8801 0 0.00989678
8.8901 0 0.00989631
8.9001 0 0.00989422
8.91014 0 0.00985719
8.9201 0 0.00989355
8.9301 0 0.00989568
8.9401 0 0.00989636
8.9501 0 0.00989651
8.9601 0 0.00989584
8.9701 0 0.00989704
8.9801 0 0.00989657
8.9901 0 0.00989662
9.0001 0 0.00989401
9.01015 0 0.00985219
9.02011 0 0.00989266
9.0301 0 0.00989584
9.0401 0 0.00989386
9.0501 0 0.00989579
9.0601 0 0.00989573
9.0701 0 0.00989641
9.0801 0 0.00989678
9.0901 0 0.0098961
9.1001 0 0.00989537
9.11016 0 0.00983855
9.12011 0 0.00989042
9.1301 0 0.00989464
9.1401 0 0.00989506
9.1501 0 0.00989302
9.1601 0 0.00989292
9.1701 0 0.00989605
9.1801 0 0.0098961
9.1901 0 0.00989646
9.2001 0 0.00989516
9.2101 0 0.00989625
9.22014 0 0.00985672
9.2301 0 0.00989375
9.2401 0 0.0098948
9.2501 0 0.00989589
9.2601 0 0.00989605
9.2701 0 0.00989631
9.2801 0 0.00989553
9.29011 0 0.00989271
9.3001 0 0.00989651
9.3101 0 0.00989532
9.32014 0 0.00985448
9.3301 0 0.00989287
9.3401 0 0.00989594
9.3501 0 0.00989579
9.3601 0 0.00989625
9.3701 0 0.00989657
9.3801 0 0.00989688
9.3901 0 0.00989672
9.4001 0 0.00989448
9.4101 0 0.009895
9.4201 0 0.00989672
9.4301 0 0.00989526
9.4401 0 0.00989651
9.4501 0 0.00989615
9.4601 0 0.00989636
9.4701 0 0.00989641
9.4801 0 0.00989532
9.4901 0 0.00989594
9.5001 0 0.00989646
9.51011 0 0.00989172
9.5201 0 0.00989469
9.5301 0 0.00989292
9.5401 0 0.00989469
9.5501 0 0.00989651
9.5601 0 0.00989537
9.5701 0 0.00989526
9.5801 0 0.00989605
9.5901 0 0.00989651
9.6001 0 0.00989631
9.6101 0 0.00989646
9.6201 0 0.00989704
9.63014 0 0.00985641
9.6401 0 0.00989328
9.6501 0 0.00989323
9.6601 0 0.009895
9.6701 0 0.0098962
9.6801 0 0.00989568
9.6901 0 0.00989693
9.7001 0 0.00989683
9.7101 0 0.00989667
9.7201 0 0.00989625
9.73014 0 0.00985834
9.7401 0 0.00989339
9.7501 0 0.00989516
9.7601 0 0.00989631
9.7701 0 0.00989631
9.7801 0 0.00989526
9.7901 0 0.00989662
9.8001 0 0.00989651
9.8101 0 0.00989662
9.8201 0 0.00989615
9.83014 0 0.00985724
9.8401 0 0.00989417
9.8501 0 0.00989605
9.8601 0 0.00989693
9.8701 0 0.00989667
9.8801 0 0.00989605
9.8901 0 0.00989631
9.9001 0 0.00989459
9.9101 0 0.00989547
9.9201 0 0.0098962
9.9301 0 0.00989651
9.94014 0 0.00985818
9.9501 0 0.00989318
9.9601 0 0.00989511
9.9701 0 0.00989568
9.9801 0 0.00989474
9.9901 0 0.00989594
10.0001 0 0.00989625
10.0101 0 0.00989672
10.0201 0 0.00989662
10.0301 0 0.00989704
10.0401 0 0.00985839
10.0501 0 0.00989355
10.0601 0 0.00989573
10.0701 0 0.00988855
10.0801 0 0.00989386
10.0901 0 0.00989511
10.1001 0 0.00989672
10.1101 0 0.00989652
10.1201 0 0.00989651
10.1301 0 0.0098962
10.1401 0 0.00985615
10.1501 0 0.00989011
10.1601 0 0.0098849
10.1701 0 0.00988959
10.1801 0 0.00989516
10.1901 0 0.00989584
10.2001 0 0.00989594
10.2101 0 0.00989589
10.2201 0 0.00989563
10.2301 0 0.00989579
