3.021e-06 -0.0195408 0.0969203
0.100249 -0.0195408 0.0969505
0.200117 -0.0195408 0.0969553
0.300109 -0.0195408 0.0969522
0.400117 -0.0195408 0.0969079
0.50011 -0.0195408 0.0969646
0.600115 -0.0195408 0.0969561
0.700107 -0.0195408 0.0969583
0.800114 -0.0195408 0.0969589
0.900109 -0.0195408 0.0969595
1.00015 -0.0195408 0.0969596
1.10011 -0.0195408 0.0969594
1.20011 -0.0195408 0.0969158
1.30011 -0.0195408 0.0969196
1.40011 -0.0195408 0.0969595
1.50011 -0.0195408 0.0969595
1.60016 -0.0195408 0.0969534
1.70011 -0.0195408 0.0969151
1.80012 -0.0195408 0.0969185
1.90011 -0.0195408 0.0969593
2.00011 -0.0195408 0.0969599
2.10015 -0.0195408 0.0969593
2.20015 -0.0195408 0.0969577
2.30011 -0.0195408 0.0969582
2.40011 -0.0195408 0.0969594
2.50011 -0.0195408 0.0969185
2.60011 -0.0195408 0.0969263
2.70011 -0.0195408 0.0969181
2.80011 -0.0195408 0.0969599
2.90011 -0.0195408 0.0969595
3.00015 -0.0195408 0.0969595
3.10011 -0.0195408 0.0969293
3.20011 -0.0195408 0.0969199
3.30011 -0.0195408 0.096917
3.40011 -0.0195408 0.0969184
3.50011 -0.0195408 0.0969182
3.60011 -0.0195408 0.0969596
3.70011 -0.0195408 0.0969583
3.80011 -0.0195408 0.0969598
3.90011 -0.0195408 0.0969598
4.00015 -0.0195408 0.0969596
4.10011 -0.0195408 0.0969413
4.20011 -0.0195408 0.0969145
4.30011 -0.0195408 0.0969593
4.40011 -0.0195408 0.0969582
4.50011 -0.0195408 0.0969603
4.60015 -0.0097704 0.0969592
4.70011 -0.0195408 0.0969268
4.80011 -0.0195408 0.0969208
4.90011 -0.0195408 0.0969592
5.00011 -0.0195408 0.0969595
5.10015 -0.0195408 0.0969594
5.20015 -0.0195408 0.0969594
5.30011 -0.0195408 0.0969206
5.40011 -0.0195408 0.0969172
5.50011 -0.0195408 0.0969598
5.60011 -0.0195408 0.096959
5.70015 -0.0195408 0.0969593
5.80014 -0.0195408 0.0969587
5.90011 -0.0195408 0.09696
6.00011 -0.0195408 0.0969183
6.10011 -0.0195408 0.0969607
6.20011 -0.0195408 0.0969592
6.30015 -0.0195408 0.09696
6.40011 -0.0195408 0.0969151
6.50011 -0.0195408 0.0969593
6.60011 -0.0195408 0.0969482
6.70017 -0.0195408 0.0969575
6.80016 -0.0195408 0.0969645
6.90011 -0.0195408 0.0969579
7.00012 -0.0195408 0.0969598
7.10011 -0.0195408 0.0969579
7.20011 -0.0195408 0.096916
7.30011 -0.0195408 0.0969183
7.40011 -0.0195408 0.0969596
7.50011 -0.0195408 0.0969595
7.60011 -0.0195408 0.0969594
7.70015 -0.0195408 0.0969577
7.80015 -0.0195408 0.0969593
7.90011 -0.0195408 0.0969576
8.00011 -0.0195408 0.09692
8.10011 -0.0195408 0.096959
8.20011 -0.0195408 0.096959
8.30011 -0.0195408 0.0969591
8.40011 -0.0195408 0.096957
8.50015 -0.0195408 0.0969584
8.60015 -0.0195408 0.0969545
8.70011 -0.0195408 0.0969567
8.80011 -0.0195408 0.0969204
8.90011 -0.0195408 0.0969667
9.00011 -0.0195408 0.096957
9.10015 -0.0195408 0.0969595
9.20015 -0.0195408 0.096958
9.30011 -0.0195408 0.0969595
9.40011 -0.0195408 0.096946
9.50011 -0.0195408 0.0969189
9.60011 -0.0195408 0.0969597
9.70011 -0.0195408 0.0969594
9.80011 -0.0195408 0.0969588
9.90011 -0.0195408 0.0969586
10.0002 -0.0195408 0.0969587
10.1001 -0.0195408 0.0969594
10.2001 -0.0195408 0.096953
10.3001 -0.0195408 0.0969206
10.4001 -0.0195408 0.0969141
10.5001 -0.0195408 0.0969587
10.6001 -0.0195408 0.09694
10.7002 -0.0195408 0.0969594
10.8002 -0.0195408 0.096958
10.9001 -0.0195408 0.0969584
11.0001 -0.0195408 0.0969251
11.1001 -0.0195408 0.0969184
11.2001 -0.0195408 0.0969603
11.3001 -0.0195408 0.096959
11.4001 -0.0195408 0.0969603
11.5001 -0.0195408 0.0969591
11.6001 -0.0195408 0.0969203
11.7001 -0.0195408 0.0969184
11.8001 -0.0195408 0.0969198
11.9001 -0.0195408 0.0969195
12.0001 -0.0195408 0.0969189
12.1001 -0.0195408 0.0969599
12.2001 -0.0195408 0.0969599
12.3001 -0.0195408 0.0969594
12.4001 -0.0195408 0.0969597
12.5001 -0.0195408 0.0969604
12.6002 -0.0195408 0.0969582
12.7001 -0.0195408 0.0969594
12.8001 -0.0195408 0.0969191
12.9001 -0.0195408 0.0969612
13.0002 -0.0195408 0.0969593
13.1001 -0.0195408 0.0969661
13.2001 -0.0195408 0.0969188
13.3001 -0.0195408 0.0969212
13.4001 -0.0195408 0.09696
13.5001 -0.0195408 0.0969593
13.6002 -0.0195408 0.0969608
13.7001 -0.0195408 0.0969185
13.8001 -0.0195408 0.0969212
13.9001 -0.0195408 0.0969598
14.0001 -0.0195408 0.0969582
14.1001 -0.0195408 0.0969403
14.2002 -0.0195408 0.0969579
14.3001 -0.0195408 0.0969182
14.4001 -0.0195408 0.09696
14.5001 -0.0195408 0.0969594
14.6002 -0.0195408 0.0969599
14.7001 -0.0195408 0.0969572
14.8001 -0.0195408 0.0969188
14.9001 -0.0195408 0.0969598
15.0001 -0.0195408 0.0969603
15.1001 -0.0195408 0.0969527
15.2002 -0.0195408 0.0969662
15.3001 -0.0195408 0.09696
15.4001 -0.0195408 0.0969597
15.5001 -0.0195408 0.0969594
15.6001 -0.0195408 0.0969197
15.7001 -0.0195408 0.0969192
15.8001 -0.0195408 0.0969213
15.9001 -0.0195408 0.0969587
16.0001 -0.0195408 0.0969566
16.1001 -0.0195408 0.0969578
16.2001 -0.0195408 0.0969582
16.3001 -0.0195408 0.0969589
16.4001 -0.0195408 0.0969582
16.5001 -0.0195408 0.0969596
16.6002 -0.0195408 0.0969589
16.7001 -0.0195408 0.0969197
16.8001 -0.0195408 0.0969202
16.9001 -0.0195408 0.0969597
17.0001 -0.0195408 0.0969595
17.1001 -0.0195408 0.0969587
17.2002 -0.0195408 0.0969585
17.3001 -0.0195408 0.0969281
17.4001 -0.0195408 0.0969207
17.5001 -0.0195408 0.09696
17.6001 -0.0195408 0.0969599
17.7001 -0.0195408 0.0969599
17.8001 -0.0195408 0.0969593
17.9001 -0.0195408 0.0969589
18.0001 -0.0195408 0.0969588
18.1001 -0.0195408 0.0969589
18.2002 -0.0195408 0.0969587
18.3001 -0.0195408 0.09692
18.4001 -0.0195408 0.0969182
18.5001 -0.0195408 0.09696
18.6001 -0.0195408 0.0969563
18.7001 -0.0195408 0.0969592
18.8001 -0.0195408 0.096958
18.9001 -0.0195408 0.0969153
19.0001 -0.0195408 0.0969591
19.1001 -0.0195408 0.0969603
19.2001 -0.0195408 0.0969187
19.3001 -0.0195408 0.0969194
19.4001 -0.0195408 0.096964
19.5001 -0.0195408 0.096961
19.6002 -0.0195408 0.0969593
19.7001 -0.0195408 0.0969597
19.8001 -0.0195408 0.0969584
19.9001 -0.0195408 0.0969575
20.0001 -0.0195408 0.0969193
20.1001 -0.0195408 0.09696
20.2001 -0.0195408 0.0969594
20.3001 -0.0195408 0.096959
20.4001 -0.0195408 0.0969593
20.5001 -0.0195408 0.0969594
20.6002 -0.0195408 0.0969593
20.7001 -0.0195408 0.096959
20.8001 -0.0195408 0.0969572
20.9001 -0.0195408 0.0969189
21.0001 -0.0195408 0.0968472
21.1001 -0.0195408 0.0969535
21.2001 -0.0195408 0.0969559
21.3001 -0.0195408 0.0969559
21.4002 -0.0195408 0.0969581
21.5001 -0.0195408 0.0969169
21.6001 -0.0195408 0.0969578
21.7001 -0.0195408 0.0969585
21.8001 -0.0195408 0.0969626
21.9001 -0.0195408 0.096955
22.0001 -0.0195408 0.0969586
22.1001 -0.0195408 0.096956
22.2002 -0.0195408 0.0969579
22.3001 -0.0195408 0.096915
22.4001 -0.0195408 0.0969582
22.5001 -0.0195408 0.0969581
22.6002 -0.0195408 0.0969537
22.7001 -0.0195408 0.0969538
22.8001 -0.0195408 0.0969189
22.9001 -0.0195408 0.0969156
23.0001 -0.0195408 0.0969584
23.1001 -0.0195408 0.0969559
23.2001 -0.0195408 0.0969589
23.3001 -0.0195408 0.0969537
23.4001 -0.0195408 0.0969565
23.5001 -0.0195408 0.0969546
23.6001 -0.0195408 0.0969213
23.7001 -0.0195408 0.0969214
23.8001 -0.0195408 0.0969192
23.9001 -0.0195408 0.0969202
24.0001 -0.0195408 0.0969598
24.1001 -0.0195408 0.0969583
24.2002 -0.0195408 0.0969591
24.3001 -0.0195408 0.0969538
24.4001 -0.0195408 0.0969156
24.5001 -0.0195408 0.0969194
24.6001 -0.0195408 0.0969565
24.7001 -0.0195408 0.0969581
24.8002 -0.0195408 0.0969556
24.9001 -0.0195408 0.0969526
25.0001 -0.0195408 0.096918
25.1001 -0.0195408 0.0969167
25.2001 -0.0195408 0.0969583
25.3001 -0.0195408 0.0969566
25.4001 -0.0195408 0.0969593
25.5001 -0.0195408 0.0969536
25.6001 -0.0195408 0.0969584
25.7001 -0.0195408 0.0969168
25.8001 -0.0195408 0.0969136
25.9001 -0.0195408 0.0969145
26.0001 -0.0195408 0.0969547
26.1002 -0.0195408 0.0969539
26.2002 -0.0195408 0.096959
26.3001 -0.0195408 0.0969577
26.4001 -0.0195408 0.0969189
26.5001 -0.0195408 0.09692
26.6001 -0.0195408 0.0969586
26.7001 -0.0195408 0.0969583
26.8001 -0.0195408 0.096952
26.9001 -0.0195408 0.0969547
27.0001 -0.0195408 0.0969556
27.1001 -0.0195408 0.096955
27.2001 -0.0195408 0.0969121
27.3001 -0.0195408 0.0969556
27.4001 -0.0195408 0.0969569
27.5001 -0.0195408 0.0969583
27.6001 -0.0195408 0.096955
27.7001 -0.0195408 0.0969167
27.8001 -0.0195408 0.0969581
27.9001 -0.0195408 0.0969579
28.0001 -0.0195408 0.0969582
28.1001 -0.0195408 0.0969548
28.2002 -0.0195408 0.0969626
28.3001 -0.0195408 0.0969537
28.4001 -0.0195408 0.0969556
28.5001 -0.0195408 0.0969163
28.6001 -0.0195408 0.0969592
28.7001 -0.0195408 0.0969589
28.8001 -0.0195408 0.0969572
28.9001 -0.0195408 0.0969546
29.0002 -0.0195408 0.0969546
29.1001 -0.0195408 0.0969151
29.2001 -0.0195408 0.0969591
29.3001 -0.0195408 0.0969299
29.4002 -0.0195408 0.0969522
29.5001 -0.0195408 0.0969439
29.6001 -0.0195408 0.0969136
29.7001 -0.0195408 0.0969094
29.8001 -0.0195408 0.0969559
29.9001 -0.0195408 0.0969602
30.0001 -0.0195408 0.0969567
30.1001 -0.0195408 0.0969547
30.2002 -0.0195408 0.0969579
30.3001 -0.0195408 0.0969535
30.4001 -0.0195408 0.0969154
30.5001 -0.0195408 0.0969202
30.6001 -0.0195408 0.0969578
30.7001 -0.0195408 0.0969589
30.8001 -0.0195408 0.0969531
30.9001 -0.0195408 0.0969532
31.0001 -0.0195408 0.0969571
31.1001 -0.0195408 0.0969545
31.2002 -0.0195408 0.096953
31.3001 -0.0195408 0.0969164
31.4001 -0.0195408 0.0969591
31.5001 -0.0195408 0.0969551
31.6002 -0.0195408 0.096955
31.7001 -0.0195408 0.0969536
31.8001 -0.0195408 0.0969529
31.9001 -0.0195408 0.0969207
32.0001 -0.0195408 0.0969592
32.1001 -0.0195408 0.0969577
32.2001 -0.0195408 0.096958
32.3001 -0.0195408 0.0969588
32.4001 -0.0195408 0.0969585
32.5001 -0.0195408 0.096956
32.6002 -0.0195408 0.0969588
32.7001 -0.0195408 0.0969582
32.8001 -0.0195408 0.0969581
32.9001 -0.0195408 0.0969181
33.0001 -0.0195408 0.0969573
33.1001 -0.0195408 0.0969566
33.2001 -0.0195408 0.0969531
33.3001 -0.0195408 0.0969546
33.4001 -0.0195408 0.0969533
33.5001 -0.0195408 0.0969543
33.6002 -0.0195408 0.0969582
33.7001 -0.0195408 0.0969152
33.8001 -0.0097704 0.0969574
33.9001 -0.0195408 0.0969586
34.0002 -0.0195408 0.0969586
34.1001 -0.0195408 0.0969382
34.2001 -0.0195408 0.0969054
34.3001 -0.0195408 0.0969124
34.4001 -0.0195408 0.0969073
34.5001 -0.0195408 0.0969143
34.6001 -0.0195408 0.0969533
34.7001 -0.0195408 0.0969558
34.8001 -0.0195408 0.0969581
34.9001 -0.0195408 0.0969566
35.0002 -0.0195408 0.096958
35.1001 -0.0195408 0.0969548
35.2001 -0.0195408 0.0969564
35.3001 -0.0195408 0.0969151
35.4001 -0.0195408 0.0969565
35.5001 -0.0195408 0.0969577
35.6001 -0.0195408 0.0969589
35.7002 -0.0195408 0.0969536
35.8002 -0.0195408 0.0969584
35.9001 -0.0195408 0.096911
36.0001 -0.0195408 0.0969578
36.1001 -0.0195408 0.0969546
36.2002 -0.0195408 0.0969563
36.3001 -0.0195408 0.0969585
36.4001 -0.0195408 0.096917
36.5001 -0.0195408 0.0969151
36.6001 -0.0195408 0.0969545
36.7001 -0.0195408 0.0969199
36.8002 -0.0195408 0.0969588
36.9001 -0.0195408 0.0969533
37.0001 -0.0195408 0.0969161
37.1001 -0.0195408 0.0969181
37.2001 -0.0195408 0.0969587
37.3001 -0.0195408 0.096956
37.4001 -0.0195408 0.0969562
37.5001 -0.0195408 0.0969529
37.6001 -0.0195408 0.0969586
37.7001 -0.0195408 0.096956
37.8002 -0.0195408 0.0969562
37.9001 -0.0195408 0.0969561
38.0001 -0.0195408 0.0969189
38.1001 -0.0195408 0.0969186
38.2001 -0.0195408 0.0969578
38.3001 -0.0195408 0.0969532
38.4001 -0.0195408 0.0969533
38.5001 -0.0195408 0.0969565
38.6002 -0.0195408 0.0969583
38.7001 -0.0195408 0.0969582
38.8001 -0.0195408 0.0969581
38.9001 -0.0195408 0.0969153
39.0001 -0.0195408 0.0969585
39.1001 -0.0195408 0.0969535
39.2001 -0.0195408 0.0969534
39.3001 -0.0195408 0.0969574
39.4001 -0.0195408 0.0969538
39.5001 -0.0195408 0.0969198
39.6001 -0.0195408 0.0969565
39.7001 -0.0195408 0.0969589
39.8001 -0.0195408 0.0969541
39.9001 -0.0195408 0.0969561
40.0001 -0.0195408 0.0969573
40.1001 -0.0195408 0.096959
40.2001 -0.0195408 0.0969581
40.3001 -0.0195408 0.096958
40.4001 -0.0195408 0.096958
40.5001 -0.0195408 0.0969189
40.6001 -0.0195408 0.0969594
40.7001 -0.0195408 0.0969527
40.8001 -0.0195408 0.0969545
40.9001 -0.0195408 0.096956
41.0002 -0.0195408 0.0969596
41.1001 -0.0195408 0.0969547
41.2001 -0.0195408 0.0969522
41.3001 -0.0195408 0.0969153
41.4001 -0.0195408 0.0969581
41.5001 -0.0195408 0.096955
41.6001 -0.0195408 0.0969551
41.7001 -0.0195408 0.0969583
41.8002 -0.0195408 0.0969583
41.9001 -0.0195408 0.0969152
42.0001 -0.0195408 0.096958
42.1001 -0.0195408 0.0969581
42.2002 -0.0195408 0.0969592
42.3001 -0.0195408 0.096955
42.4001 -0.0195408 0.0969478
42.5001 -0.0195408 0.0969205
42.6001 -0.0195408 0.0969575
42.7001 -0.0195408 0.0969563
42.8001 -0.0195408 0.0969584
42.9001 -0.0195408 0.0969595
43.0001 -0.0195408 0.0969597
43.1001 -0.0195408 0.0969566
43.2001 -0.0195408 0.0969585
43.3001 -0.0195408 0.0969539
43.4001 -0.0195408 0.096953
43.5001 -0.0195408 0.0969533
43.6002 -0.0195408 0.0969545
43.7001 -0.0195408 0.0969531
43.8001 -0.0195408 0.0969147
43.9001 -0.0195408 0.0969169
44.0001 -0.0195408 0.0969541
44.1001 -0.0195408 0.0969562
44.2001 -0.0195408 0.0969594
44.3001 -0.0195408 0.0969569
44.4001 -0.0195408 0.0969589
44.5001 -0.0195408 0.096956
44.6001 -0.0195408 0.0969197
44.7001 -0.0195408 0.0969191
44.8001 -0.0195408 0.0969583
44.9001 -0.0195408 0.096954
45.0002 -0.0195408 0.0969585
45.1001 -0.0195408 0.0969536
45.2001 -0.0195408 0.0969186
45.3001 -0.0195408 0.0969183
45.4001 -0.0195408 0.096959
45.5001 -0.0195408 0.0969581
45.6001 -0.0195408 0.0969582
45.7001 -0.0195408 0.0969532
45.8001 -0.0195408 0.0969552
45.9001 -0.0195408 0.0969169
46.0001 -0.0195408 0.0969547
46.1001 -0.0195408 0.0969565
46.2002 -0.0195408 0.0969593
46.3001 -0.0195408 0.0969179
46.4001 -0.0195408 0.0969548
46.5001 -0.0195408 0.0969585
46.6002 -0.0195408 0.0969592
46.7001 -0.0195408 0.0969584
46.8001 -0.0195408 0.096916
46.9001 -0.0195408 0.0969192
47.0001 -0.0195408 0.0969596
47.1001 -0.0195408 0.0969228
47.2002 -0.0195408 0.0969581
47.3001 -0.0195408 0.0969187
47.4001 -0.0195408 0.0969587
47.5001 -0.0195408 0.096959
47.6002 -0.0195408 0.0969563
47.7001 -0.0195408 0.0969564
47.8001 -0.0195408 0.0969535
47.9001 -0.0195408 0.0969597
48.0001 -0.0195408 0.0969183
48.1001 -0.0195408 0.09692
48.2001 -0.0195408 0.0969503
48.3002 -0.0195408 0.096955
48.4001 -0.0195408 0.096915
48.5001 -0.0195408 0.0969157
48.6001 -0.0195408 0.0969157
48.7001 -0.0195408 0.096958
48.8001 -0.0195408 0.0969594
48.9001 -0.0195408 0.0969581
49.0001 -0.0195408 0.0969587
49.1001 -0.0195408 0.0969551
49.2002 -0.0195408 0.0969568
49.3001 -0.0195408 0.0969594
49.4001 -0.0195408 0.0969574
49.5001 -0.0195408 0.0969197
49.6001 -0.0195408 0.0969589
49.7001 -0.0195408 0.0969574
49.8001 -0.0195408 0.0969564
49.9001 -0.0195408 0.0969544
50.0001 -0.0195408 0.0969588
50.1001 -0.0195408 0.0969576
50.2002 -0.0195408 0.096956
50.3001 -0.0195408 0.0969157
50.4001 -0.0195408 0.0969589
50.5001 -0.0195408 0.0969582
50.6002 -0.0195408 0.0969582
50.7001 -0.0195408 0.0969562
50.8001 -0.0195408 0.0969194
50.9001 -0.0195408 0.0969186
51.0001 -0.0195408 0.0969563
51.1001 -0.0195408 0.0969558
51.2001 -0.0195408 0.0969546
51.3001 -0.0195408 0.0969153
51.4001 -0.0195408 0.0969542
51.5002 -0.0195408 0.0969579
51.6002 -0.0195408 0.0969583
51.7001 -0.0195408 0.096915
51.8001 -0.0195408 0.0969592
51.9001 -0.0195408 0.0969564
52.0001 -0.0195408 0.0969563
52.1001 -0.0195408 0.0969536
52.2002 -0.0195408 0.0969577
52.3001 -0.0195408 0.0969532
52.4001 -0.0195408 0.0969582
52.5001 -0.0195408 0.0969203
52.6001 -0.0195408 0.0969561
52.7001 -0.0195408 0.0969578
52.8001 -0.0195408 0.0969584
52.9001 -0.0195408 0.0969537
53.0002 -0.0195408 0.0969217
53.1001 -0.0195408 0.0969556
53.2001 -0.0195408 0.0969564
53.3001 -0.0195408 0.0969192
53.4001 -0.0195408 0.0969579
53.5001 -0.0195408 0.0969568
53.6002 -0.0195408 0.0969589
53.7001 -0.0195408 0.0969585
53.8001 -0.0195408 0.0969635
53.9001 -0.0195408 0.0969559
54.0001 -0.0195408 0.0969544
54.1001 -0.0195408 0.0969162
54.2001 -0.0195408 0.0969581
54.3001 -0.0195408 0.0969591
54.4001 -0.0195408 0.0969593
54.5001 -0.0195408 0.0969589
54.6002 -0.0195408 0.0969587
54.7001 -0.0195408 0.0969204
54.8001 -0.0195408 0.0969589
54.9001 -0.0195408 0.0969565
55.0002 -0.0195408 0.0969584
55.1001 -0.0195408 0.0969546
55.2001 -0.0195408 0.0969158
55.3001 -0.0195408 0.0969164
55.4001 -0.0195408 0.0969592
55.5001 -0.0195408 0.0969582
55.6002 -0.0195408 0.0969582
55.7001 -0.0195408 0.0969596
55.8001 -0.0195408 0.0969571
55.9001 -0.0195408 0.0969547
56.0001 -0.0195408 0.0969151
56.1001 -0.0195408 0.0969184
56.2001 -0.0195408 0.096955
56.3001 -0.0195408 0.0969584
56.4001 -0.0195408 0.0969581
56.5001 -0.0195408 0.0969574
56.6001 -0.0195408 0.0969569
56.7001 -0.0195408 0.096955
56.8002 -0.0195408 0.0969588
56.9001 -0.0195408 0.0969156
57.0001 -0.0195408 0.0969598
57.1001 -0.0195408 0.0969587
57.2002 -0.0195408 0.0969595
57.3001 -0.0195408 0.0969583
57.4001 -0.0195408 0.0969556
57.5001 -0.0195408 0.0969534
57.6001 -0.0195408 0.0969221
57.7001 -0.0195408 0.0969159
57.8001 -0.0195408 0.0969587
57.9001 -0.0195408 0.0969584
58.0002 -0.0195408 0.0969545
58.1001 -0.0195408 0.0969543
58.2001 -0.0195408 0.0969157
58.3001 -0.0195408 0.0969194
58.4001 -0.0195408 0.0969556
58.5001 -0.0195408 0.0969534
58.6002 -0.0195408 0.0969587
58.7001 -0.0195408 0.0969205
58.8001 -0.0195408 0.0969157
58.9001 -0.0195408 0.0969204
59.0001 -0.0195408 0.0969597
59.1001 -0.0195408 0.0969588
59.2002 -0.0195408 0.0969561
59.3001 -0.0195408 0.0969167
59.4001 -0.0195408 0.0969588
59.5001 -0.0195408 0.0969564
59.6001 -0.0195408 0.0969587
59.7001 -0.0195408 0.0969583
59.8002 -0.0195408 0.0969597
59.9001 -0.0195408 0.0969185
60.0001 -0.0195408 0.0969581
60.1001 -0.0195408 0.0969554
60.2002 -0.0195408 0.0969614
60.3001 -0.0195408 0.0969537
60.4001 -0.0195408 0.0968911
60.5001 -0.0195408 0.0969522
60.6001 -0.0195408 0.0969574
60.7002 -0.0195408 0.0969547
60.8002 -0.0195408 0.0969549
60.9001 -0.0195408 0.0969156
61.0001 -0.0195408 0.0969595
61.1001 -0.0195408 0.0969567
61.2001 -0.0195408 0.0969195
61.3001 -0.0195408 0.096919
61.4001 -0.0195408 0.0969596
61.5001 -0.0195408 0.0969535
61.6001 -0.0195408 0.0969562
61.7001 -0.0195408 0.0969539
61.8001 -0.0195408 0.0969591
61.9001 -0.0195408 0.0969587
62.0002 -0.0195408 0.0969571
62.1001 -0.0195408 0.096959
62.2001 -0.0195408 0.0969183
62.3001 -0.0195408 0.0969181
62.4001 -0.0195408 0.0969564
62.5001 -0.0195408 0.096956
62.6001 -0.0195408 0.0969578
62.7001 -0.0195408 0.0969593
62.8001 -0.0195408 0.0969591
62.9001 -0.0195408 0.096956
63.0001 -0.0195408 0.0969585
63.1001 -0.0195408 0.096959
63.2001 -0.0195408 0.0969587
63.3001 -0.0195408 0.0969563
63.4002 -0.0195408 0.0969544
63.5001 -0.0195408 0.0969559
63.6001 -0.0195408 0.0969547
63.7001 -0.0195408 0.0969179
63.8001 -0.0195408 0.0969596
63.9001 -0.0195408 0.0969578
64.0002 -0.0195408 0.0969594
64.1001 -0.0195408 0.0969543
64.2001 -0.0195408 0.0969169
64.3001 -0.0195408 0.0969156
64.4001 -0.0195408 0.0969534
64.5001 -0.0195408 0.0969565
64.6002 -0.0195408 0.0969586
64.7001 -0.0195408 0.0969566
64.8001 -0.0195408 0.09696
64.9001 -0.0195408 0.0969184
65.0001 -0.0195408 0.0969596
65.1001 -0.0195408 0.0969594
65.2001 -0.0195408 0.0969598
65.3001 -0.0195408 0.0969571
65.4001 -0.0195408 0.0969583
65.5002 -0.0195408 0.0969529
65.6002 -0.0195408 0.0969568
65.7001 -0.0195408 0.0969544
65.8001 -0.0195408 0.0969188
65.9001 -0.0195408 0.0969154
66.0001 -0.0195408 0.096959
66.1001 -0.0195408 0.0969548
66.2002 -0.0195408 0.0969581
66.3001 -0.0195408 0.0969576
66.4001 -0.0195408 0.0969189
66.5001 -0.0195408 0.0969169
66.6001 -0.0195408 0.0969563
66.7001 -0.0195408 0.0969534
66.8001 -0.0195408 0.0969591
66.9001 -0.0195408 0.0969569
67.0002 -0.0195408 0.0969574
67.1001 -0.0195408 0.0969592
67.2001 -0.0195408 0.0969217
67.3001 -0.0195408 0.0969199
67.4001 -0.0195408 0.0969585
67.5001 -0.0195408 0.096957
67.6002 -0.0195408 0.096959
67.7001 -0.0195408 0.0969211
67.8001 -0.0195408 0.0969593
67.9001 -0.0195408 0.0969593
68.0002 -0.0195408 0.0969593
68.1001 -0.0195408 0.0969585
68.2001 -0.0195408 0.0969185
68.3001 -0.0195408 0.0969152
68.4001 -0.0195408 0.0969567
68.5001 -0.0195408 0.0969584
68.6002 -0.0195408 0.0969557
68.7001 -0.0195408 0.0969537
68.8001 -0.0195408 0.0969197
68.9001 -0.0195408 0.096921
69.0001 -0.0195408 0.0969588
69.1001 -0.0195408 0.0969592
69.2001 -0.0195408 0.0969591
69.3001 -0.0195408 0.0969577
69.4001 -0.0195408 0.0969189
69.5001 -0.0195408 0.0969204
69.6001 -0.0195408 0.0969593
69.7001 -0.0195408 0.0969563
69.8002 -0.0195408 0.0969591
69.9001 -0.0195408 0.0969592
70.0001 -0.0195408 0.0969539
70.1001 -0.0195408 0.0969192
70.2001 -0.0195408 0.0969593
70.3001 -0.0195408 0.0969586
70.4001 -0.0195408 0.0969594
70.5001 -0.0195408 0.0969589
70.6002 -0.0195408 0.0969569
70.7001 -0.0195408 0.0969533
70.8001 -0.0195408 0.0969208
70.9001 -0.0195408 0.0969185
71.0001 -0.0195408 0.0969183
71.1001 -0.0195408 0.0969577
71.2001 -0.0195408 0.096959
71.3001 -0.0195408 0.0969584
71.4001 -0.0195408 0.0969599
71.5001 -0.0195408 0.0969603
71.6002 -0.0195408 0.0969577
71.7001 -0.0195408 0.0969538
71.8001 -0.0195408 0.0969201
71.9001 -0.0195408 0.0969215
72.0001 -0.0195408 0.0969584
72.1001 -0.0195408 0.0969591
72.2001 -0.0195408 0.0969575
72.3001 -0.0195408 0.0969593
72.4001 -0.0195408 0.0969188
72.5001 -0.0195408 0.0969182
72.6001 -0.0195408 0.0969596
72.7001 -0.0195408 0.096956
72.8001 -0.0195408 0.0969569
72.9001 -0.0195408 0.0969565
73.0002 -0.0195408 0.0969544
73.1001 -0.0195408 0.0969563
73.2001 -0.0195408 0.0969592
73.3001 -0.0195408 0.0969542
73.4001 -0.0195408 0.0969167
73.5001 -0.0195408 0.0969184
73.6001 -0.0195408 0.0969586
73.7001 -0.0195408 0.0969579
73.8001 -0.0195408 0.0969597
73.9001 -0.0195408 0.0969548
74.0001 -0.0195408 0.0969582
74.1002 -0.0195408 0.0969585
74.2002 -0.0195408 0.0969545
74.3001 -0.0195408 0.0969588
74.4001 -0.0195408 0.096958
74.5001 -0.0195408 0.0969193
74.6001 -0.0195408 0.0969588
74.7001 -0.0195408 0.0969593
74.8001 -0.0195408 0.0969549
74.9001 -0.0195408 0.096956
75.0002 -0.0195408 0.0969594
75.1001 -0.0195408 0.0969545
75.2001 -0.0195408 0.096958
75.3001 -0.0195408 0.0969189
75.4001 -0.0195408 0.0969585
75.5001 -0.0195408 0.0969588
75.6002 -0.0195408 0.0969531
75.7001 -0.0195408 0.0969591
75.8001 -0.0195408 0.096921
75.9001 -0.0195408 0.0969157
76.0001 -0.0195408 0.0969593
76.1001 -0.0195408 0.0969535
76.2001 -0.0195408 0.0969566
76.3001 -0.0195408 0.0969563
76.4001 -0.0195408 0.0969193
76.5001 -0.0195408 0.0969186
76.6001 -0.0195408 0.0969586
76.7001 -0.0195408 0.0969566
76.8001 -0.0195408 0.0969597
76.9001 -0.0195408 0.0969549
77.0002 -0.0195408 0.0969563
77.1001 -0.0195408 0.0969576
77.2001 -0.0195408 0.0969211
77.3001 -0.0195408 0.0969185
77.4001 -0.0195408 0.0969592
77.5001 -0.0195408 0.0969587
77.6001 -0.0195408 0.0969592
77.7001 -0.0195408 0.0969561
77.8002 -0.0195408 0.0969584
77.9001 -0.0195408 0.0969583
78.0001 -0.0195408 0.0969196
78.1001 -0.0195408 0.0969159
78.2001 -0.0195408 0.0969538
78.3001 -0.0195408 0.0969539
78.4001 -0.0195408 0.0969585
78.5001 -0.0195408 0.0969578
78.6002 -0.0195408 0.0969575
78.7001 -0.0195408 0.0969586
78.8001 -0.0195408 0.0969205
78.9001 -0.0195408 0.0969202
79.0001 -0.0195408 0.096957
79.1001 -0.0195408 0.0969548
79.2001 -0.0195408 0.0969551
79.3001 -0.0195408 0.0969583
79.4002 -0.0195408 0.0969533
79.5001 -0.0195408 0.0969198
79.6001 -0.0195408 0.0969589
79.7001 -0.0195408 0.0969602
79.8002 -0.0195408 0.0969566
79.9001 -0.0195408 0.0969576
80.0001 -0.0195408 0.0969159
80.1001 -0.0195408 0.0969542
80.2001 -0.0195408 0.0969602
80.3001 -0.0195408 0.0969591
80.4001 -0.0195408 0.0969594
80.5001 -0.0195408 0.0969593
80.6002 -0.0195408 0.0969567
80.7001 -0.0195408 0.0969572
80.8001 -0.0195408 0.0969203
80.9001 -0.0195408 0.096917
81.0001 -0.0195408 0.0969566
81.1001 -0.0195408 0.0969529
81.2001 -0.0195408 0.0969538
81.3001 -0.0195408 0.0968761
81.4001 -0.0195408 0.0969157
81.5001 -0.0195408 0.0969584
81.6001 -0.0195408 0.0969592
81.7001 -0.0195408 0.096956
81.8001 -0.0195408 0.0969584
81.9001 -0.0195408 0.0969557
82.0001 -0.0195408 0.0969593
82.1001 -0.0195408 0.0969588
82.2001 -0.0195408 0.0969162
82.3001 -0.0195408 0.0969189
82.4001 -0.0195408 0.0969588
82.5001 -0.0195408 0.0969583
82.6001 -0.0195408 0.0969596
82.7001 -0.0195408 0.0969589
82.8002 -0.0195408 0.0969596
82.9001 -0.0195408 0.0969547
83.0001 -0.0195408 0.0969188
83.1001 -0.0195408 0.0969171
83.2001 -0.0195408 0.0969549
83.3001 -0.0195408 0.096956
83.4001 -0.0195408 0.0969545
83.5001 -0.0195408 0.0969585
83.6002 -0.0195408 0.096958
83.7001 -0.0195408 0.096955
83.8001 -0.0195408 0.0969194
83.9001 -0.0195408 0.0969215
84.0001 -0.0195408 0.0969593
84.1001 -0.0195408 0.0969593
84.2002 -0.0195408 0.0969586
84.3001 -0.0195408 0.0969189
84.4001 -0.0195408 0.0969593
84.5001 -0.0195408 0.0969583
84.6002 -0.0195408 0.0969525
84.7001 -0.0195408 0.0969537
84.8001 -0.0195408 0.0969154
84.9001 -0.0195408 0.0969131
85.0001 -0.0195408 0.0969536
85.1002 -0.0195408 0.0969533
85.2002 -0.0195408 0.0969524
85.3001 -0.0195408 0.0969514
85.4001 -0.0195408 0.0969148
85.5001 -0.0195408 0.0969152
85.6001 -0.0195408 0.0969543
85.7001 -0.0195408 0.0969563
85.8001 -0.0195408 0.096955
85.9001 -0.0195408 0.0969537
86.0001 -0.0195408 0.0969528
86.1002 -0.0195408 0.0969528
86.2002 -0.0195408 0.096955
86.3001 -0.0195408 0.0969166
86.4001 -0.0195408 0.0969538
86.5001 -0.0195408 0.0969533
86.6002 -0.0195408 0.0969569
86.7001 -0.0195408 0.0969555
86.8001 -0.0195408 0.0969132
86.9001 -0.0195408 0.0969183
87.0001 -0.0195408 0.0969573
87.1001 -0.0195408 0.0969528
87.2002 -0.0195408 0.0969557
87.3001 -0.0195408 0.0969525
87.4001 -0.0195408 0.0969528
87.5001 -0.0195408 0.0969152
87.6001 -0.0195408 0.0969546
87.7001 -0.0195408 0.0969533
87.8002 -0.0195408 0.0969551
87.9001 -0.0195408 0.0969152
88.0001 -0.0195408 0.0969561
88.1001 -0.0195408 0.0969549
88.2002 -0.0195408 0.0969533
88.3001 -0.0195408 0.0969523
88.4001 -0.0195408 0.0969157
88.5001 -0.0195408 0.0969143
88.6001 -0.0195408 0.0969558
88.7001 -0.0195408 0.0969545
88.8002 -0.0195408 0.0969531
88.9001 -0.0195408 0.0969537
89.0001 -0.0195408 0.096955
89.1001 -0.0195408 0.0969528
89.2001 -0.0195408 0.0969148
89.3001 -0.0195408 0.0969152
89.4001 -0.0195408 0.0969528
89.5001 -0.0195408 0.0969537
89.6001 -0.0195408 0.0969556
89.7001 -0.0195408 0.0969564
89.8002 -0.0195408 0.0969544
89.9001 -0.0195408 0.0969525
90.0001 -0.0195408 0.0969185
90.1001 -0.0195408 0.0969163
90.2001 -0.0195408 0.0969576
90.3001 -0.0195408 0.0969533
90.4002 -0.0195408 0.0969559
90.5001 -0.0195408 0.0969543
90.6001 -0.0195408 0.0968989
90.7001 -0.0195408 0.0969526
90.8002 -0.0195408 0.0969525
90.9001 -0.0195408 0.0969101
91.0001 -0.0195408 0.0969522
91.1001 -0.0195408 0.0969494
91.2001 -0.0195408 0.0969526
91.3001 -0.0195408 0.0969486
91.4001 -0.0195408 0.0969503
91.5001 -0.0195408 0.0969519
91.6001 -0.0195408 0.0969512
91.7002 -0.0195408 0.0969498
91.8002 -0.0195408 0.0969528
91.9001 -0.0195408 0.0969505
92.0001 -0.0195408 0.0969131
92.1001 -0.0195408 0.096914
92.2001 -0.0195408 0.0969585
92.3001 -0.0195408 0.0969161
92.4002 -0.0195408 0.0969508
92.5001 -0.0195408 0.0969136
92.6001 -0.0195408 0.0969539
92.7001 -0.0195408 0.0969524
92.8001 -0.0195408 0.0969524
92.9001 -0.0195408 0.096952
93.0002 -0.0195408 0.096952
93.1001 -0.0195408 0.0969204
93.2001 -0.0195408 0.0969153
93.3001 -0.0195408 0.096948
93.4001 -0.0195408 0.0969528
93.5001 -0.0195408 0.0969531
93.6001 -0.0195408 0.0969527
93.7001 -0.0195408 0.0969549
93.8002 -0.0195408 0.0969533
93.9001 -0.0195408 0.0969127
94.0001 -0.0195408 0.0969547
94.1001 -0.0195408 0.0969378
94.2001 -0.0195408 0.0969526
94.3002 -0.0195408 0.0969516
94.4002 -0.0195408 0.0969548
94.5001 -0.0195408 0.0969536
94.6001 -0.0195408 0.096918
94.7001 -0.0195408 0.0969144
94.8001 -0.0195408 0.096911
94.9001 -0.0195408 0.0969144
95.0001 -0.0195408 0.0969546
95.1001 -0.0195408 0.096952
95.2001 -0.0195408 0.096954
95.3001 -0.0195408 0.0969545
95.4001 -0.0195408 0.0969508
95.5001 -0.0195408 0.0969528
95.6002 -0.0195408 0.0969492
95.7001 -0.0195408 0.0969518
95.8001 -0.0195408 0.0969089
95.9001 -0.0195408 0.0969123
96.0001 -0.0195408 0.0969536
96.1001 -0.0195408 0.0969532
96.2001 -0.0195408 0.0969552
96.3001 -0.0195408 0.096952
96.4002 -0.0195408 0.0969545
96.5001 -0.0195408 0.0969518
96.6001 -0.0195408 0.0969157
96.7001 -0.0195408 0.0969159
96.8001 -0.0195408 0.0969563
96.9001 -0.0195408 0.0969522
97.0002 -0.0195408 0.0969508
97.1001 -0.0195408 0.0969149
97.2001 -0.0195408 0.0969142
97.3001 -0.0195408 0.0969539
97.4001 -0.0195408 0.0969187
97.5001 -0.0195408 0.0969518
97.6001 -0.0195408 0.0969536
97.7001 -0.0195408 0.0969529
97.8002 -0.0195408 0.0969541
97.9001 -0.0195408 0.0969549
98.0001 -0.0195408 0.0969536
98.1001 -0.0195408 0.0969523
98.2001 -0.0195408 0.0969513
98.3001 -0.0195408 0.0969154
98.4001 -0.0195408 0.0969499
98.5001 -0.0195408 0.0969526
98.6002 -0.0195408 0.0969547
98.7001 -0.0195408 0.0969534
98.8001 -0.0195408 0.0969183
98.9001 -0.0195408 0.0969147
99.0001 -0.0195408 0.0969535
99.1001 -0.0195408 0.0969535
99.2002 -0.0195408 0.0969531
99.3001 -0.0195408 0.0969152
99.4001 -0.0195408 0.0969562
99.5001 -0.0195408 0.0969537
99.6001 -0.0195408 0.0969541
99.7001 -0.0195408 0.0969539
99.8002 -0.0195408 0.0969522
99.9001 -0.0195408 0.0969154
100 -0.0195408 0.0969547
100.1 -0.0195408 0.0969526
100.2 -0.0195408 0.0969568
100.3 -0.0195408 0.0969533
100.4 -0.0195408 0.096915
100.5 -0.0195408 0.0969154
100.6 -0.0195408 0.0969547
100.7 -0.0195408 0.0969518
100.8 -0.0195408 0.0969536
100.9 -0.0195408 0.0969125
101 -0.0195408 0.0969559
101.1 -0.0195408 0.0969522
101.2 -0.0195408 0.0969518
101.3 -0.0195408 0.096954
101.4 -0.0195408 0.0969144
101.5 -0.0195408 0.0969141
101.6 -0.0195408 0.0969148
101.7 -0.0195408 0.0969551
101.8 -0.0195408 0.0969531
101.9 -0.0195408 0.0969539
102 -0.0195408 0.0969521
102.1 -0.0195408 0.0969533
102.2 -0.0195408 0.0969532
102.3 -0.0195408 0.096917
