1.562e-06 0 0.0199837
0.0202901 0 0.0197051
0.0401384 0 0.0198592
0.0601111 0 0.0198867
0.0801117 0 0.0198865
0.100108 0 0.0198896
0.120107 0 0.0198913
0.140106 0 0.0198915
0.16011 0 0.0198879
0.180111 0 0.0198874
0.200103 0 0.0198948
0.220113 0 0.0198848
0.240109 0 0.0198891
0.260124 0 0.0198739
0.28011 0 0.0198869
0.300109 0 0.0198888
0.320107 0 0.0198908
0.340107 0 0.0198907
0.360103 0 0.0198947
0.380112 0 0.0198856
0.400103 0 0.0198947
0.420105 0 0.0198926
0.440106 0 0.0198912
0.460107 0 0.0198912
0.480123 0 0.0198747
0.500109 0 0.0198892
0.520104 0 0.0198936
0.540108 0 0.0198901
0.560107 0 0.0198915
0.580123 0 0.0198747
0.600105 0 0.0198925
0.620108 0 0.0198895
0.640107 0 0.019891
0.660106 0 0.0198921
0.680105 0 0.0198928
0.700125 0 0.0198731
0.720109 0 0.0198889
0.740107 0 0.0198911
0.760107 0 0.0198916
0.780102 0 0.0198957
0.800108 0 0.0198901
0.820122 0 0.0198756
0.840109 0 0.019889
0.860108 0 0.0198903
0.880106 0 0.0198921
0.900106 0 0.0198924
0.920106 0 0.0198922
0.94012 0 0.0198767
0.960108 0 0.0198894
0.980107 0 0.019891
1.00011 0 0.0198899
1.0201 0 0.0198929
1.04012 0 0.0198744
1.06011 0 0.0198892
1.08011 0 0.0198904
1.10011 0 0.019892
1.12011 0 0.0198914
1.14011 0 0.0198926
1.16012 0 0.0198772
1.18011 0 0.0198891
1.2001 0 0.0198945
1.22011 0 0.0198897
1.24011 0 0.0198914
1.26011 0 0.019892
1.28011 0 0.0198901
1.30011 0 0.0198916
1.32011 0 0.0198908
1.34011 0 0.0198913
1.36011 0 0.0198918
1.38012 0 0.0198764
1.40011 0 0.0198889
1.42011 0 0.0198896
1.44011 0 0.0198905
1.46011 0 0.019892
1.48011 0 0.0198924
1.50012 0 0.0198765
1.5201 0 0.0198935
1.54011 0 0.0198897
1.56011 0 0.0198909
1.58011 0 0.0198911
1.60011 0 0.0198914
1.6201 0 0.0198944
1.64011 0 0.0198902
1.66011 0 0.0198914
1.68011 0 0.0198918
1.70011 0 0.0198921
1.7201 0 0.0198928
1.74011 0 0.0198901
1.76011 0 0.0198914
1.78011 0 0.0198907
1.80011 0 0.0198914
1.82012 0 0.0198756
1.84011 0 0.0198894
1.86011 0 0.0198906
1.88011 0 0.0198917
1.9001 0 0.0198931
1.92011 0 0.0198922
1.94012 0 0.0198766
1.96011 0 0.0198891
1.98011 0 0.0198911
2.00011 0 0.0198919
2.0201 0 0.0198946
2.0401 0 0.0198952
2.06012 0 0.0198756
2.08011 0 0.0198896
2.10011 0 0.0198905
2.12011 0 0.0198921
2.14011 0 0.0198926
2.16011 0 0.0198922
2.18012 0 0.019877
2.20011 0 0.0198883
2.22011 0 0.0198904
2.24011 0 0.0198916
2.26011 0 0.0198898
2.2801 0 0.0198939
2.30012 0 0.0198748
2.32011 0 0.019889
2.34011 0 0.0198905
2.36011 0 0.0198919
2.38011 0 0.0198923
2.40011 0 0.0198916
2.42011 0 0.0198908
2.44011 0 0.0198911
2.4601 0 0.0198954
2.48011 0 0.0198902
2.50011 0 0.0198919
2.5201 0 0.0198956
2.54011 0 0.0198897
2.56011 0 0.0198915
2.58011 0 0.0198922
2.60011 0 0.0198921
2.62012 0 0.0198771
2.64011 0 0.0198893
2.66011 0 0.0198916
2.6801 0 0.0198946
2.70011 0 0.0198893
2.72012 0 0.0198755
2.74011 0 0.019889
2.7601 0 0.0198993
2.78011 0 0.019889
2.80011 0 0.019891
2.82011 0 0.0198917
2.8401 0 0.0198958
2.86011 0 0.0198921
2.8801 0 0.0198947
2.90011 0 0.0198905
2.92011 0 0.0198917
2.94012 0 0.0198734
2.96011 0 0.0198894
2.98011 0 0.0198914
3.00011 0 0.0198909
3.0201 0 0.0198944
3.04012 0 0.0198753
3.06011 0 0.0198892
3.08011 0 0.019891
3.10011 0 0.0198898
3.12011 0 0.0198907
3.14011 0 0.019892
3.16012 0 0.0198772
3.18011 0 0.0198886
3.20011 0 0.0198901
3.22011 0 0.0198913
3.24011 0 0.0198916
3.26012 0 0.0198764
3.28011 0 0.0198893
3.30011 0 0.0198899
3.32011 0 0.0198897
3.34011 0 0.0198916
3.36011 0 0.0198924
3.38012 0 0.0198773
3.40011 0 0.019889
3.42011 0 0.0198913
3.44011 0 0.0198921
3.46011 0 0.0198927
3.48012 0 0.0198762
3.50011 0 0.0198889
3.5201 0 0.019894
3.54011 0 0.0198895
3.56011 0 0.0198921
3.58011 0 0.0198914
3.60012 0 0.019877
3.62011 0 0.0198888
3.64011 0 0.0198917
3.66011 0 0.0198921
3.68011 0 0.0198922
3.70012 0 0.0198763
3.7201 0 0.0198952
3.74011 0 0.0198898
3.76011 0 0.0198911
3.78011 0 0.0198904
3.8001 0 0.0198943
3.82012 0 0.0198746
3.84011 0 0.0198895
3.86011 0 0.0198913
3.88011 0 0.0198922
3.90011 0 0.0198923
3.92011 0 0.0198926
3.94011 0 0.0198888
3.96011 0 0.0198905
3.98011 0 0.0198926
4.00011 0 0.0198916
4.0201 0 0.0198943
4.04012 0 0.0198753
4.06011 0 0.0198895
4.08011 0 0.0198908
4.10011 0 0.0198924
4.12011 0 0.0198918
4.1401 0 0.0198955
4.16012 0 0.019875
4.18011 0 0.0198889
4.20011 0 0.0198906
4.22011 0 0.0198906
4.24011 0 0.0198915
4.26011 0 0.0198916
4.28011 0 0.0198893
4.30011 0 0.0198901
4.32011 0 0.0198923
4.34011 0 0.019892
4.3601 0 0.0198947
4.38012 0 0.019874
4.40011 0 0.0198894
4.42011 0 0.0198918
4.44011 0 0.0198918
4.46011 0 0.0198911
4.48011 0 0.0198919
4.50012 0 0.0198761
4.5201 0 0.0198935
4.54011 0 0.0198905
4.5601 0 0.0198951
4.58011 0 0.0198904
4.60011 0 0.019892
4.62012 0 0.0198765
4.64011 0 0.0198894
4.66011 0 0.0198916
4.68011 0 0.0198916
4.70011 0 0.0198921
4.72011 0 0.0198919
4.74012 0 0.0198766
4.7601 0 0.0198935
4.78011 0 0.0198893
4.80011 0 0.0198903
4.82011 0 0.0198918
4.8401 0 0.019897
4.86012 0 0.0198738
4.88011 0 0.0198893
4.90011 0 0.019891
4.92011 0 0.019891
4.94011 0 0.0198919
4.96011 0 0.0198925
4.9801 0 0.0198945
5.00011 0 0.0198894
5.0201 0 0.0198961
5.04011 0 0.0198879
5.06011 0 0.0198905
5.08012 0 0.019876
5.10011 0 0.0198891
5.12011 0 0.0198911
5.14011 0 0.0198914
5.16011 0 0.019892
5.18015 0 0.0198515
5.20011 0 0.0198884
5.22011 0 0.0198906
5.24011 0 0.0198921
5.26011 0 0.0198926
5.28015 0 0.01985
5.30011 0 0.0198885
5.32011 0 0.0198916
5.34011 0 0.019892
5.36011 0 0.0198918
5.38011 0 0.0198919
5.4001 0 0.0198946
5.42011 0 0.0198898
5.44011 0 0.0198921
5.46011 0 0.019892
5.48011 0 0.0198921
5.50015 0 0.0198523
5.52011 0 0.0198926
5.54011 0 0.0198901
5.56011 0 0.0198923
5.58011 0 0.0198926
5.60015 0 0.0198525
5.62011 0 0.0198895
5.64011 0 0.0198903
5.66011 0 0.0198909
5.68011 0 0.019892
5.70015 0 0.0198516
5.72011 0 0.0198889
5.74011 0 0.0198904
5.76011 0 0.0198919
5.78011 0 0.0198914
5.80015 0 0.01985
5.8201 0 0.0198942
5.84011 0 0.0198898
5.86011 0 0.019892
5.8801 0 0.0198948
5.90015 0 0.019851
5.92011 0 0.0198898
5.94011 0 0.0198917
5.96011 0 0.0198918
5.98011 0 0.019892
6.00011 0 0.019892
6.0201 0 0.0199015
6.04011 0 0.0198895
6.06011 0 0.0198905
6.08011 0 0.0198923
6.10011 0 0.0198923
6.12014 0 0.0198533
6.14011 0 0.0198894
6.16011 0 0.0198907
6.18011 0 0.0198914
6.20011 0 0.0198908
6.22015 0 0.0198513
6.2401 0 0.019895
6.26011 0 0.0198901
6.28011 0 0.0198899
6.30011 0 0.0198911
6.32011 0 0.0198921
6.34015 0 0.0198525
6.36011 0 0.0198892
6.38011 0 0.0198919
6.40011 0 0.0198915
6.42011 0 0.019892
6.4401 0 0.0199022
6.46012 0 0.0198821
6.48011 0 0.0198882
6.50011 0 0.019892
6.5201 0 0.0198943
6.54011 0 0.0198911
6.56015 0 0.0198521
6.58011 0 0.0198895
6.60011 0 0.0198914
6.62011 0 0.0198914
6.64011 0 0.0198917
6.6601 0 0.0198953
6.68015 0 0.0198513
6.70011 0 0.0198887
6.72011 0 0.0198915
6.74011 0 0.0198922
6.76011 0 0.0198925
6.78011 0 0.0198908
6.80015 0 0.0198511
6.82011 0 0.0198886
6.8401 0 0.019896
6.86011 0 0.0198917
6.88011 0 0.0198898
6.90015 0 0.0198497
6.9201 0 0.0198936
6.94011 0 0.0198901
6.96011 0 0.0198915
6.98011 0 0.0198923
7.00011 0 0.0198919
7.0201 0 0.0198969
7.04011 0 0.0198904
7.06011 0 0.0198919
7.0801 0 0.0198951
7.10011 0 0.0198898
7.12015 0 0.0198525
7.14011 0 0.019889
7.16011 0 0.0198921
7.18011 0 0.0198923
7.20011 0 0.0198917
7.22015 0 0.0198519
7.24011 0 0.0198889
7.26011 0 0.0198911
7.28011 0 0.01989
7.30011 0 0.019889
7.32015 0 0.019851
7.34011 0 0.0198894
7.36011 0 0.0198921
7.38011 0 0.0198921
7.40011 0 0.0198923
7.42011 0 0.0198923
7.44015 0 0.0198521
7.46011 0 0.0198891
7.48011 0 0.0198913
7.5001 0 0.0198949
7.5201 0 0.019894
7.54015 0 0.0198511
7.56011 0 0.0198892
7.58011 0 0.0198912
7.60011 0 0.0198911
7.62011 0 0.0198921
7.64011 0 0.019892
7.66015 0 0.0198525
7.68011 0 0.0198888
7.70011 0 0.0198915
7.72011 0 0.0198895
7.74011 0 0.0198906
7.76015 0 0.0198511
7.78011 0 0.0198895
7.8001 0 0.0198952
7.82011 0 0.0198919
7.84011 0 0.0198925
7.86011 0 0.0198915
7.88015 0 0.019852
7.90011 0 0.0198888
7.9201 0 0.0198945
7.94011 0 0.0198902
7.9601 0 0.0198941
7.98015 0 0.0198496
8.00011 0 0.0198886
8.0201 0 0.0198943
8.04011 0 0.0198913
8.06011 0 0.0198919
8.08011 0 0.0198922
8.10015 0 0.0198518
8.12011 0 0.0198887
8.14011 0 0.0198896
8.16011 0 0.0198897
8.18011 0 0.0198922
8.20015 0 0.0198511
8.22011 0 0.0198895
8.24011 0 0.0198913
8.26011 0 0.019892
8.28011 0 0.0198906
8.30015 0 0.0198513
8.32011 0 0.0198895
8.3401 0 0.019895
8.36011 0 0.0198904
8.38011 0 0.0198921
8.40011 0 0.0198923
8.42014 0 0.0198532
8.44011 0 0.0198889
8.46011 0 0.0198918
8.48011 0 0.0198925
8.50011 0 0.0198922
8.5201 0 0.0198952
8.54015 0 0.0198501
8.56011 0 0.0198892
8.58011 0 0.0198901
8.60011 0 0.0198918
8.62011 0 0.0198916
8.64011 0 0.0198926
8.66015 0 0.01985
8.68011 0 0.0198894
8.70011 0 0.0198915
8.72011 0 0.0198916
8.74011 0 0.0198921
8.7601 0 0.0199004
8.78011 0 0.0198899
8.80011 0 0.0198902
8.82011 0 0.0198919
8.84011 0 0.0198921
8.86011 0 0.0198924
8.88015 0 0.019852
8.90011 0 0.019889
8.9201 0 0.019898
8.94011 0 0.0198921
8.96011 0 0.0198923
8.98015 0 0.0198505
9.0001 0 0.0198936
9.0201 0 0.0198934
9.04011 0 0.0198908
9.06011 0 0.019892
9.08011 0 0.0198924
9.10015 0 0.0198517
9.12011 0 0.0198891
9.14011 0 0.0198915
9.16011 0 0.0198916
9.1801 0 0.019895
9.20015 0 0.0198476
9.22011 0 0.0198886
9.24011 0 0.019891
9.26011 0 0.0198913
9.28011 0 0.0198904
9.30011 0 0.0198905
9.32015 0 0.0198518
9.34011 0 0.0198888
9.36011 0 0.0198916
9.38011 0 0.0198919
9.40011 0 0.0198892
9.42015 0 0.0198512
9.44011 0 0.0198886
9.46011 0 0.0198911
9.48011 0 0.0198917
9.50011 0 0.0198919
9.5201 0 0.0198947
9.54015 0 0.0198502
9.56011 0 0.0198887
9.58011 0 0.0198914
9.60011 0 0.0198907
9.62011 0 0.0198905
9.64011 0 0.0198913
9.66015 0 0.0198524
9.68011 0 0.0198888
9.70011 0 0.0198909
9.72011 0 0.0198919
9.74011 0 0.019892
9.76011 0 0.0198921
9.78011 0 0.01989
9.80011 0 0.01989
9.82011 0 0.0198895
9.84011 0 0.0198904
9.86011 0 0.0198922
9.88015 0 0.019852
9.90011 0 0.0198891
9.92011 0 0.0198916
9.94011 0 0.019892
9.96011 0 0.0198924
9.98015 0 0.0198521
10.0001 0 0.019889
10.0201 0 0.0198973
10.0401 0 0.019892
10.0601 0 0.0198898
10.0801 0 0.0198517
10.1001 0 0.0198894
10.1201 0 0.0198918
10.1401 0 0.0198917
10.1601 0 0.0198921
10.1801 0 0.0198923
10.2001 0 0.0198514
10.2201 0 0.0198887
10.2401 0 0.0198887
10.2601 0 0.01989
10.2801 0 0.0198904
10.3001 0 0.0198508
10.3201 0 0.0198893
10.3401 0 0.0198913
10.3601 0 0.0198917
10.3801 0 0.0198922
10.4001 0 0.019891
10.4201 0 0.019852
10.4401 0 0.0198943
10.4601 0 0.0198896
10.4801 0 0.0198916
10.5001 0 0.019893
10.5201 0 0.0198939
10.5401 0 0.0198505
10.5601 0 0.0198892
10.5801 0 0.0198914
10.6001 0 0.0198951
10.6201 0 0.0198895
10.6401 0 0.0198914
10.6601 0 0.0198895
10.6801 0 0.0198905
10.7001 0 0.0198914
10.7201 0 0.0198911
10.7401 0 0.0198922
10.7601 0 0.0198519
10.7801 0 0.0198898
10.8001 0 0.0198931
10.8201 0 0.0198958
10.8401 0 0.0198911
10.8601 0 0.0198939
10.8802 0 0.0198469
10.9001 0 0.0198892
10.9201 0 0.0198916
10.9401 0 0.0198918
10.9601 0 0.0198916
10.9801 0 0.0198916
11.0001 0 0.0198962
11.0201 0 0.0198946
11.0401 0 0.0198911
11.0601 0 0.019891
11.0801 0 0.0198941
11.1002 0 0.0198466
11.1201 0 0.0198897
11.1401 0 0.0198907
11.1601 0 0.0198918
11.1801 0 0.0198921
11.2001 0 0.0198911
11.2201 0 0.0198516
11.2401 0 0.0198883
11.2601 0 0.019891
11.2801 0 0.0198948
11.3001 0 0.0198897
11.3201 0 0.019892
11.3401 0 0.0198518
11.3601 0 0.0198888
11.3801 0 0.0198914
11.4001 0 0.0198917
11.4201 0 0.0198922
11.4401 0 0.0198526
11.4601 0 0.0198893
11.4801 0 0.0198911
11.5001 0 0.0198901
11.5201 0 0.0198937
11.5401 0 0.0198513
11.5601 0 0.0198891
11.5801 0 0.0198909
11.6001 0 0.0198918
11.6201 0 0.0198919
11.6401 0 0.0198919
11.6601 0 0.0198528
11.6801 0 0.0198894
11.7001 0 0.0198951
11.7201 0 0.0198904
11.7401 0 0.019892
11.7601 0 0.0198919
11.7801 0 0.0198899
11.8001 0 0.0198905
11.8201 0 0.0198972
11.8401 0 0.0198967
11.8601 0 0.0198972
11.8801 0 0.0198498
11.9001 0 0.0198891
11.9201 0 0.0198888
11.9401 0 0.0198886
11.9601 0 0.0198905
11.9801 0 0.0198495
12.0001 0 0.019889
12.0201 0 0.019895
12.0401 0 0.0198901
12.0601 0 0.0198923
12.0801 0 0.019892
12.1001 0 0.019852
12.1201 0 0.0198933
12.1401 0 0.0198897
12.1601 0 0.0198922
12.1801 0 0.0198919
12.2001 0 0.0198507
12.2201 0 0.0198889
12.2401 0 0.0198915
12.2601 0 0.0198922
12.2801 0 0.0198904
12.3001 0 0.0198906
12.3201 0 0.0198522
12.3401 0 0.0198898
12.3601 0 0.0198901
12.3801 0 0.0198919
12.4001 0 0.0198924
12.4201 0 0.0198526
12.4401 0 0.0198888
12.4601 0 0.0198915
12.4801 0 0.019891
12.5001 0 0.019892
12.5201 0 0.0198954
12.5401 0 0.0198934
12.5601 0 0.0198897
12.5801 0 0.0198915
12.6001 0 0.0198926
12.6201 0 0.0198924
12.6401 0 0.0198529
12.6601 0 0.0198892
12.6801 0 0.0198953
12.7001 0 0.0198892
12.7201 0 0.0198917
12.7401 0 0.0198491
12.7601 0 0.0198884
12.7801 0 0.0198895
12.8001 0 0.0198908
12.8201 0 0.0198921
12.8401 0 0.0198954
12.8601 0 0.0198966
12.8801 0 0.019897
12.9001 0 0.0198925
12.9201 0 0.0198926
12.9401 0 0.0198911
12.9601 0 0.0198943
12.9801 0 0.0198901
13.0001 0 0.0198917
13.0201 0 0.0198946
13.0401 0 0.0198909
13.0601 0 0.0198519
13.0801 0 0.0198917
13.1001 0 0.0198913
13.1201 0 0.0198916
13.1401 0 0.0198916
13.1601 0 0.0198994
13.1801 0 0.0198875
13.2001 0 0.0198897
13.2201 0 0.0198912
13.2401 0 0.0198921
13.2601 0 0.0198917
13.2801 0 0.0198894
13.3001 0 0.0198901
13.3201 0 0.0198917
13.3401 0 0.0198921
13.3601 0 0.0198921
13.3801 0 0.0198947
13.4001 0 0.0198901
13.4201 0 0.0198921
13.4401 0 0.0198925
13.4601 0 0.019892
13.4801 0 0.0198529
13.5001 0 0.0198889
13.5201 0 0.0198943
13.5401 0 0.0198903
13.5601 0 0.0198916
13.5801 0 0.019852
13.6001 0 0.0198895
13.6201 0 0.0198911
13.6401 0 0.0198911
13.6601 0 0.0198918
13.6801 0 0.0198522
13.7001 0 0.0198891
13.7201 0 0.0198912
13.7401 0 0.019892
13.7601 0 0.0198925
13.7801 0 0.019891
13.8001 0 0.0198942
13.8201 0 0.0198898
13.8401 0 0.0198919
13.8601 0 0.0198918
13.8801 0 0.0198919
13.9001 0 0.0198517
13.9201 0 0.0198891
13.9401 0 0.0198916
13.9601 0 0.0198924
13.9801 0 0.0198921
14.0001 0 0.019892
14.0201 0 0.019894
14.0401 0 0.0198898
14.0601 0 0.0198912
14.0801 0 0.0198919
14.1001 0 0.0198922
14.1201 0 0.0198532
14.1401 0 0.019889
14.1601 0 0.0198912
14.1801 0 0.0198917
14.2001 0 0.0198941
14.2201 0 0.0198939
14.2401 0 0.0198508
14.2601 0 0.0198896
14.2801 0 0.0198944
14.3001 0 0.0198907
14.3201 0 0.0198916
14.3401 0 0.0198911
14.3601 0 0.0198917
14.3801 0 0.0198916
14.4001 0 0.0198925
14.4201 0 0.0198912
14.4401 0 0.0198895
14.4601 0 0.019851
14.4801 0 0.0198885
14.5001 0 0.0198912
14.5201 0 0.0198947
14.5401 0 0.0198894
14.5601 0 0.0198913
14.5801 0 0.0198517
14.6001 0 0.0198888
14.6201 0 0.0198916
14.6401 0 0.0198962
14.6601 0 0.0198903
14.6801 0 0.0198516
14.7001 0 0.0198891
14.7201 0 0.019891
14.7401 0 0.0198919
14.7601 0 0.019902
14.7801 0 0.0198493
14.8001 0 0.0198885
14.8201 0 0.0198912
14.8401 0 0.0198916
14.8601 0 0.0198897
14.8801 0 0.0198908
14.9001 0 0.0198517
14.9201 0 0.0198896
14.9401 0 0.0198918
14.9601 0 0.0198922
14.9801 0 0.0198925
15.0001 0 0.0198923
15.0201 0 0.0198965
15.0401 0 0.0198886
15.0601 0 0.0198947
15.0801 0 0.0198904
15.1001 0 0.0198922
15.1201 0 0.0198527
15.1401 0 0.0198885
15.1601 0 0.0198958
15.1801 0 0.0198925
15.2001 0 0.0198913
15.2201 0 0.0198516
15.2401 0 0.0198934
15.2601 0 0.0198899
15.2801 0 0.0198899
15.3001 0 0.0198893
15.3201 0 0.0198921
15.3401 0 0.0198908
15.3601 0 0.0198913
15.3801 0 0.0198915
15.4001 0 0.0198923
15.4201 0 0.0198922
15.4401 0 0.019853
15.4601 0 0.0198892
15.4801 0 0.0198902
15.5001 0 0.0198871
15.5201 0 0.0198934
15.5401 0 0.0198489
15.5601 0 0.0198888
15.5801 0 0.0198914
15.6001 0 0.0198907
15.6201 0 0.0198913
15.6401 0 0.0198922
15.6601 0 0.019852
15.6801 0 0.0198892
15.7001 0 0.0198898
15.7201 0 0.01989
15.7401 0 0.0198919
15.7601 0 0.0198921
15.7801 0 0.0198859
15.8001 0 0.0198887
15.8201 0 0.0198922
15.8401 0 0.019891
15.8601 0 0.0198923
15.8801 0 0.0198519
15.9001 0 0.0198941
15.9201 0 0.0198897
15.9401 0 0.019892
15.9601 0 0.0198919
15.9801 0 0.0198529
16.0001 0 0.0198892
16.0201 0 0.0198945
16.0401 0 0.0198907
16.0601 0 0.0198919
16.0801 0 0.0198509
16.1001 0 0.0198892
16.1201 0 0.0198899
16.1401 0 0.0198904
16.1601 0 0.019892
16.1801 0 0.0198922
16.2001 0 0.0198517
16.2201 0 0.0198889
16.2401 0 0.0198912
16.2601 0 0.0198916
16.2801 0 0.0198966
16.3001 0 0.0198502
16.3201 0 0.0198946
16.3401 0 0.0198903
16.3601 0 0.0198914
16.3801 0 0.0198928
16.4001 0 0.0198922
16.4201 0 0.0198527
16.4401 0 0.0198893
16.4601 0 0.0198909
16.4801 0 0.0198919
16.5001 0 0.0198922
16.5201 0 0.0198947
16.5401 0 0.0198883
16.5601 0 0.01989
16.5801 0 0.019892
16.6001 0 0.0198919
16.6201 0 0.0198926
16.6401 0 0.0198525
16.6601 0 0.0198892
16.6801 0 0.0198916
16.7001 0 0.0198918
16.7201 0 0.019892
16.7401 0 0.0198956
16.7601 0 0.0198515
16.7801 0 0.0198895
16.8001 0 0.0198908
16.8201 0 0.0198914
16.8401 0 0.0198937
16.8601 0 0.0198496
16.8801 0 0.0198894
16.9001 0 0.0198914
16.9201 0 0.019892
16.9401 0 0.0198923
16.9601 0 0.0198893
16.9801 0 0.019851
17.0001 0 0.0198897
17.0201 0 0.0198943
17.0401 0 0.0198901
17.0601 0 0.0198918
17.0801 0 0.0198925
17.1001 0 0.019852
17.1201 0 0.019889
17.1401 0 0.0198914
17.1601 0 0.019895
17.1801 0 0.0198908
17.2001 0 0.0198514
17.2201 0 0.0198884
17.2401 0 0.0198949
17.2601 0 0.0198919
17.2801 0 0.0198901
17.3001 0 0.0198486
17.3201 0 0.0198945
17.3401 0 0.0198896
17.3601 0 0.0198919
17.3801 0 0.0198885
17.4001 0 0.0198908
17.4201 0 0.0198516
17.4401 0 0.0198888
17.4601 0 0.0198915
17.4801 0 0.0198917
17.5001 0 0.0198924
17.5201 0 0.0198939
17.5401 0 0.0198497
17.5601 0 0.0198891
17.5801 0 0.0198954
17.6001 0 0.0198912
17.6201 0 0.0198921
17.6401 0 0.0198923
17.6601 0 0.0198913
17.6801 0 0.019891
17.7001 0 0.0198922
17.7201 0 0.0198922
17.7401 0 0.0198921
17.7601 0 0.0198907
17.7801 0 0.0198906
17.8001 0 0.0198945
17.8201 0 0.0198907
17.8401 0 0.019892
17.8601 0 0.0198533
17.8801 0 0.0198895
17.9001 0 0.0198908
17.9201 0 0.0198915
17.9401 0 0.0198921
17.9601 0 0.0198526
17.9801 0 0.0198893
18.0001 0 0.019895
18.0201 0 0.0198934
18.0401 0 0.019891
18.0601 0 0.0198918
18.0801 0 0.0198525
18.1001 0 0.01989
18.1201 0 0.019891
18.1401 0 0.0198921
18.1601 0 0.0198924
18.1801 0 0.0198918
18.2001 0 0.0198906
18.2201 0 0.0198895
18.2401 0 0.019891
18.2601 0 0.0198909
18.2801 0 0.0198901
18.3001 0 0.0198513
18.3201 0 0.0198891
18.3401 0 0.0198914
18.3601 0 0.019895
18.3801 0 0.0198899
18.4001 0 0.0198918
18.4201 0 0.0198947
18.4401 0 0.0198896
18.4601 0 0.019891
18.4801 0 0.0198919
18.5001 0 0.0198915
18.5201 0 0.0198958
18.5401 0 0.0198901
18.5601 0 0.0198921
18.5801 0 0.0198922
18.6001 0 0.0198923
18.6201 0 0.0198534
18.6401 0 0.0198888
18.6601 0 0.0198902
18.6801 0 0.0198921
18.7001 0 0.0198923
18.7201 0 0.0198492
18.7401 0 0.019889
18.7601 0 0.0198908
18.7801 0 0.0198908
18.8001 0 0.0198908
18.8201 0 0.0198914
18.8401 0 0.0198948
18.8601 0 0.0198899
18.8801 0 0.0198925
18.9001 0 0.0198922
18.9201 0 0.0198919
18.9401 0 0.0198481
18.9601 0 0.0198885
18.9801 0 0.0198908
19.0001 0 0.0198922
19.0201 0 0.0198948
19.0401 0 0.0198908
19.0601 0 0.0198898
19.0801 0 0.0198899
19.1001 0 0.019892
19.1201 0 0.0198923
19.1401 0 0.0198925
19.1601 0 0.0198527
19.1801 0 0.0198893
19.2001 0 0.0198914
19.2201 0 0.0198907
19.2401 0 0.0198911
19.2601 0 0.0199008
19.2801 0 0.0198887
19.3001 0 0.0198899
19.3201 0 0.0198962
19.3401 0 0.019892
19.3601 0 0.0198921
19.3801 0 0.0198515
19.4001 0 0.0198934
19.4201 0 0.0198898
19.4401 0 0.0198922
19.4601 0 0.0198909
19.4801 0 0.01985
19.5001 0 0.0198889
19.5201 0 0.0198941
19.5401 0 0.0198909
19.5601 0 0.0198921
19.5801 0 0.0198923
19.6001 0 0.0198513
19.6201 0 0.0198891
19.6401 0 0.019891
19.6601 0 0.0198914
19.6801 0 0.0198955
19.7001 0 0.0198504
19.7201 0 0.0198894
19.7401 0 0.0198909
19.7601 0 0.0198917
19.7801 0 0.0198903
19.8001 0 0.019891
19.8201 0 0.0198527
19.8401 0 0.0198889
19.8601 0 0.0198919
19.8801 0 0.0198923
19.9001 0 0.0198903
19.9201 0 0.0198508
19.9401 0 0.0198896
19.9601 0 0.0198911
19.9801 0 0.019892
20.0001 0 0.0198927
20.0201 0 0.0198955
20.0402 0 0.0197958
20.0601 0 0.0198884
20.0801 0 0.0198907
20.1001 0 0.0198941
20.1201 0 0.0198904
20.1401 0 0.0198913
20.1601 0 0.0198919
20.1801 0 0.0198929
20.2001 0 0.0198917
20.2201 0 0.0198908
20.2401 0 0.0198915
20.2601 0 0.0198512
20.2801 0 0.0198888
20.3001 0 0.0198903
20.3201 0 0.0198887
20.3401 0 0.0198904
20.3601 0 0.0198494
20.3801 0 0.0198895
20.4001 0 0.0198904
20.4201 0 0.0198916
20.4401 0 0.019894
20.4601 0 0.0198501
