1.458e-06 -0.0195408 -0.00196969
0.00297724 -0.0195408 -0.00393167
0.00593505 -0.0195408 -0.00492719
0.00793031 -0.0195408 -0.00592604
0.00992922 -0.0195408 -0.00692969
0.0119329 -0.0195408 -0.00792573
0.0139289 -0.0195408 -0.00892672
0.0159298 -0.0195408 -0.0099274
0.0179306 -0.0195408 -0.0109255
0.0199286 -0.0195408 -0.0119277
0.0219308 -0.0195408 -0.0129261
0.0239293 -0.0195408 -0.0139269
0.0259301 -0.0097704 -0.0149249
0.027928 -0.0195408 -0.0159268
0.0299299 -0.0195408 -0.0169277
0.0319308 -0.0195408 -0.0179268
0.0339299 -0.0195408 -0.0189256
0.0359287 -0.0195408 -0.0199268
0.0379299 -0.0195408 -0.0209263
0.0399293 -0.0195408 -0.0219277
0.0419308 -0.0195408 -0.022927
0.0439302 -0.0195408 -0.0239268
0.0459299 -0.0195408 -0.0249256
0.0479287 -0.0195408 -0.0259264
0.0499295 -0.0195408 -0.0269272
0.0519304 -0.0195408 -0.0279193
0.0539224 -0.0195408 -0.0289194
0.0559226 -0.0195408 -0.02992
0.0579231 -0.0195408 -0.0309187
0.0599219 -0.0195408 -0.0319397
0.0619434 -0.0195408 -0.032928
0.0639311 -0.0195408 -0.0339267
0.0659298 -0.0195408 -0.0349256
0.0679288 -0.0195408 -0.0359265
0.0699296 -0.0195408 -0.0369291
0.0719322 -0.0195408 -0.0379278
0.0739313 -0.0195408 -0.0389254
0.0759285 -0.0195408 -0.0399331
0.0779364 -0.0195408 -0.0409255
0.0799287 -0.0195408 -0.0419268
0.08193 -0.0195408 -0.0429269
0.0839301 -0.0195408 -0.0439263
0.0859294 -0.0195408 -0.0449252
0.0879283 -0.0195408 -0.045926
0.0899291 -0.0195408 -0.0469271
0.0919303 -0.0195408 -0.0479262
0.0939294 -0.0195408 -0.0489251
0.0959283 -0.0195408 -0.0499281
0.0979312 -0.0195408 -0.0509261
0.0999292 -0.0195408 -0.0519285
0.101932 -0.0195408 -0.0529265
0.10393 -0.0195408 -0.0539268
0.10593 -0.0195408 -0.0549267
0.10793 -0.0195408 -0.0559262
0.109929 -0.0195408 -0.0569279
0.111931 -0.0195408 -0.0579268
0.11393 -0.0195408 -0.0589265
0.11593 -0.0195408 -0.0599262
0.11793 -0.0195408 -0.0609261
0.119929 -0.0195408 -0.061927
0.12193 -0.0195408 -0.0629254
0.123929 -0.0195408 -0.0639258
0.125929 -0.0195408 -0.0649258
0.127929 -0.0195408 -0.0659259
0.129929 -0.0195408 -0.0669268
0.13193 -0.0195408 -0.0679265
0.13393 -0.0195408 -0.068939
0.135943 -0.0195408 -0.069931
0.137934 -0.0195408 -0.0709289
0.139932 -0.0195408 -0.0719287
0.141932 -0.0195408 -0.0729264
0.14393 -0.0195408 -0.0739259
0.145929 -0.0195408 -0.0749282
0.147931 -0.0195408 -0.0759271
0.14993 -0.0195408 -0.0769275
0.151931 -0.0195408 -0.0779285
0.153932 -0.0195408 -0.0789272
0.15593 -0.0195408 -0.0799268
0.15793 -0.0195408 -0.0809266
0.15993 -0.0195408 -0.0821534
0.162157 -0.0195408 -0.0839101
0.164914 -0.0195408 -0.0849077
0.16691 -0.0195408 -0.0859069
0.16891 -0.0195408 -0.0869071
0.17091 -0.0195408 -0.0879069
0.17291 -0.0195408 -0.0889068
0.174909 -0.0195408 -0.0899064
0.176909 -0.0195408 -0.090907
0.17891 -0.0195408 -0.0919068
0.180909 -0.0195408 -0.0929064
0.182909 -0.0195408 -0.0939067
0.184909 -0.0195408 -0.0949074
0.18691 -0.0195408 -0.0959069
0.18891 -0.0195408 -0.0969072
0.190911 -0.0195408 -0.0979077
0.19291 -0.0195408 -0.0989096
0.194915 -0.0195408 -0.0999071
0.19691 -0.0195408 -0.100907
0.198909 -0.0195408 -0.101907
0.200909 -0.0195408 -0.102903
0.202905 -0.0195408 -0.103901
0.204903 -0.0195408 -0.104901
0.206904 -0.0195408 -0.105901
0.208904 -0.0195408 -0.106902
0.210905 -0.0195408 -0.108915
0.213918 -0.0195408 -0.10991
0.215914 -0.0195408 -0.110909
0.217914 -0.0195408 -0.111907
0.21991 -0.0195408 -0.112908
0.221911 -0.0195408 -0.113908
0.22391 -0.0195408 -0.114906
0.225909 -0.0195408 -0.115909
0.227912 -0.0195408 -0.116907
0.22991 -0.0195408 -0.117922
0.231925 -0.0195408 -0.118911
0.233915 -0.0195408 -0.119908
0.235911 -0.0195408 -0.120908
0.237911 -0.0195408 -0.121907
0.23991 -0.0195408 -0.122909
0.241912 -0.0195408 -0.123908
0.243911 -0.0195408 -0.124909
0.245911 -0.0195408 -0.125907
0.247909 -0.0195408 -0.126909
0.249911 -0.0195408 -0.127908
0.25191 -0.0195408 -0.128908
0.253911 -0.0195408 -0.129907
0.25591 -0.0195408 -0.130908
0.257911 -0.0195408 -0.131908
0.25991 -0.0195408 -0.132909
0.261912 -0.0195408 -0.134928
0.264931 -0.0195408 -0.13592
0.266923 -0.0195408 -0.13692
0.268923 -0.0195408 -0.13792
0.270923 -0.0195408 -0.138929
0.272932 -0.0195408 -0.139927
0.27493 -0.0195408 -0.140927
0.276931 -0.0195408 -0.141927
0.27893 -0.0195408 -0.142927
0.280931 -0.0195408 -0.143927
0.28293 -0.0195408 -0.144927
0.28493 -0.0195408 -0.145927
0.28693 -0.0195408 -0.146927
0.288931 -0.0195408 -0.147926
0.290929 -0.0195408 -0.148927
0.29293 -0.0195408 -0.149925
0.294928 -0.0195408 -0.150926
0.296929 -0.0195408 -0.151926
0.298929 -0.0195408 -0.152926
0.300929 -0.0195408 -0.153926
0.30293 -0.0195408 -0.154926
0.304929 -0.0195408 -0.155926
0.306929 -0.0195408 -0.156925
0.308928 -0.0195408 -0.157934
0.310937 -0.0195408 -0.158927
0.31293 -0.0195408 -0.159927
0.31493 -0.0195408 -0.160926
0.316929 -0.0195408 -0.161926
0.318929 -0.0195408 -0.162926
0.320929 -0.0195408 -0.163927
0.32293 -0.0195408 -0.164926
0.324929 -0.0195408 -0.165926
0.326929 -0.0195408 -0.166926
0.328929 -0.0195408 -0.167926
0.33093 -0.0195408 -0.168927
0.33293 -0.0195408 -0.169926
0.334929 -0.0195408 -0.170926
0.33693 -0.0195408 -0.171925
0.338929 -0.0195408 -0.172928
0.340931 -0.0195408 -0.173926
0.34293 -0.0195408 -0.174927
0.34493 -0.0195408 -0.175926
0.346929 -0.0195408 -0.176926
0.348929 -0.0195408 -0.177926
0.350929 -0.0195408 -0.178927
0.35293 -0.0195408 -0.179926
0.354929 -0.0195408 -0.180926
0.356929 -0.0195408 -0.181926
0.358929 -0.0195408 -0.182926
0.360929 -0.0195408 -0.184102
0.363106 -0.0195408 -0.185909
0.365912 -0.0195408 -0.186909
0.367912 -0.0195408 -0.187909
0.369911 -0.0195408 -0.188908
0.371911 -0.0195408 -0.189907
0.37391 -0.0195408 -0.190906
0.375909 -0.0195408 -0.191907
0.37791 -0.0195408 -0.192907
0.37991 -0.0195408 -0.193908
0.381911 -0.0195408 -0.194908
0.383911 -0.0195408 -0.195907
0.38591 -0.0195408 -0.196907
0.38791 -0.0195408 -0.197907
0.38991 -0.0195408 -0.198908
0.391911 -0.0195408 -0.199909
0.393911 -0.0195408 -0.200907
0.39591 -0.0195408 -0.201908
0.39791 -0.0195408 -0.202907
0.39991 -0.0195408 -0.203909
0.401913 -0.0195408 -0.204907
0.40391 -0.0195408 -0.205908
0.405911 -0.0195408 -0.206907
0.40791 -0.0195408 -0.207907
0.409909 -0.0195408 -0.208908
0.411911 -0.0195408 -0.209908
0.413911 -0.0195408 -0.210907
0.41591 -0.0195408 -0.211908
0.417911 -0.0195408 -0.212907
0.41991 -0.0195408 -0.213909
0.421911 -0.0195408 -0.214907
0.42391 -0.0195408 -0.215908
0.42591 -0.0195408 -0.216907
0.42791 -0.0195408 -0.217907
0.42991 -0.0195408 -0.218908
0.43191 -0.0195408 -0.219908
0.433911 -0.0195408 -0.220908
0.43591 -0.0195408 -0.221907
0.43791 -0.0195408 -0.222908
0.43991 -0.0195408 -0.223907
0.44191 -0.0195408 -0.224908
0.443911 -0.0195408 -0.225907
0.44591 -0.0195408 -0.226907
0.44791 -0.0195408 -0.227916
0.449919 -0.0195408 -0.228908
0.451911 -0.0195408 -0.229903
0.453906 -0.0195408 -0.230902
0.455905 -0.0195408 -0.231903
0.457905 -0.0195408 -0.232901
0.459903 -0.0195408 -0.233914
0.461916 -0.0195408 -0.235061
0.464064 -0.0195408 -0.236928
0.466931 -0.0195408 -0.237928
0.468931 -0.0195408 -0.238926
0.47093 -0.0195408 -0.23992
0.472923 -0.0195408 -0.24092
0.474923 -0.0195408 -0.241919
0.476922 -0.0195408 -0.242919
0.478923 -0.0195408 -0.243919
0.480922 -0.0195408 -0.244929
0.482932 -0.0195408 -0.245926
0.484929 -0.0195408 -0.246926
0.486929 -0.0195408 -0.247926
0.488929 -0.0195408 -0.248927
0.49093 -0.0195408 -0.249927
0.49293 -0.0195408 -0.250926
0.49493 -0.0195408 -0.251926
0.496929 -0.0195408 -0.252926
0.498929 -0.0195408 -0.253925
0.500928 -0.0195408 -0.254919
0.502922 -0.0195408 -0.255919
0.504922 -0.0195408 -0.256919
0.506922 -0.0195408 -0.257919
0.508922 -0.0195408 -0.258919
0.510922 -0.0195408 -0.259927
0.51293 -0.0195408 -0.260927
0.514931 -0.0195408 -0.261927
0.51693 -0.0195408 -0.262926
0.518929 -0.0195408 -0.263928
0.520931 -0.0195408 -0.264927
0.52293 -0.0195408 -0.265925
0.524928 -0.0195408 -0.266927
0.52693 -0.0195408 -0.267926
0.528929 -0.0195408 -0.268926
0.530929 -0.0195408 -0.270932
0.533936 -0.0195408 -0.271928
0.535931 -0.0195408 -0.27293
0.537933 -0.0195408 -0.273927
0.539931 -0.0195408 -0.274927
0.54193 -0.0195408 -0.275927
0.54393 -0.0195408 -0.276927
0.54593 -0.0195408 -0.277927
0.54793 -0.0195408 -0.278925
0.549928 -0.0195408 -0.279929
0.551932 -0.0195408 -0.280926
0.55393 -0.0195408 -0.281926
0.555929 -0.0195408 -0.282927
0.557931 -0.0195408 -0.283926
0.559929 -0.0195408 -0.284927
0.56193 -0.0195408 -0.286104
0.564107 -0.0195408 -0.287907
0.56691 -0.0195408 -0.288909
0.568911 -0.0195408 -0.289907
0.57091 -0.0195408 -0.290906
0.572909 -0.0195408 -0.291907
0.574909 -0.0195408 -0.292906
0.576909 -0.0195408 -0.293906
0.578909 -0.0195408 -0.294906
0.580909 -0.0195408 -0.295907
0.582909 -0.0195408 -0.296906
0.584909 -0.0195408 -0.297907
0.586909 -0.0195408 -0.298906
0.588909 -0.0195408 -0.299907
0.590909 -0.0195408 -0.300907
0.59291 -0.0195408 -0.301907
0.594909 -0.0195408 -0.302906
0.596909 -0.0195408 -0.303907
0.598909 -0.0195408 -0.304907
0.600909 -0.0195408 -0.305908
0.60291 -0.0195408 -0.306907
0.60491 -0.0195408 -0.307907
0.60691 -0.0195408 -0.308906
0.608909 -0.0195408 -0.309907
0.610909 -0.0195408 -0.310906
0.612909 -0.0195408 -0.311915
0.614918 -0.0195408 -0.312907
0.61691 -0.0195408 -0.313907
0.61891 -0.0195408 -0.314907
0.620909 -0.0195408 -0.315907
0.62291 -0.0195408 -0.316907
0.62491 -0.0195408 -0.317908
0.62691 -0.0195408 -0.318906
0.628909 -0.0195408 -0.319908
0.63091 -0.0195408 -0.320906
0.632909 -0.0195408 -0.321906
0.634909 -0.0195408 -0.322906
0.636909 -0.0195408 -0.323906
0.638909 -0.0195408 -0.324906
0.640909 -0.0195408 -0.325908
0.64291 -0.0195408 -0.326906
0.644909 -0.0195408 -0.327907
0.646911 -0.0195408 -0.328907
0.648909 -0.0195408 -0.329907
0.65091 -0.0195408 -0.330907
0.65291 -0.0195408 -0.331907
0.654909 -0.0195408 -0.332907
0.656909 -0.0195408 -0.333906
0.658909 -0.0195408 -0.334906
0.660909 -0.0195408 -0.335907
0.66291 -0.0195408 -0.337055
0.665058 -0.0195408 -0.338928
0.667932 -0.0195408 -0.339927
0.66993 -0.0195408 -0.340927
0.67193 -0.0195408 -0.341927
0.67393 -0.0097704 -0.342925
0.675928 -0.0195408 -0.343927
0.67793 -0.0195408 -0.344926
0.679929 -0.0195408 -0.345929
0.681932 -0.0195408 -0.34692
0.683923 -0.0195408 -0.34792
0.685923 -0.0195408 -0.34892
0.687923 -0.0195408 -0.34992
0.689923 -0.0195408 -0.350926
0.691929 -0.0195408 -0.351926
0.693929 -0.0195408 -0.352927
0.69593 -0.0195408 -0.353926
0.697929 -0.0195408 -0.354927
0.69993 -0.0195408 -0.355928
0.701931 -0.0195408 -0.356919
0.703922 -0.0195408 -0.357919
0.705922 -0.0195408 -0.358921
0.707924 -0.0195408 -0.35992
0.709923 -0.0195408 -0.360927
0.71193 -0.0195408 -0.361927
0.71393 -0.0195408 -0.362926
0.715929 -0.0195408 -0.363926
0.71793 -0.0195408 -0.364927
0.71993 -0.0195408 -0.365928
0.721931 -0.0195408 -0.366926
0.723929 -0.0195408 -0.367925
0.725929 -0.0195408 -0.368926
0.727929 -0.0195408 -0.369926
0.729929 -0.0195408 -0.370928
0.731931 -0.0195408 -0.371927
0.73393 -0.0195408 -0.372926
0.735929 -0.0195408 -0.373926
0.737929 -0.0195408 -0.374927
0.73993 -0.0195408 -0.375927
0.74193 -0.0195408 -0.376927
0.74393 -0.0195408 -0.377926
0.74593 -0.0195408 -0.378926
0.747929 -0.0195408 -0.379926
0.749929 -0.0195408 -0.380929
0.751932 -0.0195408 -0.381933
0.753936 -0.0195408 -0.382926
0.755929 -0.0195408 -0.383927
0.75793 -0.0195408 -0.384925
0.759928 -0.0195408 -0.385928
0.761931 -0.0195408 -0.386919
0.763922 -0.0195408 -0.388091
0.766094 -0.0195408 -0.389903
0.768906 -0.0195408 -0.390902
0.770904 -0.0195408 -0.391917
0.77292 -0.0195408 -0.392907
0.77491 -0.0195408 -0.393907
0.77691 -0.0195408 -0.394908
0.77891 -0.0195408 -0.395906
0.780909 -0.0195408 -0.396906
0.782909 -0.0195408 -0.397906
0.784909 -0.0195408 -0.398908
0.78691 -0.0195408 -0.399906
0.788909 -0.0195408 -0.400907
0.79091 -0.0195408 -0.401907
0.792909 -0.0195408 -0.402907
0.79491 -0.0195408 -0.403907
0.796909 -0.0195408 -0.404906
0.798909 -0.0195408 -0.405907
0.80091 -0.0195408 -0.406908
0.80291 -0.0195408 -0.407907
0.804909 -0.0195408 -0.408907
0.806909 -0.0195408 -0.409906
0.808908 -0.0195408 -0.410907
0.810909 -0.0195408 -0.411907
0.81291 -0.0195408 -0.412907
0.81491 -0.0195408 -0.413906
0.816909 -0.0195408 -0.414906
0.818909 -0.0195408 -0.415907
0.82091 -0.0195408 -0.416907
0.822909 -0.0195408 -0.417907
0.824909 -0.0195408 -0.418907
0.826909 -0.0195408 -0.419907
0.82891 -0.0195408 -0.420906
0.830909 -0.0195408 -0.421908
0.832911 -0.0195408 -0.422906
0.834909 -0.0195408 -0.423906
0.836909 -0.0195408 -0.424908
0.838911 -0.0195408 -0.425907
0.84091 -0.0195408 -0.426907
0.84291 -0.0195408 -0.427906
0.844909 -0.0195408 -0.428907
0.846909 -0.0195408 -0.429907
0.84891 -0.0195408 -0.430909
0.850913 -0.0195408 -0.431907
0.85291 -0.0195408 -0.432906
0.854909 -0.0195408 -0.433907
0.856909 -0.0195408 -0.434907
0.858909 -0.0195408 -0.435907
0.860909 -0.0195408 -0.436908
0.86291 -0.0195408 -0.437906
0.864909 -0.0195408 -0.438915
0.866918 -0.0195408 -0.439928
0.868932 -0.0195408 -0.440926
0.870929 -0.0195408 -0.441926
0.872929 -0.0195408 -0.442925
0.874928 -0.0195408 -0.443926
0.876929 -0.0195408 -0.444925
0.878928 -0.0195408 -0.445926
0.880929 -0.0195408 -0.446926
0.882929 -0.0195408 -0.447926
0.88493 -0.0195408 -0.448926
0.886929 -0.0195408 -0.449925
0.888929 -0.0195408 -0.450925
0.890928 -0.0195408 -0.45192
0.892923 -0.0195408 -0.452919
0.894922 -0.0195408 -0.453919
0.896922 -0.0195408 -0.45492
0.898923 -0.0195408 -0.455919
0.900922 -0.0195408 -0.456927
0.902931 -0.0195408 -0.457926
0.904929 -0.0195408 -0.458928
0.906931 -0.0195408 -0.459926
0.908929 -0.0195408 -0.460926
0.910929 -0.0195408 -0.461935
0.912938 -0.0195408 -0.462928
0.914931 -0.0195408 -0.463925
0.916928 -0.0195408 -0.464926
0.918929 -0.0195408 -0.465925
0.920928 -0.0195408 -0.466927
0.92293 -0.0195408 -0.467927
0.92493 -0.0195408 -0.468925
0.926928 -0.0195408 -0.469926
0.928929 -0.0195408 -0.470926
0.93093 -0.0195408 -0.471926
0.93293 -0.0195408 -0.472925
0.934929 -0.0195408 -0.473926
0.936929 -0.0195408 -0.474928
0.938931 -0.0195408 -0.475925
0.940929 -0.0195408 -0.476926
0.942929 -0.0195408 -0.477925
0.944929 -0.0195408 -0.478926
0.946929 -0.0195408 -0.479926
0.948929 -0.0195408 -0.480926
0.950929 -0.0195408 -0.481919
0.952923 -0.0195408 -0.48292
0.954923 -0.0195408 -0.483919
0.956923 -0.0195408 -0.484919
0.958922 -0.0195408 -0.485918
0.960921 -0.0195408 -0.486927
0.96293 -0.0195408 -0.487926
0.964929 -0.0195408 -0.489105
0.967109 -0.0195408 -0.49091
0.969914 -0.0195408 -0.491909
0.971913 -0.0195408 -0.492909
0.973913 -0.0195408 -0.493907
0.975909 -0.0195408 -0.494908
0.977911 -0.0195408 -0.495907
0.97991 -0.0195408 -0.496907
0.98191 -0.0195408 -0.497907
0.98391 -0.0195408 -0.498908
0.98591 -0.0195408 -0.499908
0.98791 -0.0195408 -0.500908
0.989911 -0.0195408 -0.501908
0.991911 -0.0195408 -0.502909
0.993911 -0.0195408 -0.503907
0.99591 -0.0195408 -0.504908
0.99791 -0.0195408 -0.505908
0.999911 -0.0195408 -0.506908
1.00191 -0.0195408 -0.507907
1.00391 -0.0195408 -0.508916
1.00592 -0.0195408 -0.509908
1.00791 -0.0195408 -0.510906
1.00991 -0.0195408 -0.511908
1.01191 -0.0195408 -0.512908
1.01391 -0.0195408 -0.513908
1.01591 -0.0195408 -0.514909
1.01791 -0.0195408 -0.515907
1.01991 -0.0195408 -0.516908
1.02191 -0.0195408 -0.517908
1.02391 -0.0195408 -0.518906
1.02591 -0.0195408 -0.519908
1.02791 -0.0195408 -0.520907
1.02991 -0.0195408 -0.521908
1.03191 -0.0195408 -0.522907
1.03391 -0.0195408 -0.523907
1.03591 -0.0195408 -0.524907
1.03791 -0.0195408 -0.525907
1.03991 -0.0195408 -0.526908
1.04191 -0.0195408 -0.527908
1.04391 -0.0195408 -0.528907
1.04591 -0.0195408 -0.529908
1.04791 -0.0195408 -0.530908
1.04991 -0.0195408 -0.531908
1.05191 -0.0195408 -0.532908
1.05391 -0.0195408 -0.533908
1.05591 -0.0195408 -0.534908
1.05791 -0.0195408 -0.535907
1.05991 -0.0195408 -0.536908
1.06191 -0.0195408 -0.537907
1.06391 -0.0195408 -0.538907
1.06591 -0.0195408 -0.540058
1.06806 -0.0195408 -0.541929
1.07093 -0.0195408 -0.542928
1.07293 -0.0195408 -0.543926
1.07493 -0.0195408 -0.544926
1.07693 -0.0195408 -0.545926
1.07893 -0.0195408 -0.546927
1.08093 -0.0195408 -0.547926
1.08293 -0.0195408 -0.548927
1.08493 -0.0195408 -0.549926
1.08693 -0.0195408 -0.550927
1.08893 -0.0195408 -0.551926
1.09093 -0.0195408 -0.552927
1.09293 -0.0195408 -0.553926
1.09493 -0.0195408 -0.554925
1.09693 -0.0195408 -0.555933
1.09894 -0.0195408 -0.556927
1.10093 -0.0195408 -0.557921
1.10292 -0.0195408 -0.558919
1.10492 -0.0195408 -0.559918
1.10692 -0.0195408 -0.560919
1.10892 -0.0195408 -0.561917
1.11092 -0.0195408 -0.562929
1.11293 -0.0195408 -0.563927
1.11493 -0.0195408 -0.564925
1.11693 -0.0195408 -0.565926
1.11893 -0.0195408 -0.566926
1.12093 -0.0195408 -0.567928
1.12293 -0.0195408 -0.568926
1.12493 -0.0195408 -0.569926
1.12693 -0.0195408 -0.570926
1.12893 -0.0195408 -0.571926
1.13093 -0.0195408 -0.572925
1.13293 -0.0195408 -0.573926
1.13493 -0.0195408 -0.574926
1.13693 -0.0195408 -0.575927
1.13893 -0.0195408 -0.576926
1.14093 -0.0195408 -0.577926
1.14293 -0.0195408 -0.578927
1.14493 -0.0195408 -0.579926
1.14693 -0.0195408 -0.580926
1.14893 -0.0195408 -0.581926
1.15093 -0.0195408 -0.582927
1.15293 -0.0195408 -0.583927
1.15493 -0.0195408 -0.584926
1.15693 -0.0195408 -0.585926
1.15893 -0.0195408 -0.586926
1.16093 -0.0195408 -0.587926
1.16293 -0.0195408 -0.588926
1.16493 -0.0195408 -0.589926
1.16693 -0.0195408 -0.591098
1.1691 -0.0195408 -0.592918
1.17192 -0.0195408 -0.593909
1.17391 -0.0195408 -0.594907
1.17591 -0.0195408 -0.595908
1.17791 -0.0195408 -0.596909
1.17991 -0.0195408 -0.597908
1.18191 -0.0195408 -0.598908
1.18391 -0.0195408 -0.599907
1.18591 -0.0195408 -0.600907
1.18791 -0.0195408 -0.601908
1.18991 -0.0195408 -0.602908
1.19191 -0.0195408 -0.603909
1.19391 -0.0195408 -0.604907
1.19591 -0.0195408 -0.605907
1.19791 -0.0195408 -0.606907
1.19991 -0.0195408 -0.607909
1.20191 -0.0195408 -0.608903
1.20391 -0.0195408 -0.609902
1.20591 -0.0195408 -0.610902
1.2079 -0.0195408 -0.611901
1.2099 -0.0195408 -0.612908
1.21191 -0.0195408 -0.613909
1.21391 -0.0195408 -0.614907
1.21591 -0.0195408 -0.615907
1.21791 -0.0195408 -0.616907
1.21991 -0.0195408 -0.617908
1.22191 -0.0195408 -0.618907
1.22391 -0.0195408 -0.619907
1.22591 -0.0195408 -0.620907
1.22791 -0.0195408 -0.621907
1.22991 -0.0195408 -0.622909
1.23191 -0.0195408 -0.623908
1.23391 -0.0195408 -0.624908
1.23591 -0.0195408 -0.625907
1.23791 -0.0195408 -0.626907
1.23991 -0.0195408 -0.627906
1.24191 -0.0195408 -0.628903
1.24391 -0.0195408 -0.629902
1.2459 -0.0195408 -0.630903
1.24791 -0.0195408 -0.631904
1.24991 -0.0195408 -0.632912
1.25192 -0.0195408 -0.633909
1.25391 -0.0195408 -0.634908
1.25591 -0.0195408 -0.635908
1.25791 -0.0195408 -0.636908
1.25991 -0.0195408 -0.637916
1.26192 -0.0097704 -0.638909
1.26391 -0.0195408 -0.639908
1.26591 -0.0195408 -0.640908
1.26791 -0.0195408 -0.642058
1.27006 -0.0195408 -0.64393
1.27293 -0.0195408 -0.644927
1.27493 -0.0195408 -0.645927
1.27693 -0.0195408 -0.646926
1.27893 -0.0195408 -0.647926
1.28093 -0.0195408 -0.648927
1.28293 -0.0195408 -0.649925
1.28493 -0.0195408 -0.650926
1.28693 -0.0195408 -0.651927
1.28893 -0.0195408 -0.652926
1.29093 -0.0195408 -0.653926
1.29293 -0.0195408 -0.654925
1.29493 -0.0195408 -0.655925
1.29693 -0.0195408 -0.656925
1.29893 -0.0195408 -0.657925
1.30093 -0.0195408 -0.658928
1.30293 -0.0195408 -0.659925
1.30493 -0.0195408 -0.660926
1.30693 -0.0195408 -0.661926
1.30893 -0.0195408 -0.662928
1.31093 -0.0195408 -0.663919
1.31292 -0.0195408 -0.66492
1.31492 -0.0195408 -0.665919
1.31692 -0.0195408 -0.666919
1.31892 -0.0195408 -0.667919
1.32092 -0.0195408 -0.66893
1.32293 -0.0195408 -0.669928
1.32493 -0.0195408 -0.670926
1.32693 -0.0195408 -0.671926
1.32893 -0.0195408 -0.672926
1.33093 -0.0195408 -0.673927
1.33293 -0.0195408 -0.674927
1.33493 -0.0195408 -0.675926
1.33693 -0.0195408 -0.676926
1.33893 -0.0195408 -0.677926
1.34093 -0.0195408 -0.678926
1.34293 -0.0195408 -0.679926
1.34493 -0.0195408 -0.680925
1.34693 -0.0195408 -0.681926
1.34893 -0.0195408 -0.682925
1.35093 -0.0195408 -0.683926
1.35293 -0.0195408 -0.684927
1.35493 -0.0195408 -0.685926
1.35693 -0.0195408 -0.686926
1.35893 -0.0195408 -0.687926
1.36093 -0.0195408 -0.688927
1.36293 -0.0195408 -0.689927
1.36493 -0.0195408 -0.690926
1.36693 -0.0195408 -0.691926
1.36893 -0.0195408 -0.693101
1.3711 -0.0195408 -0.69491
1.37391 -0.0195408 -0.695907
1.37591 -0.0195408 -0.696909
1.37791 -0.0195408 -0.697907
1.37991 -0.0195408 -0.698909
1.38191 -0.0195408 -0.699908
1.38391 -0.0195408 -0.700907
1.38591 -0.0195408 -0.701907
1.38791 -0.0195408 -0.702907
1.38991 -0.0195408 -0.703907
1.39191 -0.0195408 -0.704909
1.39391 -0.0195408 -0.705909
1.39591 -0.0195408 -0.706907
1.39791 -0.0195408 -0.707907
1.39991 -0.0195408 -0.708916
1.40192 -0.0195408 -0.709907
1.40391 -0.0195408 -0.710907
1.40591 -0.0195408 -0.711908
1.40791 -0.0195408 -0.712907
1.40991 -0.0195408 -0.713907
1.41191 -0.0195408 -0.714907
1.41391 -0.0195408 -0.715907
1.41591 -0.0195408 -0.716908
1.41791 -0.0195408 -0.717907
1.41991 -0.0195408 -0.718907
1.42191 -0.0195408 -0.719907
1.42391 -0.0195408 -0.720907
1.42591 -0.0195408 -0.721907
1.42791 -0.0195408 -0.722907
1.42991 -0.0195408 -0.723908
1.43191 -0.0195408 -0.724909
1.43391 -0.0195408 -0.725908
1.43591 -0.0195408 -0.726907
1.43791 -0.0195408 -0.727907
1.43991 -0.0195408 -0.728908
1.44191 -0.0195408 -0.729908
1.44391 -0.0195408 -0.730908
1.44591 -0.0195408 -0.731908
1.44791 -0.0195408 -0.732908
1.44991 -0.0195408 -0.733909
1.45191 -0.0195408 -0.734902
1.4539 -0.0195408 -0.735903
1.45591 -0.0195408 -0.736903
1.45791 -0.0195408 -0.737901
1.4599 -0.0195408 -0.738911
1.46191 -0.0195408 -0.739908
1.46391 -0.0195408 -0.740908
1.46591 -0.0195408 -0.741908
1.46791 -0.0195408 -0.742907
1.46991 -0.0195408 -0.743911
1.47191 -0.0195408 -0.744926
1.47393 -0.0195408 -0.745927
1.47593 -0.0195408 -0.746927
1.47793 -0.0195408 -0.747927
1.47993 -0.0195408 -0.748927
1.48193 -0.0195408 -0.749927
1.48393 -0.0195408 -0.750925
1.48593 -0.0195408 -0.751927
1.48793 -0.0195408 -0.752927
1.48993 -0.0195408 -0.753927
1.49193 -0.0195408 -0.754928
1.49393 -0.0195408 -0.755927
1.49593 -0.0195408 -0.756927
1.49793 -0.0195408 -0.757926
1.49993 -0.0195408 -0.758929
1.50193 -0.0195408 -0.759925
1.50393 -0.0195408 -0.760926
1.50593 -0.0195408 -0.761925
1.50793 -0.0195408 -0.762926
1.50993 -0.0195408 -0.763927
1.51193 -0.0195408 -0.764926
1.51393 -0.0195408 -0.765927
1.51593 -0.0195408 -0.766929
1.51793 -0.0195408 -0.767926
1.51993 -0.0195408 -0.768927
1.52193 -0.0195408 -0.769919
1.52392 -0.0195408 -0.770919
1.52592 -0.0195408 -0.771919
1.52792 -0.0195408 -0.772918
1.52992 -0.0195408 -0.773928
1.53193 -0.0195408 -0.774927
1.53393 -0.0195408 -0.775927
1.53593 -0.0195408 -0.776926
1.53793 -0.0195408 -0.777933
1.53994 -0.0195408 -0.778927
1.54193 -0.0195408 -0.779925
1.54393 -0.0195408 -0.780926
1.54593 -0.0195408 -0.781926
1.54793 -0.0195408 -0.782925
1.54993 -0.0195408 -0.783928
1.55193 -0.0195408 -0.784926
1.55393 -0.0195408 -0.785926
1.55593 -0.0195408 -0.786926
1.55793 -0.0195408 -0.787926
1.55993 -0.0195408 -0.788927
1.56193 -0.0195408 -0.789927
1.56393 -0.0195408 -0.790926
1.56593 -0.0195408 -0.791925
1.56793 -0.0195408 -0.792926
1.56993 -0.0195408 -0.794105
1.57211 -0.0195408 -0.795908
1.57491 -0.0195408 -0.796908
1.57691 -0.0195408 -0.797907
1.57891 -0.0195408 -0.798907
1.58091 -0.0195408 -0.799907
1.58291 -0.0195408 -0.800906
1.58491 -0.0195408 -0.801907
1.58691 -0.0195408 -0.802907
1.58891 -0.0195408 -0.803907
1.59091 -0.0195408 -0.804907
1.59291 -0.0195408 -0.805908
1.59491 -0.0195408 -0.806906
1.59691 -0.0195408 -0.807907
1.59891 -0.0195408 -0.808906
1.60091 -0.0195408 -0.809907
1.60291 -0.0195408 -0.810906
1.60491 -0.0195408 -0.811906
1.60691 -0.0195408 -0.812907
1.60891 -0.0195408 -0.81391
1.61091 -0.0195408 -0.814908
1.61291 -0.0195408 -0.815907
1.61491 -0.0195408 -0.816906
1.61691 -0.0195408 -0.817907
1.61891 -0.0195408 -0.818907
1.62091 -0.0195408 -0.819907
1.62291 -0.0195408 -0.820907
1.62491 -0.0195408 -0.821907
1.62691 -0.0195408 -0.822906
1.62891 -0.0195408 -0.823907
1.63091 -0.0195408 -0.824907
1.63291 -0.0195408 -0.825907
1.63491 -0.0195408 -0.826906
1.63691 -0.0195408 -0.827907
1.63891 -0.0195408 -0.828907
1.64091 -0.0195408 -0.829907
1.64291 -0.0195408 -0.830908
1.64491 -0.0195408 -0.831907
1.64691 -0.0195408 -0.832906
1.64891 -0.0195408 -0.833907
1.65091 -0.0195408 -0.834907
1.65291 -0.0195408 -0.835907
1.65491 -0.0195408 -0.836907
1.65691 -0.0195408 -0.837907
1.65891 -0.0195408 -0.838908
1.66091 -0.0195408 -0.839907
1.66291 -0.0195408 -0.840907
1.66491 -0.0195408 -0.841907
1.66691 -0.0195408 -0.842907
1.66891 -0.0195408 -0.843906
1.67091 -0.0195408 -0.845055
1.67306 -0.0195408 -0.846927
1.67593 -0.0195408 -0.847927
1.67793 -0.0195408 -0.848927
1.67993 -0.0195408 -0.849929
1.68193 -0.0195408 -0.850927
1.68393 -0.0195408 -0.851927
1.68593 -0.0195408 -0.852927
1.68793 -0.0195408 -0.853926
1.68993 -0.0195408 -0.854928
1.69193 -0.0195408 -0.855927
1.69393 -0.0195408 -0.856926
1.69593 -0.0195408 -0.857927
1.69793 -0.0195408 -0.858926
1.69993 -0.0195408 -0.859927
1.70193 -0.0195408 -0.86092
1.70392 -0.0195408 -0.86192
1.70592 -0.0195408 -0.862919
1.70792 -0.0195408 -0.863919
1.70992 -0.0195408 -0.864927
1.71193 -0.0195408 -0.865927
1.71393 -0.0195408 -0.866927
1.71593 -0.0195408 -0.867927
1.71793 -0.0195408 -0.868927
1.71993 -0.0195408 -0.869928
1.72193 -0.0195408 -0.870926
1.72393 -0.0195408 -0.871933
1.72594 -0.0195408 -0.872927
1.72793 -0.0195408 -0.873927
1.72993 -0.0195408 -0.874928
1.73193 -0.0195408 -0.87592
1.73392 -0.0195408 -0.87692
1.73592 -0.0195408 -0.877918
1.73792 -0.0195408 -0.87892
1.73992 -0.0195408 -0.879928
1.74193 -0.0195408 -0.880928
1.74393 -0.0195408 -0.881926
1.74593 -0.0195408 -0.882925
1.74793 -0.0195408 -0.883926
1.74993 -0.0195408 -0.884927
1.75193 -0.0195408 -0.885926
1.75393 -0.0195408 -0.886926
1.75593 -0.0195408 -0.887926
1.75793 -0.0195408 -0.888925
1.75993 -0.0195408 -0.889927
1.76193 -0.0195408 -0.890926
1.76393 -0.0195408 -0.891926
1.76593 -0.0195408 -0.892926
1.76793 -0.0195408 -0.893925
1.76993 -0.0195408 -0.894927
1.77193 -0.0195408 -0.896097
1.7741 -0.0195408 -0.897907
1.77691 -0.0195408 -0.898906
1.77891 -0.0195408 -0.899905
1.78091 -0.0195408 -0.900906
1.78291 -0.0195408 -0.901906
1.78491 -0.0195408 -0.902907
1.78691 -0.0195408 -0.903906
1.78891 -0.0195408 -0.904906
1.79091 -0.0195408 -0.905906
1.79291 -0.0195408 -0.906906
1.79491 -0.0195408 -0.907907
1.79691 -0.0195408 -0.908906
1.79891 -0.0195408 -0.909906
1.80091 -0.0195408 -0.910906
1.80291 -0.0195408 -0.911906
1.80491 -0.0195408 -0.912906
1.80691 -0.0195408 -0.913906
1.80891 -0.0195408 -0.914907
1.81091 -0.0195408 -0.915908
1.81291 -0.0195408 -0.916906
1.81491 -0.0195408 -0.917906
1.81691 -0.0195408 -0.918911
1.81891 -0.0195408 -0.919906
1.82091 -0.0195408 -0.920906
1.82291 -0.0195408 -0.921905
1.82491 -0.0195408 -0.922906
1.82691 -0.0195408 -0.923905
1.82891 -0.0195408 -0.924905
1.83091 -0.0195408 -0.925906
1.83291 -0.0195408 -0.926907
1.83491 -0.0195408 -0.927906
1.83691 -0.0195408 -0.928905
1.83891 -0.0195408 -0.929906
1.84091 -0.0195408 -0.930906
1.84291 -0.0195408 -0.931906
1.84491 -0.0195408 -0.932906
1.84691 -0.0195408 -0.933905
1.84891 -0.0195408 -0.934907
1.85091 -0.0195408 -0.935906
1.85291 -0.0195408 -0.936906
1.85491 -0.0195408 -0.937906
1.85691 -0.0195408 -0.938906
1.85891 -0.0195408 -0.939906
1.86091 -0.0195408 -0.940906
1.86291 -0.0195408 -0.941906
1.86491 -0.0195408 -0.942906
1.86691 -0.0195408 -0.943905
1.86891 -0.0195408 -0.944906
1.87091 -0.0195408 -0.945906
1.87291 -0.0195408 -0.947052
1.87505 -0.0195408 -0.948928
1.87793 -0.0195408 -0.949925
1.87993 -0.0195408 -0.950928
1.88193 -0.0195408 -0.951926
1.88393 -0.0195408 -0.952926
1.88593 -0.0195408 -0.953926
1.88793 -0.0195408 -0.954926
1.88993 -0.0195408 -0.955927
1.89193 -0.0195408 -0.956928
1.89393 -0.0195408 -0.957927
1.89593 -0.0195408 -0.958927
1.89793 -0.0195408 -0.959927
1.89993 -0.0195408 -0.960928
1.90193 -0.0195408 -0.961927
1.90393 -0.0195408 -0.962926
1.90593 -0.0195408 -0.963927
1.90793 -0.0195408 -0.964926
1.90993 -0.0195408 -0.965928
1.91193 -0.0195408 -0.966928
1.91393 -0.0195408 -0.967926
1.91593 -0.0195408 -0.968926
1.91793 -0.0195408 -0.969926
1.91993 -0.0195408 -0.970927
1.92193 -0.0195408 -0.971926
1.92393 -0.0195408 -0.972926
1.92593 -0.0195408 -0.973927
1.92793 -0.0195408 -0.974927
1.92993 -0.0195408 -0.975927
1.93193 -0.0195408 -0.976927
1.93393 -0.0195408 -0.977933
1.93594 -0.0195408 -0.978926
1.93793 -0.0195408 -0.979926
1.93993 -0.0195408 -0.980927
1.94193 -0.0195408 -0.981919
1.94392 -0.0195408 -0.98292
1.94592 -0.0195408 -0.98392
1.94792 -0.0195408 -0.984919
1.94992 -0.0195408 -0.985922
1.95192 -0.0195408 -0.98692
1.95392 -0.0195408 -0.987919
1.95592 -0.0195408 -0.98892
1.95792 -0.0195408 -0.98992
1.95992 -0.0195408 -0.99093
1.96193 -0.0195408 -0.991928
1.96393 -0.0195408 -0.992928
1.96593 -0.0195408 -0.993926
1.96793 -0.0195408 -0.994927
1.96993 -0.0195408 -0.995929
1.97193 -0.0195408 -0.996928
1.97393 -0.0195408 -0.998094
1.9761 -0.0195408 -0.999907
1.97891 -0.0195408 -1.00091
1.98091 -0.0195408 -1.00191
1.98291 -0.0195408 -1.00291
1.98491 -0.0195408 -1.00391
1.98691 -0.0195408 -1.00491
1.98891 -0.0195408 -1.00591
1.99091 -0.0195408 -1.00691
1.99291 -0.0195408 -1.00791
1.99491 -0.0195408 -1.00891
1.99691 -0.0195408 -1.00991
1.99891 -0.0195408 -1.01091
2.00091 -0.0195408 -1.01191
2.00291 -0.0195408 -1.01291
2.00492 -0.0195408 -1.01391
2.00691 -0.0195408 -1.01491
2.00891 -0.0195408 -1.01591
2.01091 -0.0195408 -1.01691
2.01291 -0.0195408 -1.01791
2.01491 -0.0195408 -1.01891
2.01691 -0.0195408 -1.01991
2.01891 -0.0195408 -1.02091
2.02091 -0.0195408 -1.02191
2.02291 -0.0195408 -1.02291
2.02491 -0.0195408 -1.02391
2.02691 -0.0195408 -1.02491
2.02891 -0.0195408 -1.02591
2.03091 -0.0195408 -1.02691
2.03291 -0.0195408 -1.02791
2.03491 -0.0195408 -1.02891
2.03691 -0.0195408 -1.02991
2.03891 -0.0195408 -1.03091
2.04091 -0.0195408 -1.03191
2.04291 -0.0195408 -1.03291
2.04491 -0.0195408 -1.03391
2.04691 -0.0195408 -1.03491
2.04891 -0.0195408 -1.03591
2.05091 -0.0195408 -1.03691
2.05291 -0.0195408 -1.03791
2.05491 -0.0195408 -1.03891
2.05691 -0.0195408 -1.03991
2.05891 -0.0195408 -1.04091
2.06091 -0.0195408 -1.04191
2.06291 -0.0195408 -1.04291
2.06491 -0.0195408 -1.04391
2.06691 -0.0195408 -1.04491
