3.385e-06 0 0.0499783
0.0502368 0 0.0497584
0.10011 0 0.0498872
0.15011 0 0.0498872
0.200122 0 0.049876
0.250105 0 0.0498933
0.300104 0 0.0498939
0.350106 0 0.0498911
0.400106 0 0.0498921
0.450118 0 0.0498804
0.500104 0 0.0498936
0.550118 0 0.04988
0.600105 0 0.0498934
0.650104 0 0.0498936
0.700117 0 0.0498816
0.750104 0 0.049894
0.800118 0 0.0498801
0.850104 0 0.049894
0.900104 0 0.0498933
0.950116 0 0.0498818
1.0001 0 0.0498926
1.05012 0 0.0498806
1.1001 0 0.0498939
1.15012 0 0.0498787
1.20011 0 0.0498925
1.2501 0 0.0498948
1.3001 0 0.0498951
1.3501 0 0.0498948
1.4001 0 0.0498925
1.4501 0 0.0498936
1.50012 0 0.0498821
1.5501 0 0.0498941
1.60012 0 0.0498764
1.65011 0 0.0498921
1.70012 0 0.0498794
1.7501 0 0.0498945
1.8001 0 0.0498948
1.85012 0 0.0498816
1.9001 0 0.0498926
1.95012 0 0.0498794
2.0001 0 0.049893
2.0501 0 0.0498926
2.10012 0 0.0498807
2.1501 0 0.0498934
2.2001 0 0.0498953
2.2501 0 0.0498934
2.3001 0 0.0498943
2.3501 0 0.0498955
2.4001 0 0.0498938
2.45012 0 0.0498782
2.50011 0 0.0498926
2.5501 0 0.0498957
2.60012 0 0.0498822
2.6501 0 0.0498941
2.70012 0 0.0498815
2.7501 0 0.0498943
2.8001 0 0.0498955
2.8501 0 0.0498948
2.9001 0 0.0498936
2.95012 0 0.0498819
3.0001 0 0.0498947
3.0501 0 0.049896
3.1001 0 0.0498937
3.1501 0 0.049893
3.20012 0 0.049882
3.2501 0 0.0498942
3.30012 0 0.0498804
3.3501 0 0.0498935
3.4001 0 0.0498931
3.4501 0 0.049895
3.5001 0 0.0498926
3.55012 0 0.0498804
3.6001 0 0.0498939
3.6501 0 0.0498929
3.7001 0 0.0498935
3.7501 0 0.0498951
3.80012 0 0.0498824
3.8501 0 0.0498944
3.90012 0 0.0498803
3.9501 0 0.0498933
4.0001 0 0.0498956
4.0501 0 0.0498936
4.1001 0 0.0498941
4.1501 0 0.0498946
4.2001 0 0.0498947
4.25012 0 0.0498819
4.3001 0 0.0498945
4.35012 0 0.0498769
4.40011 0 0.0498924
4.4501 0 0.0498946
4.5001 0 0.0498931
4.55011 0 0.0498917
4.60012 0 0.049881
4.65011 0 0.0498926
4.70012 0 0.0498791
4.7501 0 0.0498938
4.80012 0 0.0498805
4.8501 0 0.0498939
4.9001 0 0.0498935
4.95011 0 0.0498891
5.0001 0 0.0498947
5.05012 0 0.0498823
5.1001 0 0.0498939
5.15012 0 0.0498801
5.2001 0 0.049893
5.25012 0 0.0498815
5.3001 0 0.0498942
5.3501 0 0.0498961
5.4001 0 0.0498936
5.4501 0 0.0498946
5.50014 0 0.0498569
5.5501 0 0.0498933
5.60012 0 0.0498795
5.65011 0 0.0498919
5.7001 0 0.0498953
5.75014 0 0.0498567
5.8001 0 0.0498938
5.85012 0 0.0498815
5.90011 0 0.0498924
5.9501 0 0.0498952
6.0001 0 0.0498942
6.0501 0 0.0498953
6.1001 0 0.0498944
6.15011 0 0.049892
6.20012 0 0.0498809
6.2501 0 0.0498935
6.30012 0 0.0498802
6.3501 0 0.0498939
6.4001 0 0.0498935
6.4501 0 0.0498928
6.5001 0 0.0498944
6.5501 0 0.0498962
6.60011 0 0.0498919
6.65011 0 0.0498923
6.7001 0 0.0498942
6.75014 0 0.0498573
6.8001 0 0.0498939
6.85014 0 0.0498555
6.9001 0 0.049893
6.9501 0 0.0498951
7.0001 0 0.0498952
7.0501 0 0.0498943
7.10014 0 0.0498551
7.1501 0 0.0498931
7.2001 0 0.0498953
7.25014 0 0.0498579
7.3001 0 0.0498929
7.35014 0 0.0498559
7.4001 0 0.0498927
7.4501 0 0.0498956
7.5001 0 0.049894
7.5501 0 0.0498948
7.60014 0 0.049858
7.65011 0 0.0498926
7.70014 0 0.0498541
7.7501 0 0.049894
7.8001 0 0.049896
7.8501 0 0.0498955
7.9001 0 0.0498939
7.95014 0 0.0498569
8.0001 0 0.0498947
8.0501 0 0.0498957
8.1001 0 0.0498945
8.1501 0 0.0498938
8.20011 0 0.0498876
8.2501 0 0.0498946
8.30014 0 0.0498536
8.3501 0 0.0498931
8.40014 0 0.049854
8.4501 0 0.049894
8.5001 0 0.0498962
8.5501 0 0.0498947
8.6001 0 0.0498947
8.6501 0 0.0498934
8.70011 0 0.049892
8.75011 0 0.0498925
8.8001 0 0.0498945
8.85014 0 0.0498575
8.9001 0 0.0498931
8.95014 0 0.0498546
9.0001 0 0.0498925
9.0501 0 0.0498963
9.10014 0 0.0498557
9.1501 0 0.0498937
9.20014 0 0.0498534
9.2501 0 0.0498941
9.3001 0 0.0498966
9.35014 0 0.0498562
9.4001 0 0.049893
9.4501 0 0.0498953
9.5001 0 0.0498948
9.5501 0 0.0498962
9.6001 0 0.0498936
9.65011 0 0.0498925
9.7001 0 0.0498934
9.7501 0 0.0498954
9.80014 0 0.0498544
9.8501 0 0.0498936
9.9001 0 0.0498935
9.9501 0 0.0498948
10.0001 0 0.0498943
10.0501 0 0.0498559
10.1001 0 0.0498944
10.1501 0 0.0498929
10.2001 0 0.0498945
10.2501 0 0.0498958
10.3001 0 0.0498549
10.3501 0 0.0498926
10.4001 0 0.0498542
10.4501 0 0.0498929
10.5001 0 0.0498955
10.5501 0 0.0498574
10.6001 0 0.049894
10.6501 0 0.0498542
10.7001 0 0.049893
10.7501 0 0.0498541
10.8001 0 0.0498928
10.8501 0 0.049855
10.9001 0 0.0498926
10.9501 0 0.0498953
11.0001 0 0.0498952
11.0501 0 0.0498935
11.1001 0 0.049855
11.1501 0 0.0498925
11.2001 0 0.0498955
11.2501 0 0.04989
11.3001 0 0.0498953
11.3501 0 0.0498569
11.4001 0 0.0498923
11.4501 0 0.049856
11.5001 0 0.0498935
11.5501 0 0.0498558
11.6001 0 0.0498931
11.6501 0 0.0498893
11.7001 0 0.0498888
11.7501 0 0.0498945
11.8001 0 0.0498922
11.8501 0 0.049895
11.9001 0 0.049894
11.9501 0 0.0498941
12.0001 0 0.0498568
12.0501 0 0.0498949
12.1001 0 0.0498529
12.1501 0 0.0498923
12.2001 0 0.0498544
12.2501 0 0.0498941
12.3001 0 0.0498554
12.3501 0 0.0498932
12.4001 0 0.0498532
12.4501 0 0.0498935
12.5001 0 0.0498957
12.5501 0 0.0498929
12.6001 0 0.0498943
12.6501 0 0.0498938
12.7001 0 0.0498926
12.7501 0 0.0498928
12.8001 0 0.0498953
12.8501 0 0.0498543
12.9001 0 0.0498929
12.9501 0 0.0498535
13.0001 0 0.049894
13.0502 0 0.0498385
13.1001 0 0.0498889
13.1501 0 0.0498932
13.2001 0 0.0498525
13.2501 0 0.0498924
13.3001 0 0.0498954
13.3501 0 0.0498936
13.4001 0 0.0498933
13.4501 0 0.0498565
13.5001 0 0.0498939
13.5501 0 0.0498953
13.6001 0 0.049892
13.6501 0 0.0498926
13.7001 0 0.0498919
13.7501 0 0.0498915
13.8001 0 0.0498924
13.8501 0 0.0498951
13.9001 0 0.0498533
13.9501 0 0.0498926
14.0001 0 0.0498556
14.0501 0 0.0498934
14.1001 0 0.0498963
14.1501 0 0.0498938
14.2001 0 0.049894
14.2501 0 0.0498563
14.3001 0 0.0498939
14.3501 0 0.0498964
14.4001 0 0.0498941
14.4501 0 0.0498877
14.5001 0 0.0498939
14.5501 0 0.0498957
14.6001 0 0.0498557
14.6501 0 0.0498928
14.7001 0 0.0498558
14.7501 0 0.0498939
14.8001 0 0.0498964
14.8501 0 0.0498939
14.9001 0 0.0498928
14.9501 0 0.0498516
15.0001 0 0.0498941
15.0501 0 0.049893
15.1001 0 0.0498939
15.1501 0 0.0498926
15.2001 0 0.0498568
15.2501 0 0.0498943
15.3001 0 0.0498569
15.3501 0 0.0498939
15.4001 0 0.0498936
15.4501 0 0.0498939
15.5001 0 0.0498949
15.5501 0 0.0498569
15.6001 0 0.0498945
15.6501 0 0.0498545
15.7001 0 0.0498927
15.7501 0 0.0498548
15.8001 0 0.0498942
15.8501 0 0.0498954
15.9001 0 0.0498934
15.9501 0 0.0498928
16.0001 0 0.0498945
16.0501 0 0.0498967
16.1001 0 0.0498933
16.1501 0 0.0498928
16.2001 0 0.0498565
16.2501 0 0.0498943
16.3001 0 0.0498542
16.3501 0 0.0498936
16.4001 0 0.0498941
16.4501 0 0.0498566
16.5001 0 0.0498947
16.5501 0 0.0498564
16.6001 0 0.0498909
16.6501 0 0.0498928
16.7001 0 0.049894
16.7501 0 0.0498932
16.8001 0 0.0498553
16.8501 0 0.0498945
16.9001 0 0.0498937
16.9501 0 0.0498919
17.0001 0 0.0498918
17.0501 0 0.049856
17.1001 0 0.0498939
17.1501 0 0.0498932
17.2001 0 0.0498945
17.2501 0 0.0498964
17.3001 0 0.0498577
17.3501 0 0.0498938
17.4001 0 0.0498544
17.4501 0 0.0498945
17.5001 0 0.049895
17.5501 0 0.0498904
17.6001 0 0.0498946
17.6501 0 0.049855
17.7001 0 0.0498937
17.7501 0 0.0498956
17.8001 0 0.0498935
17.8501 0 0.0498945
17.9001 0 0.0498949
17.9501 0 0.049895
18.0001 0 0.0498555
18.0501 0 0.0498916
18.1001 0 0.0498544
18.1501 0 0.0498922
18.2001 0 0.0498547
18.2501 0 0.0498936
18.3001 0 0.0498951
18.3501 0 0.0498578
18.4001 0 0.0498938
18.4501 0 0.0498559
18.5001 0 0.0498939
18.5501 0 0.0498957
18.6001 0 0.0498936
18.6501 0 0.0498932
18.7001 0 0.0498557
18.7501 0 0.0498938
18.8001 0 0.0498954
18.8501 0 0.0498927
18.9001 0 0.049893
18.9501 0 0.0498558
19.0001 0 0.0498934
19.0501 0 0.0498529
19.1001 0 0.0498914
19.1501 0 0.0498533
19.2001 0 0.0498936
19.2501 0 0.0498549
19.3001 0 0.0498942
19.3501 0 0.049896
19.4001 0 0.049894
19.4501 0 0.0498934
19.5001 0 0.0498553
19.5501 0 0.0498933
19.6001 0 0.0498956
19.6501 0 0.049894
19.7001 0 0.049895
19.7501 0 0.0498571
19.8001 0 0.0498943
19.8501 0 0.0498568
19.9001 0 0.0498925
19.9501 0 0.0498546
20.0001 0 0.049894
20.0501 0 0.0498964
20.1001 0 0.0498934
20.1501 0 0.0498924
20.2001 0 0.0498556
20.2501 0 0.0498947
20.3001 0 0.0498543
20.3501 0 0.0498927
20.4001 0 0.0498937
20.4501 0 0.0498949
20.5001 0 0.0498947
20.5501 0 0.0498568
20.6001 0 0.0498924
20.6501 0 0.0498939
20.7001 0 0.0498887
20.7501 0 0.0498953
20.8001 0 0.0498952
20.8501 0 0.0498955
20.9001 0 0.0498534
20.9501 0 0.0498931
21.0001 0 0.0498564
21.0501 0 0.0498938
21.1001 0 0.049895
21.1501 0 0.0498934
21.2001 0 0.0498945
21.2501 0 0.0498567
21.3001 0 0.0498942
21.3501 0 0.0498555
21.4001 0 0.0498927
21.4501 0 0.0498955
21.5001 0 0.049857
21.5501 0 0.0498939
21.6001 0 0.0498529
21.6501 0 0.0498929
21.7001 0 0.0498956
21.7501 0 0.0498944
21.8001 0 0.0498955
21.8501 0 0.0498565
21.9001 0 0.0498933
21.9501 0 0.0498559
22.0001 0 0.0498929
22.0501 0 0.0498556
22.1001 0 0.049895
22.1501 0 0.0498943
22.2001 0 0.0498922
22.2501 0 0.049895
22.3001 0 0.0498966
22.3501 0 0.0498968
22.4001 0 0.0498946
22.4501 0 0.049895
22.5001 0 0.0498581
22.5501 0 0.0498938
22.6001 0 0.0498558
22.6501 0 0.0498928
22.7001 0 0.0498948
22.7501 0 0.0498942
22.8001 0 0.0498937
22.8501 0 0.0498528
22.9001 0 0.049893
22.9501 0 0.0498956
23.0001 0 0.0498957
23.0501 0 0.0498946
23.1001 0 0.049856
23.1501 0 0.0498931
23.2001 0 0.0498553
23.2501 0 0.0498922
23.3001 0 0.0498957
23.3501 0 0.0498563
23.4001 0 0.0498921
23.4501 0 0.0498537
23.5001 0 0.049893
23.5501 0 0.0498957
23.6001 0 0.049857
23.6501 0 0.0498942
23.7001 0 0.0498557
23.7501 0 0.0498942
23.8001 0 0.0498955
23.8501 0 0.0498939
23.9001 0 0.0498929
23.9501 0 0.0498559
24.0001 0 0.0498943
24.0501 0 0.0498955
24.1001 0 0.0498934
24.1501 0 0.0498928
24.2001 0 0.0498559
24.2501 0 0.0498942
24.3001 0 0.0498533
24.3501 0 0.0498936
24.4001 0 0.0498927
24.4501 0 0.0498944
24.5001 0 0.0498937
24.5501 0 0.0498556
24.6001 0 0.049894
24.6501 0 0.0498937
24.7001 0 0.0498936
24.7501 0 0.0498956
24.8001 0 0.0498566
24.8501 0 0.049893
24.9001 0 0.0498522
24.9501 0 0.0498936
25.0001 0 0.0498954
25.0501 0 0.0498571
25.1001 0 0.0498938
25.1501 0 0.0498536
25.2001 0 0.049893
25.2501 0 0.0498959
25.3001 0 0.0498939
25.3501 0 0.0498931
25.4001 0 0.0498939
25.4501 0 0.0498935
25.5001 0 0.0498567
25.5501 0 0.0498936
25.6001 0 0.0498557
25.6501 0 0.0498936
25.7001 0 0.0498558
25.7501 0 0.0498938
25.8001 0 0.0498558
25.8501 0 0.0498937
25.9001 0 0.0498924
25.9501 0 0.0498937
26.0001 0 0.0498945
26.0501 0 0.0498569
26.1001 0 0.0498942
26.1501 0 0.0498541
26.2001 0 0.0498931
26.2501 0 0.0498557
26.3001 0 0.0498938
26.3501 0 0.0498939
26.4001 0 0.0498918
26.4501 0 0.0498951
26.5001 0 0.0498562
26.5501 0 0.0498942
26.6001 0 0.0498558
26.6501 0 0.0498928
26.7001 0 0.0498562
26.7501 0 0.0498938
26.8001 0 0.0498521
26.8501 0 0.0498937
26.9001 0 0.0498898
26.9501 0 0.0498922
27.0001 0 0.0498932
27.0501 0 0.0498553
27.1001 0 0.0498943
27.1501 0 0.0498935
27.2001 0 0.0498949
27.2501 0 0.0498934
27.3001 0 0.0498947
27.3501 0 0.0498957
27.4001 0 0.0498536
27.4501 0 0.0498919
27.5001 0 0.0498562
27.5501 0 0.0498946
27.6001 0 0.0498963
27.6501 0 0.0498942
27.7001 0 0.0498949
27.7501 0 0.0498539
27.8001 0 0.0498945
27.8501 0 0.0498558
27.9001 0 0.0498921
27.9501 0 0.0498956
28.0001 0 0.0498575
28.0501 0 0.049894
28.1001 0 0.0498566
28.1501 0 0.049893
28.2001 0 0.0498946
28.2501 0 0.0498577
28.3001 0 0.0498924
28.3501 0 0.0498553
28.4001 0 0.0498931
28.4501 0 0.0498534
28.5001 0 0.0498926
28.5501 0 0.0498951
28.6001 0 0.0498956
28.6501 0 0.0498939
28.7001 0 0.0498928
28.7501 0 0.0498947
28.8001 0 0.0498574
28.8501 0 0.0498944
28.9001 0 0.0498553
28.9501 0 0.0498939
29.0001 0 0.0498925
29.0501 0 0.0498936
29.1001 0 0.0498938
29.1501 0 0.0498942
29.2001 0 0.0498954
29.2501 0 0.0498576
29.3001 0 0.0498941
29.3501 0 0.0498552
29.4001 0 0.0498925
29.4501 0 0.0498956
29.5001 0 0.0498928
29.5501 0 0.0498931
29.6001 0 0.0498941
29.6501 0 0.0498933
29.7001 0 0.0498558
29.7501 0 0.0498925
29.8001 0 0.0498528
29.8501 0 0.0498938
29.9001 0 0.0498533
29.9501 0 0.049889
30.0001 0 0.0498558
30.0501 0 0.0498936
30.1001 0 0.0498957
30.1501 0 0.0498945
30.2001 0 0.0498948
30.2501 0 0.049857
30.3001 0 0.0498939
30.3501 0 0.0498568
30.4001 0 0.0498928
30.4501 0 0.0498555
30.5001 0 0.0498939
30.5501 0 0.0498553
30.6001 0 0.0498936
30.6501 0 0.049852
30.7001 0 0.0498933
30.7501 0 0.0498958
30.8001 0 0.0498934
30.8501 0 0.0498948
30.9001 0 0.0498952
30.9501 0 0.0498956
31.0001 0 0.0498944
31.0501 0 0.049896
31.1001 0 0.0498552
31.1501 0 0.0498921
31.2001 0 0.0498551
31.2501 0 0.0498931
31.3001 0 0.0498953
31.3501 0 0.0498576
31.4001 0 0.0498928
31.4501 0 0.0498543
31.5001 0 0.0498931
31.5501 0 0.0498555
31.6001 0 0.0498943
31.6501 0 0.0498934
31.7001 0 0.0498945
31.7501 0 0.0498956
31.8001 0 0.0498548
31.8501 0 0.0498938
31.9001 0 0.0498544
31.9501 0 0.0498937
32.0001 0 0.0498964
32.0501 0 0.0498943
32.1001 0 0.0498953
32.1501 0 0.0498954
32.2001 0 0.0498955
32.2501 0 0.0498955
32.3001 0 0.0498944
32.3501 0 0.0498576
32.4001 0 0.0498931
32.4501 0 0.0498565
32.5001 0 0.0498937
32.5501 0 0.0498557
32.6001 0 0.0498929
32.6501 0 0.0498939
32.7001 0 0.0498936
32.7501 0 0.0498937
32.8001 0 0.049857
32.8501 0 0.0498945
32.9001 0 0.0498949
32.9501 0 0.0498952
33.0001 0 0.0498957
33.0501 0 0.0498562
33.1001 0 0.0498939
33.1501 0 0.0498489
33.2001 0 0.0498934
33.2501 0 0.049896
33.3001 0 0.049894
33.3501 0 0.0498951
33.4001 0 0.0498546
33.4501 0 0.0498936
33.5001 0 0.0498577
33.5501 0 0.0498925
33.6001 0 0.0498521
33.6501 0 0.0498927
33.7001 0 0.0498553
33.7501 0 0.0498935
33.8001 0 0.0498951
33.8501 0 0.0498565
33.9001 0 0.0498927
33.9501 0 0.049854
34.0001 0 0.0498939
34.0501 0 0.0498962
34.1001 0 0.0498578
34.1501 0 0.0498943
34.2001 0 0.0498566
34.2501 0 0.0498945
34.3001 0 0.0498952
34.3501 0 0.0498941
34.4001 0 0.0498932
34.4501 0 0.0498554
34.5001 0 0.049894
34.5501 0 0.0498957
34.6001 0 0.049893
34.6501 0 0.0498933
34.7001 0 0.0498916
34.7501 0 0.049894
34.8001 0 0.0498932
34.8501 0 0.049895
34.9001 0 0.0498933
34.9501 0 0.0498949
35.0001 0 0.0498542
35.0501 0 0.0498939
35.1001 0 0.0498954
35.1501 0 0.0498935
35.2001 0 0.0498937
35.2501 0 0.0498535
35.3001 0 0.0498926
35.3501 0 0.0498958
35.4001 0 0.0498945
35.4501 0 0.0498954
35.5001 0 0.0498566
35.5501 0 0.0498942
35.6001 0 0.0498561
35.6501 0 0.0498925
35.7001 0 0.0498539
35.7501 0 0.0498926
35.8001 0 0.049896
35.8501 0 0.0498934
35.9001 0 0.0498925
35.9501 0 0.0498556
36.0001 0 0.0498937
36.0501 0 0.0498551
36.1001 0 0.0498938
36.1501 0 0.0498935
36.2001 0 0.0498943
36.2501 0 0.0498897
36.3001 0 0.049856
36.3501 0 0.0498936
36.4001 0 0.049894
36.4501 0 0.0498947
36.5001 0 0.0498962
36.5501 0 0.0498581
36.6002 0 0.0498419
36.6501 0 0.049853
36.7001 0 0.0498926
36.7501 0 0.0498549
36.8001 0 0.0498937
36.8501 0 0.0498964
36.9001 0 0.0498937
36.9501 0 0.0498948
37.0001 0 0.0498567
37.0501 0 0.0498946
37.1001 0 0.0498546
37.1501 0 0.0498926
37.2001 0 0.0498955
37.2501 0 0.0498573
37.3001 0 0.0498936
37.3501 0 0.0498542
37.4001 0 0.0498926
37.4501 0 0.0498953
37.5001 0 0.0498942
37.5501 0 0.0498957
37.6001 0 0.0498565
37.6501 0 0.0498929
37.7001 0 0.0498549
37.7501 0 0.0498922
37.8001 0 0.0498537
37.8501 0 0.0498935
37.9001 0 0.0498929
37.9501 0 0.0498931
38.0001 0 0.049895
38.0501 0 0.0498571
38.1001 0 0.0498943
38.1501 0 0.0498544
38.2001 0 0.049894
38.2501 0 0.0498554
38.3001 0 0.0498938
38.3501 0 0.0498551
38.4001 0 0.0498921
38.4501 0 0.0498949
38.5001 0 0.049896
38.5501 0 0.0498946
38.6001 0 0.0498562
38.6501 0 0.0498931
38.7001 0 0.0498942
38.7501 0 0.0498954
38.8001 0 0.0498932
38.8501 0 0.0498536
38.9001 0 0.0498923
38.9501 0 0.0498955
39.0001 0 0.0498931
39.0501 0 0.0498952
39.1001 0 0.0498576
39.1501 0 0.0498925
39.2001 0 0.0498552
39.2501 0 0.0498939
39.3001 0 0.0498962
39.3501 0 0.0498956
39.4001 0 0.0498891
39.4501 0 0.049894
39.5001 0 0.0498958
39.5501 0 0.0498563
39.6001 0 0.0498936
39.6501 0 0.0498542
39.7001 0 0.049894
39.7501 0 0.049896
39.8001 0 0.0498949
39.8501 0 0.0498933
39.9001 0 0.0498919
39.9501 0 0.0498939
40.0001 0 0.0498568
40.0501 0 0.0498926
40.1001 0 0.0498565
40.1501 0 0.0498925
40.2001 0 0.0498947
40.2501 0 0.0498941
40.3001 0 0.0498949
40.3501 0 0.049858
40.4001 0 0.049893
40.4501 0 0.0498555
40.5001 0 0.0498938
40.5501 0 0.0498948
40.6001 0 0.0498953
40.6501 0 0.0498944
40.7001 0 0.0498945
40.7501 0 0.0498956
40.8001 0 0.0498565
40.8501 0 0.0498937
40.9001 0 0.049855
40.9501 0 0.0498938
41.0001 0 0.0498945
41.0501 0 0.0498944
41.1001 0 0.0498926
41.1501 0 0.0498942
41.2001 0 0.0498949
41.2501 0 0.0498572
41.3001 0 0.049893
41.3501 0 0.0498558
41.4001 0 0.0498932
41.4501 0 0.049895
41.5001 0 0.0498944
41.5501 0 0.0498955
41.6001 0 0.0498584
41.6501 0 0.0498917
41.7001 0 0.0498551
41.7501 0 0.0498933
41.8001 0 0.0498963
41.8501 0 0.0498565
41.9001 0 0.0498934
41.9501 0 0.0498931
42.0001 0 0.0498552
42.0501 0 0.0498945
42.1001 0 0.049896
42.1501 0 0.0498931
42.2001 0 0.0498947
42.2501 0 0.0498566
42.3001 0 0.0498939
42.3501 0 0.0498553
42.4001 0 0.0498931
42.4501 0 0.0498532
42.5001 0 0.0498945
42.5501 0 0.0498502
42.6001 0 0.0498933
42.6501 0 0.0498935
42.7001 0 0.0498945
42.7501 0 0.0498949
42.8001 0 0.0498561
42.8501 0 0.0498942
42.9001 0 0.0498937
42.9501 0 0.0498939
43.0001 0 0.0498928
43.0501 0 0.0498556
43.1001 0 0.0498938
43.1501 0 0.0498942
43.2001 0 0.0498861
43.2501 0 0.0498903
43.3001 0 0.049895
43.3501 0 0.0498866
43.4001 0 0.0498899
43.4501 0 0.0498943
43.5001 0 0.0498547
43.5501 0 0.0498926
43.6001 0 0.0498516
43.6501 0 0.0498916
43.7001 0 0.0498951
43.7501 0 0.0498568
43.8001 0 0.0498934
43.8501 0 0.0498538
43.9001 0 0.0498925
43.9501 0 0.0498945
44.0001 0 0.0498568
44.0501 0 0.0498911
44.1001 0 0.0498553
44.1501 0 0.049892
44.2001 0 0.0498948
44.2501 0 0.0498936
44.3001 0 0.0498939
44.3501 0 0.0498541
44.4001 0 0.049893
44.4501 0 0.049854
44.5001 0 0.0498935
44.5501 0 0.0498961
44.6001 0 0.0498947
44.6501 0 0.0498936
44.7001 0 0.0498566
44.7501 0 0.0498942
44.8001 0 0.0498962
44.8501 0 0.0498942
44.9001 0 0.0498934
44.9501 0 0.0498563
45.0001 0 0.049894
45.0501 0 0.0498961
45.1001 0 0.0498904
45.1501 0 0.0498921
45.2001 0 0.0498543
45.2501 0 0.0498938
45.3001 0 0.0498553
45.3501 0 0.0498931
45.4001 0 0.0498936
45.4501 0 0.0498532
45.5001 0 0.0498937
45.5501 0 0.0498552
45.6001 0 0.049894
45.6501 0 0.0498526
45.7001 0 0.0498926
45.7501 0 0.0498557
45.8001 0 0.0498943
45.8501 0 0.0498956
45.9001 0 0.0498932
45.9501 0 0.0498948
46.0001 0 0.0498572
46.0501 0 0.0498944
46.1001 0 0.0498532
46.1501 0 0.0498914
46.2001 0 0.0498944
46.2501 0 0.0498951
46.3001 0 0.0498948
46.3501 0 0.0498918
46.4001 0 0.0498929
46.4501 0 0.0498564
46.5001 0 0.0498935
46.5501 0 0.0498537
46.6001 0 0.049894
46.6501 0 0.0498912
46.7001 0 0.0498552
46.7501 0 0.049892
46.8001 0 0.0498553
46.8501 0 0.049895
46.9001 0 0.0498937
46.9501 0 0.0498936
47.0001 0 0.0498952
47.0501 0 0.0498573
47.1001 0 0.0498941
47.1501 0 0.0498551
47.2001 0 0.0498922
47.2501 0 0.0498556
47.3001 0 0.0498943
47.3501 0 0.0498959
47.4001 0 0.0498938
47.4501 0 0.0498947
47.5001 0 0.0498569
47.5501 0 0.0498944
47.6001 0 0.0498554
47.6501 0 0.0498926
47.7001 0 0.0498546
47.7501 0 0.0498931
47.8001 0 0.0498533
47.8501 0 0.0498939
47.9001 0 0.049893
47.9501 0 0.0498943
48.0001 0 0.0498946
48.0501 0 0.049856
48.1001 0 0.049894
48.1501 0 0.0498933
48.2001 0 0.0498928
48.2501 0 0.0498934
48.3001 0 0.0498522
48.3501 0 0.049894
48.4001 0 0.0498935
48.4501 0 0.049894
48.5001 0 0.0498947
48.5501 0 0.0498567
48.6001 0 0.0498943
48.6501 0 0.0498505
48.7001 0 0.0498928
48.7501 0 0.0498959
48.8001 0 0.0498576
48.8501 0 0.0498939
48.9001 0 0.0498534
48.9501 0 0.0498935
49.0001 0 0.0498961
49.0501 0 0.0498942
49.1001 0 0.0498941
49.1501 0 0.0498935
49.2001 0 0.0498953
49.2501 0 0.0498509
49.3001 0 0.0498924
49.3501 0 0.0498557
49.4001 0 0.0498924
49.4501 0 0.0498949
49.5001 0 0.0498938
49.5501 0 0.0498948
49.6001 0 0.0498574
49.6501 0 0.0498921
49.7001 0 0.0498545
49.7501 0 0.0498935
49.8001 0 0.0498938
49.8501 0 0.049894
49.9001 0 0.0498938
49.9501 0 0.0498557
50.0001 0 0.0498945
50.0502 0 0.049824
50.1001 0 0.0498789
50.1501 0 0.0498911
50.2001 0 0.0498898
50.2501 0 0.0498928
50.3001 0 0.0498897
50.3501 0 0.0498921
50.4001 0 0.0498918
50.4501 0 0.0498948
50.5001 0 0.049858
50.5501 0 0.0498931
50.6001 0 0.0498557
50.6501 0 0.0498941
50.7001 0 0.0498961
50.7501 0 0.0498934
50.8001 0 0.0498951
50.8501 0 0.0498958
50.9001 0 0.0498938
50.9501 0 0.0498935
51.0001 0 0.0498951
51.0501 0 0.0498576
51.1001 0 0.0498939
51.1501 0 0.049856
