1.667e-06 0 0.00198
0.00223776 0 0.00176
0.00410594 0 0.00189224
0.00609937 0 0.0018988
0.00810156 0 0.00189661
0.0100997 0 0.00189844
0.0120992 0 0.00189906
0.0141001 0 0.00189813
0.0160994 0 0.00189875
0.0181079 0 0.00189016
0.0201 0 0.00189818
0.0220999 0 0.00189818
0.0240997 0 0.00189839
0.0260992 0 0.00189891
0.0281059 0 0.00189219
0.0301004 0 0.00189771
0.0321001 0 0.00189813
0.0340995 0 0.0018988
0.0360994 0 0.0018988
0.0381061 0 0.00189198
0.0401013 0 0.00189641
0.0421008 0 0.00189719
0.0441002 0 0.00189818
0.0460994 0 0.00189875
0.0481007 0 0.0018974
0.050094 0 0.00190417
0.0520934 0 0.00190469
0.054093 0 0.00190516
0.0560934 0 0.00190469
0.0581035 0 0.00189417
0.0601017 0 0.00189641
0.0621005 0 0.00189776
0.0640999 0 0.00189813
0.0660998 0 0.00189833
0.0681054 0 0.00189276
0.0701001 0 0.00189813
0.0720998 0 0.00189828
0.0740992 0 0.00189891
0.0760993 0 0.00189875
0.0781055 0 0.00189266
0.0800951 0 0.00190276
0.0820938 0 0.00190443
0.0840932 0 0.001905
0.0860932 0 0.0019049
0.0881017 0 0.00189594
0.090101 0 0.00189708
0.0920993 0 0.00189885
0.0940999 0 0.00189828
0.0960999 0 0.00189818
0.0981063 0 0.00189187
0.100118 0 0.00188
0.102102 0 0.00189604
0.104101 0 0.00189677
0.1061 0 0.00189792
0.108107 0 0.00189135
0.1101 0 0.00189776
0.1121 0 0.00189839
0.114099 0 0.00189885
0.1161 0 0.00189828
0.118106 0 0.0018924
0.1201 0 0.00189781
0.122099 0 0.00189885
0.124099 0 0.00189891
0.1261 0 0.00189849
0.1281 0 0.00189839
0.130099 0 0.00189911
0.132099 0 0.0018988
0.134099 0 0.00189906
0.136099 0 0.0018988
0.13811 0 0.00188854
0.140103 0 0.00189438
0.142101 0 0.0018974
0.1441 0 0.00189818
0.1461 0 0.00189849
0.148105 0 0.00189271
0.1501 0 0.00189781
0.152101 0 0.00189729
0.1541 0 0.00189792
0.156099 0 0.00189875
0.158105 0 0.00189266
0.1601 0 0.00189813
0.1621 0 0.00189797
0.1641 0 0.00189849
0.1661 0 0.00189859
0.1681 0 0.00189781
0.1701 0 0.00189865
0.172099 0 0.0018988
0.1741 0 0.00189859
0.176099 0 0.00189875
0.178106 0 0.00189208
0.180101 0 0.00189714
0.1821 0 0.00189797
0.1841 0 0.00189786
0.186099 0 0.00189891
0.188105 0 0.00189292
0.1901 0 0.00189818
0.1921 0 0.00189781
0.1941 0 0.00189859
0.1961 0 0.00189818
0.198105 0 0.00189266
0.200144 0 0.0018537
0.202102 0 0.00189635
0.2041 0 0.00189833
0.206099 0 0.00189896
0.2081 0 0.00189807
0.2101 0 0.00189854
0.2121 0 0.00189839
0.2141 0 0.00189854
0.216099 0 0.00189885
0.218105 0 0.00189266
0.2201 0 0.00189833
0.2221 0 0.00189865
0.2241 0 0.00189859
0.226099 0 0.00189865
0.228105 0 0.00189339
0.2301 0 0.00189818
0.2321 0 0.00189844
0.234099 0 0.00189906
0.236099 0 0.00189891
0.238105 0 0.00189271
0.240102 0 0.00189604
0.2421 0 0.00189813
0.2441 0 0.00189839
0.246099 0 0.0018987
0.2481 0 0.00189802
0.250099 0 0.00189891
0.252099 0 0.00189901
0.2541 0 0.00189818
0.256099 0 0.00189885
0.258105 0 0.00189271
0.260094 0 0.00190464
0.262093 0 0.00190505
0.264093 0 0.0019051
0.266093 0 0.00190495
0.2681 0 0.00189766
0.270102 0 0.00189594
0.2721 0 0.00189786
0.274099 0 0.00189885
0.276099 0 0.00189885
0.278105 0 0.00189286
0.280101 0 0.00189677
0.2821 0 0.00189844
0.2841 0 0.00189854
0.286099 0 0.0018988
0.2881 0 0.00189786
0.290099 0 0.00189885
0.292099 0 0.00189859
0.2941 0 0.00189849
0.296099 0 0.0018987
0.298106 0 0.00189245
0.3001 0 0.00189807
0.30214 0 0.00185745
0.304102 0 0.00189604
0.306101 0 0.00189703
0.308106 0 0.0018925
0.3101 0 0.00189802
0.312099 0 0.00189891
0.3141 0 0.00189844
0.316099 0 0.00189891
0.318105 0 0.00189313
0.3201 0 0.00189797
0.322099 0 0.00189865
0.324099 0 0.00189885
0.3261 0 0.00189854
0.3281 0 0.00189781
0.330094 0 0.00190443
0.332094 0 0.00190438
0.334094 0 0.00190438
0.336093 0 0.00190484
0.338102 0 0.00189615
0.340101 0 0.00189693
0.3421 0 0.00189859
0.344099 0 0.0018988
0.346099 0 0.00189932
0.348106 0 0.00189255
0.3501 0 0.00189813
0.3521 0 0.00189849
0.354099 0 0.00189917
0.356099 0 0.00189865
0.358105 0 0.00189333
0.3601 0 0.00189813
0.3621 0 0.00189849
0.364099 0 0.00189906
0.366099 0 0.00189875
0.3681 0 0.00189797
0.370099 0 0.00189896
0.372099 0 0.00189891
0.3741 0 0.00189844
0.376099 0 0.00189859
0.3781 0 0.00189781
0.380101 0 0.00189719
0.3821 0 0.00189813
0.3841 0 0.00189802
0.386099 0 0.00189865
0.388106 0 0.00189219
0.3901 0 0.00189771
0.3921 0 0.00189828
0.3941 0 0.00189854
0.3961 0 0.00189849
0.398105 0 0.00189281
0.400101 0 0.00189755
0.40214 0 0.00185797
0.404102 0 0.00189557
0.4061 0 0.00189781
0.4081 0 0.00189776
0.410099 0 0.0018988
0.412099 0 0.0018987
0.414099 0 0.00189865
0.4161 0 0.00189865
0.418106 0 0.00189203
0.4201 0 0.00189813
0.4221 0 0.00189859
0.4241 0 0.00189844
0.4261 0 0.00189839
0.428106 0 0.0018925
0.4301 0 0.00189807
0.4321 0 0.00189828
0.434099 0 0.0018987
0.4361 0 0.00189813
0.438106 0 0.00189224
0.440101 0 0.00189703
0.4421 0 0.00189833
0.4441 0 0.00189818
0.446099 0 0.00189875
0.448101 0 0.00189771
0.4501 0 0.00189844
0.4521 0 0.00189833
0.4541 0 0.00189828
0.4561 0 0.00189849
0.458106 0 0.00189234
0.4601 0 0.00189797
0.462099 0 0.00189885
0.464099 0 0.0018987
0.466099 0 0.00189865
0.468105 0 0.00189328
0.470094 0 0.00190427
0.472094 0 0.00190443
0.474093 0 0.00190495
0.476093 0 0.00190505
0.478102 0 0.00189526
0.480101 0 0.00189708
0.4821 0 0.00189818
0.484099 0 0.00189865
0.486099 0 0.00189896
0.4881 0 0.00189797
0.4901 0 0.00189818
0.4921 0 0.00189828
0.494099 0 0.00189875
0.4961 0 0.00189786
0.498106 0 0.00189219
0.5001 0 0.00189818
0.502099 0 0.0018988
0.504142 0 0.00185578
0.506102 0 0.0018962
0.508107 0 0.0018912
0.5101 0 0.00189786
0.5121 0 0.00189797
0.5141 0 0.00189849
0.516099 0 0.00189901
0.518106 0 0.00189255
0.5201 0 0.00189792
0.5221 0 0.00189839
0.5241 0 0.00189849
0.526099 0 0.00189875
0.528101 0 0.00189734
0.5301 0 0.00189802
0.5321 0 0.00189823
0.5341 0 0.00189828
0.536099 0 0.00189875
0.538106 0 0.0018924
0.540101 0 0.00189755
0.5421 0 0.00189833
0.5441 0 0.00189859
0.546099 0 0.00189901
0.548106 0 0.00189229
0.5501 0 0.00189766
0.5521 0 0.00189802
0.5541 0 0.00189802
0.5561 0 0.00189839
0.558105 0 0.00189281
0.5601 0 0.00189833
0.562099 0 0.00189865
0.564099 0 0.00189865
0.566099 0 0.00189917
0.5681 0 0.00189792
0.5701 0 0.00189833
0.5721 0 0.00189828
0.5741 0 0.00189854
0.576099 0 0.00189885
0.578105 0 0.00189276
0.580094 0 0.00190412
0.582093 0 0.00190531
0.584093 0 0.00190484
0.586093 0 0.00190531
0.588102 0 0.00189578
0.590101 0 0.00189719
0.5921 0 0.00189833
0.594099 0 0.00189932
0.596099 0 0.00189958
0.598106 0 0.00189177
0.6001 0 0.00189818
0.6021 0 0.00189849
0.6041 0 0.00189859
0.606139 0 0.00185917
0.608102 0 0.00189542
0.6101 0 0.00189781
0.6121 0 0.00189859
0.614099 0 0.00189885
0.6161 0 0.00189854
0.618106 0 0.00189219
0.6201 0 0.00189766
0.622099 0 0.0018988
0.6241 0 0.00189865
0.626099 0 0.0018988
0.628106 0 0.0018925
0.6301 0 0.00189802
0.6321 0 0.00189865
0.6341 0 0.00189859
0.636099 0 0.00189917
0.638105 0 0.00189318
0.640101 0 0.00189745
0.6421 0 0.00189828
0.644099 0 0.00189885
0.6461 0 0.00189859
0.6481 0 0.00189781
0.650099 0 0.0018988
0.6521 0 0.0018987
0.654099 0 0.00189922
0.656099 0 0.00189891
0.658105 0 0.00189281
0.660099 0 0.00189875
0.6621 0 0.00189854
0.664099 0 0.00189875
0.666099 0 0.00189901
0.668105 0 0.00189297
0.6701 0 0.00189839
0.672099 0 0.00189912
0.674099 0 0.00189906
0.676099 0 0.00189896
0.678105 0 0.00189344
0.680095 0 0.0019037
0.682093 0 0.00190469
0.684093 0 0.00190542
0.686093 0 0.00190484
0.688102 0 0.00189531
0.690101 0 0.00189708
0.6921 0 0.00189865
0.694099 0 0.00189885
0.6961 0 0.00189854
0.698106 0 0.00189245
0.7001 0 0.00189797
0.7021 0 0.00189807
0.7041 0 0.00189865
0.706139 0 0.00185943
0.708109 0 0.00188917
0.710101 0 0.00189714
0.7121 0 0.00189813
0.7141 0 0.00189859
0.716099 0 0.0018987
0.718106 0 0.00189229
0.7201 0 0.00189833
0.722099 0 0.00189912
0.7241 0 0.00189865
0.7261 0 0.00189818
0.7281 0 0.00189781
0.7301 0 0.0018987
0.732099 0 0.00189896
0.734099 0 0.00189917
0.736099 0 0.00189906
0.738106 0 0.00189234
0.740101 0 0.00189708
0.7421 0 0.00189854
0.7441 0 0.00189854
0.7461 0 0.00189844
0.748106 0 0.00189255
0.7501 0 0.00189844
0.7521 0 0.00189849
0.7541 0 0.00189844
0.7561 0 0.00189854
0.758105 0 0.00189281
0.7601 0 0.00189802
0.7621 0 0.00189849
0.764099 0 0.00189891
0.7661 0 0.00189839
0.7681 0 0.00189792
0.770094 0 0.00190432
0.772094 0 0.00190443
0.774093 0 0.00190521
0.776093 0 0.00190516
0.778103 0 0.00189448
0.780102 0 0.00189599
0.7821 0 0.00189859
0.784099 0 0.00189885
0.786099 0 0.0018988
0.788106 0 0.0018924
0.7901 0 0.00189854
0.792099 0 0.00189875
0.794099 0 0.00189896
0.796099 0 0.00189906
0.798106 0 0.00189234
0.800099 0 0.0018987
0.8021 0 0.00189865
0.804099 0 0.00189906
0.806099 0 0.00189896
0.808141 0 0.00185677
0.810102 0 0.00189604
0.8121 0 0.00189787
0.814099 0 0.00189896
0.816099 0 0.00189901
0.818106 0 0.00189224
0.8201 0 0.00189792
0.8221 0 0.00189859
0.824099 0 0.00189896
0.826099 0 0.0018988
0.828105 0 0.00189318
0.830094 0 0.00190438
0.832094 0 0.00190469
0.834093 0 0.00190495
0.836093 0 0.00190505
0.838102 0 0.00189599
0.840101 0 0.00189745
0.8421 0 0.00189797
0.844099 0 0.00189875
0.846099 0 0.0018988
0.8481 0 0.00189797
0.8501 0 0.00189776
0.8521 0 0.00189844
0.854099 0 0.00189896
0.8561 0 0.00189844
0.858105 0 0.00189287
0.8601 0 0.00189844
0.8621 0 0.00189849
0.864099 0 0.0018988
0.8661 0 0.00189859
0.868105 0 0.00189307
0.8701 0 0.00189828
0.8721 0 0.00189865
0.874099 0 0.0018987
0.876099 0 0.00189906
0.878105 0 0.00189297
0.8801 0 0.00189833
0.882099 0 0.00189885
0.884099 0 0.00189885
0.886099 0 0.00189891
0.8881 0 0.00189792
0.890094 0 0.00190432
0.892093 0 0.00190495
0.894094 0 0.00190469
0.896094 0 0.00190469
0.8981 0 0.00189787
0.900101 0 0.00189693
0.9021 0 0.00189839
0.904099 0 0.00189891
0.9061 0 0.00189844
0.908145 0 0.0018526
0.910102 0 0.00189615
0.9121 0 0.00189797
0.9141 0 0.0018987
0.916099 0 0.00189896
0.918106 0 0.00189234
0.9201 0 0.00189823
0.9221 0 0.00189875
0.9241 0 0.00189828
0.926099 0 0.00189875
0.9281 0 0.00189849
0.9301 0 0.00189859
0.9321 0 0.0018987
0.9341 0 0.00189833
0.936099 0 0.00189906
0.938105 0 0.00189302
0.9401 0 0.00189781
0.9421 0 0.0018987
0.944099 0 0.00189901
0.946099 0 0.00189912
0.948106 0 0.0018926
0.9501 0 0.00189807
0.9521 0 0.00189807
0.954099 0 0.0018988
0.956099 0 0.00189901
0.958106 0 0.00189255
0.9601 0 0.00189833
0.9621 0 0.00189844
0.9641 0 0.00189859
0.966099 0 0.00189906
0.9681 0 0.00189807
0.970099 0 0.00189901
0.972099 0 0.00189896
0.974099 0 0.00189912
0.9761 0 0.00189865
0.978105 0 0.00189281
0.9801 0 0.00189807
0.982099 0 0.00189875
0.9841 0 0.00189859
0.986099 0 0.00189896
0.988105 0 0.00189292
0.9901 0 0.00189745
0.9921 0 0.00189766
0.9941 0 0.00189859
0.996099 0 0.00189938
0.998105 0 0.00189281
1.0001 0 0.00189792
1.0021 0 0.00189896
1.0041 0 0.00189896
1.0061 0 0.00189891
1.0081 0 0.00189813
1.01014 0 0.00185839
1.0121 0 0.00189583
1.0141 0 0.00189781
1.0161 0 0.00189859
1.01811 0 0.00189135
1.0201 0 0.00189823
1.0221 0 0.00189839
1.0241 0 0.00189865
1.0261 0 0.00189839
1.02811 0 0.00189234
1.0301 0 0.00189802
1.0321 0 0.00189833
1.0341 0 0.00189823
1.0361 0 0.00189854
1.03811 0 0.00189297
1.0401 0 0.00189828
1.0421 0 0.00189818
1.0441 0 0.00189828
1.0461 0 0.00189891
1.0481 0 0.00189776
1.0501 0 0.0018987
1.0521 0 0.00189828
1.0541 0 0.00189896
1.0561 0 0.00189833
1.05811 0 0.00189255
1.0601 0 0.00189776
1.0621 0 0.00189875
1.0641 0 0.00189813
1.0661 0 0.00189875
1.06811 0 0.00189276
1.0701 0 0.00189776
1.0721 0 0.00189792
1.0741 0 0.00189844
1.0761 0 0.00189839
1.07811 0 0.00189292
1.08009 0 0.00190406
1.08209 0 0.00190453
1.08409 0 0.00190469
1.08609 0 0.00190505
1.0881 0 0.00189823
1.0901 0 0.00189687
1.0921 0 0.00189859
1.0941 0 0.00189823
1.0961 0 0.00189828
1.09811 0 0.00189224
1.10009 0 0.00190432
1.10209 0 0.00190484
1.10409 0 0.00190464
1.10609 0 0.00190458
1.1081 0 0.00189542
1.11014 0 0.00185745
1.1121 0 0.00189568
1.1141 0 0.0018975
1.1161 0 0.00189839
1.11811 0 0.00189177
1.1201 0 0.00189797
1.1221 0 0.00189865
1.1241 0 0.00189844
1.1261 0 0.00189885
1.1281 0 0.00189823
1.1301 0 0.00189865
1.1321 0 0.00189859
1.1341 0 0.00189912
1.1361 0 0.00189885
1.13811 0 0.00189276
1.1401 0 0.0018976
1.1421 0 0.00189839
1.1441 0 0.00189839
1.1461 0 0.00189854
1.14811 0 0.00189302
1.1501 0 0.00189708
1.1521 0 0.00189776
1.1541 0 0.00189833
1.1561 0 0.00189833
1.15811 0 0.00189292
1.1601 0 0.00189844
1.1621 0 0.00189833
1.1641 0 0.00189839
1.1661 0 0.00189875
1.1681 0 0.00189802
1.1701 0 0.00189859
1.1721 0 0.00189875
1.1741 0 0.00189844
1.1761 0 0.00189859
1.17811 0 0.0018924
1.1801 0 0.00189828
1.1821 0 0.00189823
1.1841 0 0.00189823
1.1861 0 0.00189818
1.18811 0 0.00189313
1.1901 0 0.00189755
1.1921 0 0.00189828
1.1941 0 0.00189849
1.1961 0 0.00189833
1.19811 0 0.0018925
1.2001 0 0.00189698
1.2021 0 0.00189823
1.2041 0 0.00189797
1.2061 0 0.00189813
1.2081 0 0.00189797
1.2101 0 0.00189833
1.21214 0 0.00185755
1.2141 0 0.00189526
1.2161 0 0.00189745
1.21811 0 0.00189229
1.2201 0 0.00189734
1.2221 0 0.00189818
1.2241 0 0.00189813
1.2261 0 0.00189865
1.22811 0 0.00189292
1.2301 0 0.00189724
1.2321 0 0.00189823
1.2341 0 0.00189766
1.2361 0 0.00189797
1.23811 0 0.00189297
1.2401 0 0.0018975
1.2421 0 0.00189807
1.2441 0 0.00189797
1.2461 0 0.0018987
1.2481 0 0.00189771
1.2501 0 0.00189714
1.2521 0 0.0018976
1.2541 0 0.00189813
1.2561 0 0.0018988
1.25811 0 0.0018926
1.2601 0 0.00189813
1.2621 0 0.00189859
1.2641 0 0.00189792
1.2661 0 0.00189823
1.26811 0 0.00189224
1.2701 0 0.0018976
1.2721 0 0.00189844
1.2741 0 0.00189844
1.2761 0 0.0018988
1.27811 0 0.00189281
1.2801 0 0.00189787
1.2821 0 0.00189833
1.2841 0 0.00189828
1.2861 0 0.00189849
1.2881 0 0.00189797
1.2901 0 0.00189839
1.2921 0 0.00189865
1.2941 0 0.00189802
1.2961 0 0.00189833
1.29811 0 0.00189266
1.3001 0 0.00189807
1.3021 0 0.00189844
1.3041 0 0.00189818
1.3061 0 0.00189885
1.3081 0 0.00189349
1.31009 0 0.00190422
1.31209 0 0.00190438
1.31413 0 0.00186651
1.3161 0 0.00190036
1.3181 0 0.00189458
1.3201 0 0.00189677
1.3221 0 0.00189771
1.3241 0 0.0018976
1.3261 0 0.0018988
1.3281 0 0.00189776
1.33009 0 0.00190432
1.33209 0 0.00190453
1.33409 0 0.001905
1.33609 0 0.00190505
1.3381 0 0.0018951
1.3401 0 0.00189573
1.3421 0 0.00189823
1.3441 0 0.00189797
1.3461 0 0.00189833
1.34811 0 0.00189057
1.3501 0 0.00189719
1.3521 0 0.00189813
1.3541 0 0.00189917
1.3561 0 0.00189854
1.35811 0 0.0018925
1.3601 0 0.0018976
1.3621 0 0.00189833
1.3641 0 0.00189849
1.3661 0 0.00189833
1.3681 0 0.00189813
1.3701 0 0.0018987
1.3721 0 0.00189849
1.3741 0 0.00189917
1.3761 0 0.00189849
1.37811 0 0.0018925
1.3801 0 0.00189823
1.3821 0 0.0018988
1.3841 0 0.00189844
1.3861 0 0.00189849
1.38811 0 0.00189255
1.3901 0 0.00189771
1.3921 0 0.00189833
1.3941 0 0.00189844
1.3961 0 0.00189865
1.39811 0 0.00189245
1.4001 0 0.00189787
1.4021 0 0.00189844
1.4041 0 0.00189839
1.4061 0 0.00189859
1.4081 0 0.00189797
1.4101 0 0.00189807
1.4121 0 0.00189797
1.41414 0 0.00185833
1.4161 0 0.00189562
1.41811 0 0.00189125
1.4201 0 0.00189787
1.4221 0 0.00189802
1.4241 0 0.00189839
1.4261 0 0.00189891
1.42811 0 0.00189219
1.4301 0 0.00189734
1.4321 0 0.00189859
1.4341 0 0.00189807
1.4361 0 0.00189896
1.43811 0 0.00189214
1.4401 0 0.00189734
1.4421 0 0.00189828
1.4441 0 0.00189839
1.4461 0 0.00189849
1.4481 0 0.0018976
1.4501 0 0.00189755
1.4521 0 0.00189792
1.4541 0 0.00189875
1.4561 0 0.00189906
1.45811 0 0.00189193
1.4601 0 0.00189745
1.4621 0 0.00189787
1.4641 0 0.00189818
1.4661 0 0.00189859
1.46811 0 0.00189224
1.4701 0 0.00189787
1.4721 0 0.00189818
1.4741 0 0.00189818
1.4761 0 0.00189891
1.47811 0 0.0018925
1.4801 0 0.00189771
1.4821 0 0.00189823
1.4841 0 0.00189839
1.4861 0 0.00189828
1.4881 0 0.00189745
1.4901 0 0.00189813
1.4921 0 0.00189849
1.4941 0 0.00189839
1.4961 0 0.00189828
1.49811 0 0.0018924
1.5001 0 0.00189792
1.5021 0 0.00189844
1.5041 0 0.00189854
1.5061 0 0.00189854
1.50811 0 0.00189281
1.5101 0 0.00189787
1.5121 0 0.00189844
1.5141 0 0.00189875
1.51614 0 0.00185802
1.51811 0 0.0018901
1.52009 0 0.00190359
1.52209 0 0.00190422
1.52409 0 0.001905
1.52609 0 0.00190474
1.5281 0 0.00189464
1.5301 0 0.00189703
1.5321 0 0.00189802
1.5341 0 0.00189813
1.5361 0 0.00189755
1.53811 0 0.00189182
1.5401 0 0.00189771
1.5421 0 0.00189802
1.5441 0 0.00189813
1.5461 0 0.00189885
1.54811 0 0.0018924
1.5501 0 0.00189719
1.5521 0 0.00189844
1.5541 0 0.00189896
1.5561 0 0.00189859
1.55811 0 0.0018924
1.5601 0 0.00189781
1.5621 0 0.00189849
1.5641 0 0.00189839
1.5661 0 0.00189797
1.5681 0 0.00189729
1.5701 0 0.00189781
1.5721 0 0.00189875
1.5741 0 0.00189865
1.5761 0 0.00189885
1.57811 0 0.00189245
1.58009 0 0.00190401
1.58209 0 0.00190458
1.58409 0 0.00190443
1.58609 0 0.00190464
1.5881 0 0.00189719
1.5901 0 0.00189661
1.5921 0 0.0018987
1.5941 0 0.00189896
1.5961 0 0.00189865
1.59811 0 0.00189333
1.6001 0 0.00189807
1.6021 0 0.00189839
1.6041 0 0.00189839
1.6061 0 0.0018987
1.6081 0 0.00189797
1.6101 0 0.00189865
1.6121 0 0.00189839
1.6141 0 0.00189912
1.61614 0 0.00185786
1.61811 0 0.00188974
1.6201 0 0.00189781
1.6221 0 0.00189813
1.6241 0 0.00189865
1.6261 0 0.0018988
1.6281 0 0.00189333
1.6301 0 0.00189802
1.6321 0 0.0018987
1.6341 0 0.00189901
1.6361 0 0.00189828
1.6381 0 0.00189339
1.6401 0 0.00189833
1.6421 0 0.0018988
1.6441 0 0.00189849
1.6461 0 0.0018988
1.6481 0 0.00189807
1.6501 0 0.00189854
1.6521 0 0.00189854
1.6541 0 0.0018988
1.6561 0 0.00189906
1.6581 0 0.001895
1.6601 0 0.00189771
1.6621 0 0.00189865
1.6641 0 0.00189865
1.6661 0 0.00189859
1.66811 0 0.00189292
1.6701 0 0.0018974
1.6721 0 0.00189781
1.6741 0 0.00189849
1.6761 0 0.00189875
1.67811 0 0.00189292
1.6801 0 0.0018976
1.6821 0 0.00189865
1.6841 0 0.00189859
1.6861 0 0.0018987
1.6881 0 0.00189776
1.6901 0 0.00189865
1.6921 0 0.00189833
1.6941 0 0.00189859
1.6961 0 0.00189844
1.6981 0 0.00189328
1.7001 0 0.00189729
1.7021 0 0.00189776
1.7041 0 0.00189823
1.7061 0 0.00189839
1.70811 0 0.00189266
1.7101 0 0.00189828
1.7121 0 0.00189807
1.7141 0 0.00189859
1.7161 0 0.00189833
1.71815 0 0.0018512
1.7201 0 0.0018949
1.7221 0 0.0018976
1.7241 0 0.00189787
1.7261 0 0.00189823
1.7281 0 0.00189787
1.73009 0 0.00190406
1.73209 0 0.00190495
1.73409 0 0.00190505
1.73609 0 0.0019049
1.7381 0 0.00189729
1.7401 0 0.00189661
1.7421 0 0.00189813
1.7441 0 0.00189802
1.7461 0 0.00189849
1.74811 0 0.00189193
1.7501 0 0.00189766
1.7521 0 0.00189859
1.7541 0 0.00189844
1.7561 0 0.00189823
1.75811 0 0.00189292
1.7601 0 0.00189682
1.7621 0 0.00189787
1.7641 0 0.00189839
1.7661 0 0.00189818
1.7681 0 0.00189766
1.7701 0 0.00189776
1.7721 0 0.00189818
1.7741 0 0.00189865
1.7761 0 0.00189886
1.77811 0 0.00189245
1.7801 0 0.00189724
1.7821 0 0.00189823
1.7841 0 0.00189781
1.7861 0 0.00189859
1.78811 0 0.00189276
1.7901 0 0.00189813
1.7921 0 0.00189802
1.7941 0 0.00189875
1.7961 0 0.0018987
1.79811 0 0.0018925
1.8001 0 0.00189719
1.8021 0 0.00189833
1.8041 0 0.0018987
1.8061 0 0.00189854
1.8081 0 0.00189766
1.81009 0 0.00190479
1.81209 0 0.00190495
1.81409 0 0.00190557
1.81609 0 0.00190484
1.8181 0 0.00189396
1.82014 0 0.00185547
1.8221 0 0.00189615
1.8241 0 0.00189787
1.8261 0 0.00189844
1.82811 0 0.00189255
1.83009 0 0.00190386
1.83209 0 0.00190479
1.83409 0 0.00190511
1.83609 0 0.00190464
1.8381 0 0.00189589
1.8401 0 0.00189714
1.8421 0 0.00189802
1.8441 0 0.00189886
1.8461 0 0.00189828
1.8481 0 0.00189833
1.8501 0 0.00189844
1.8521 0 0.00189891
1.8541 0 0.00189854
1.8561 0 0.0018987
1.85811 0 0.00189182
1.8601 0 0.00189802
1.8621 0 0.00189854
1.8641 0 0.00189849
1.8661 0 0.00189849
1.86811 0 0.00189255
1.8701 0 0.00189771
1.8721 0 0.00189859
1.8741 0 0.00189839
1.8761 0 0.00189849
1.87811 0 0.00189245
1.8801 0 0.0018975
1.8821 0 0.00189776
1.8841 0 0.00189818
1.8861 0 0.00189828
1.8881 0 0.00189797
1.8901 0 0.00189813
1.8921 0 0.00189844
1.8941 0 0.0018987
1.8961 0 0.00189833
1.89811 0 0.00189245
1.9001 0 0.00189792
1.9021 0 0.00189807
1.9041 0 0.00189833
1.9061 0 0.00189833
1.90811 0 0.00189266
1.9101 0 0.00189781
1.9121 0 0.00189844
1.9141 0 0.00189917
1.9161 0 0.00189844
1.91811 0 0.00189302
1.9201 0 0.00189787
1.92214 0 0.0018575
1.9241 0 0.00189568
1.9261 0 0.00189776
1.9281 0 0.00189745
1.9301 0 0.00189896
1.9321 0 0.00189849
1.9341 0 0.00189901
1.9361 0 0.00189818
1.93811 0 0.00189276
1.94009 0 0.00190432
1.94209 0 0.00190542
1.94409 0 0.00190432
1.94609 0 0.00190484
1.9481 0 0.00189495
1.9501 0 0.00189651
1.9521 0 0.00189807
1.9541 0 0.00189859
1.9561 0 0.00189859
1.95811 0 0.0018925
1.9601 0 0.00189693
1.9621 0 0.00189766
1.9641 0 0.00189787
1.9661 0 0.00189839
1.9681 0 0.00189797
1.9701 0 0.00189839
1.9721 0 0.00189849
1.9741 0 0.00189906
1.9761 0 0.00189849
1.97811 0 0.0018925
1.9801 0 0.00189781
1.9821 0 0.00189849
1.9841 0 0.00189818
1.9861 0 0.00189833
1.98811 0 0.00189287
1.9901 0 0.0018975
1.9921 0 0.00189849
1.9941 0 0.0018987
1.9961 0 0.00189859
1.99811 0 0.0018925
2.0001 0 0.00189724
2.0021 0 0.00189828
2.0041 0 0.00189854
2.0061 0 0.0018987
2.0081 0 0.00189807
2.0101 0 0.00189818
2.0121 0 0.00189891
2.0141 0 0.00189896
2.0161 0 0.00189865
2.01811 0 0.00189193
2.0201 0 0.00189719
2.02214 0 0.00185766
2.0241 0 0.00189563
2.0261 0 0.00189755
2.02811 0 0.00189182
2.0301 0 0.00189755
2.0321 0 0.00189849
2.0341 0 0.00189844
2.0361 0 0.00189859
2.03811 0 0.00189224
2.0401 0 0.0018974
2.0421 0 0.00189833
2.0441 0 0.00189802
2.0461 0 0.00189823
