1.355e-06 0 0.000982343
0.00124276 0 0.000753854
0.00210234 0 0.00089552
0.00310005 0 0.000898072
0.00409984 0 0.000898281
0.00509891 0 0.000899218
0.00609917 0 0.000898906
0.00709896 0 0.000899114
0.00810396 0 0.000893854
0.00910276 0 0.000895312
0.0101005 0 0.000897604
0.0110995 0 0.000898593
0.0120991 0 0.00089901
0.0131001 0 0.00089802
0.0140993 0 0.000898854
0.0150987 0 0.000899427
0.016099 0 0.000899218
0.0170958 0 0.000902343
0.0180985 0 0.00089927
0.0191219 0 0.000875937
0.0201022 0 0.000895468
0.0211023 0 0.000895729
0.0220996 0 0.000898645
0.0230993 0 0.000898802
0.024099 0 0.000899166
0.0250984 0 0.000899739
0.0260984 0 0.000899739
0.0270993 0 0.000898802
0.0280953 0 0.000902395
0.0290941 0 0.000903854
0.030093 0 0.000905156
0.0310928 0 0.000905364
0.0320922 0 0.000905937
0.033093 0 0.000905156
0.0340926 0 0.000905572
0.0350935 0 0.000904583
0.0360929 0 0.00090526
0.0370926 0 0.00090552
0.0380963 0 0.000901093
0.0390921 0 0.000906041
0.0400934 0 0.000904791
0.0410929 0 0.00090526
0.0420929 0 0.000905364
0.0430925 0 0.000905625
0.0440926 0 0.000905572
0.0450929 0 0.000905312
0.0460925 0 0.000905625
0.0470923 0 0.000905885
0.0481026 0 0.000895208
0.0491022 0 0.000895937
0.0500992 0 0.000898958
0.0510999 0 0.000898281
0.0520992 0 0.000898958
0.0530986 0 0.000899531
0.0540991 0 0.000898958
0.0550988 0 0.000899322
0.0560992 0 0.00089901
0.0570986 0 0.000899531
0.0580957 0 0.000901979
0.0590944 0 0.000903697
0.0600904 0 0.00090776
0.06109 0 0.000908072
0.062093 0 0.000905156
0.063093 0 0.00090526
0.0640929 0 0.000905312
0.0650927 0 0.000905416
0.0660927 0 0.000905364
0.0670925 0 0.000905677
0.0681054 0 0.000892031
0.0691016 0 0.000896562
0.0700991 0 0.000898958
0.0710981 0 0.0009
0.0720982 0 0.000899947
0.0730977 0 0.00090052
0.0740984 0 0.000899687
0.0750977 0 0.000900468
0.0760981 0 0.000900104
0.0770981 0 0.000900052
0.0781009 0 0.000896927
0.0790993 0 0.000898802
0.080098 0 0.000900052
0.0810985 0 0.000899583
0.0820951 0 0.000903072
0.0830984 0 0.000899791
0.0840985 0 0.000899635
0.085098 0 0.000900208
0.0860986 0 0.000899583
0.0870979 0 0.000900312
0.0880999 0 0.000897968
0.0890991 0 0.00089901
0.0900986 0 0.000899479
0.0910984 0 0.000899687
0.0920976 0 0.000900625
0.093098 0 0.000900156
0.0940977 0 0.000900468
0.0950978 0 0.000900416
0.096098 0 0.000900208
0.0970978 0 0.000900312
0.0980998 0 0.000898072
0.0990989 0 0.000899114
0.100098 0 0.000900156
0.101098 0 0.000899947
0.102098 0 0.000899739
0.103095 0 0.000903281
0.104095 0 0.000903593
0.105098 0 0.000900052
0.106098 0 0.000900104
0.107098 0 0.000900104
0.1081 0 0.000897708
0.1091 0 0.00089802
0.110099 0 0.00089901
0.111098 0 0.000899687
0.112097 0 0.000900729
0.113098 0 0.000900104
0.114098 0 0.000899843
0.115098 0 0.000899791
0.116098 0 0.000900468
0.117098 0 0.000899791
0.1181 0 0.0008975
0.119099 0 0.000898906
0.12014 0 0.000857552
0.121101 0 0.000896979
0.1221 0 0.000898489
0.123098 0 0.000900104
0.124099 0 0.000899479
0.125096 0 0.000902552
0.126095 0 0.000903593
0.127098 0 0.00090026
0.1281 0 0.000897864
0.129101 0 0.000897291
0.1301 0 0.000898541
0.131098 0 0.000900364
0.132098 0 0.000900312
0.133099 0 0.000899583
0.134098 0 0.000899687
0.135098 0 0.000900052
0.136098 0 0.000900104
0.137098 0 0.000900416
0.1381 0 0.000898073
0.139099 0 0.000899166
0.140098 0 0.00090026
0.141097 0 0.000900781
0.142099 0 0.000899531
0.143098 0 0.000899843
0.1441 0 0.000898073
0.145098 0 0.000899843
0.146098 0 0.000900156
0.147095 0 0.00090302
0.148099 0 0.000899218
0.1491 0 0.000898541
0.150099 0 0.00089901
0.151098 0 0.000899895
0.152098 0 0.000900052
0.153098 0 0.000899687
0.154098 0 0.000899531
0.155098 0 0.000900364
0.156098 0 0.0009
0.157098 0 0.000900208
0.158101 0 0.00089677
0.1591 0 0.000897708
0.160099 0 0.000899218
0.161098 0 0.000900052
0.162098 0 0.000899948
0.163098 0 0.00090026
0.164098 0 0.000899739
0.165098 0 0.000900208
0.166098 0 0.000899843
0.167098 0 0.000900208
0.168098 0 0.000899687
0.169096 0 0.000902239
0.170099 0 0.000899323
0.171098 0 0.000899895
0.172099 0 0.000899531
0.173098 0 0.000900208
0.174099 0 0.000899687
0.175098 0 0.000900052
0.176098 0 0.000899895
0.177098 0 0.000900208
0.1781 0 0.000897708
0.179101 0 0.000897135
0.180099 0 0.00089875
0.181098 0 0.000900416
0.182098 0 0.000899895
0.183168 0 0.000830364
0.184103 0 0.000894739
0.185102 0 0.000896041
0.186099 0 0.00089901
0.187099 0 0.000898802
0.188101 0 0.000896614
0.1891 0 0.000898125
0.190096 0 0.000901666
0.191099 0 0.000899166
0.192099 0 0.000899062
0.193099 0 0.000899427
0.194099 0 0.00089927
0.195099 0 0.000899375
0.196099 0 0.000899375
0.197099 0 0.000899375
0.198101 0 0.000896458
0.1991 0 0.000898333
0.200099 0 0.00089901
0.201099 0 0.000899166
0.202099 0 0.000899583
0.203099 0 0.000898958
0.204099 0 0.000898906
0.205099 0 0.000899218
0.206099 0 0.000899062
0.207099 0 0.000899166
0.208101 0 0.000896718
0.2091 0 0.000898281
0.210099 0 0.000899479
0.211096 0 0.000902135
0.212095 0 0.000902708
0.213099 0 0.000899062
0.214099 0 0.000898958
0.215099 0 0.00089927
0.216098 0 0.000899791
0.217099 0 0.00089901
0.218101 0 0.000896562
0.2191 0 0.00089776
0.220099 0 0.000899531
0.221143 0 0.000854948
0.222102 0 0.000895781
0.223099 0 0.000899166
0.2241 0 0.000897708
0.225099 0 0.000899114
0.226099 0 0.000899531
0.227099 0 0.000898958
0.228101 0 0.000896666
0.2291 0 0.000898281
0.230099 0 0.000898906
0.231099 0 0.000898906
0.232099 0 0.00089927
0.233096 0 0.000902135
0.234099 0 0.000898958
0.235098 0 0.000899791
0.236099 0 0.000899427
0.237099 0 0.000899427
0.238096 0 0.000902031
0.239094 0 0.000903645
0.240094 0 0.000904375
0.241093 0 0.000904739
0.242093 0 0.00090526
0.243093 0 0.000905364
0.244093 0 0.000905364
0.245093 0 0.00090526
0.246093 0 0.000905416
0.247093 0 0.000904687
0.248102 0 0.000895781
0.249102 0 0.000895937
0.2501 0 0.000898489
0.251099 0 0.000898958
0.252099 0 0.00089901
0.253099 0 0.000899166
0.254096 0 0.00090177
0.255096 0 0.000902448
0.256099 0 0.000898906
0.257099 0 0.000899583
0.258101 0 0.00089677
0.2591 0 0.000897968
0.260099 0 0.000898906
0.261098 0 0.000899635
0.262099 0 0.000899166
0.263099 0 0.00089901
0.264099 0 0.000899166
0.265099 0 0.000899114
0.266098 0 0.000899583
0.267099 0 0.000898906
0.268101 0 0.000896823
0.2691 0 0.000898073
0.270099 0 0.000898854
0.271099 0 0.00089901
0.272099 0 0.00089901
0.273099 0 0.000899323
0.274099 0 0.000898958
0.275099 0 0.000899375
0.276096 0 0.000902395
0.277096 0 0.000902395
0.278099 0 0.000899114
0.279101 0 0.000897448
0.280099 0 0.000899323
0.281099 0 0.000899531
0.282099 0 0.000898958
0.283099 0 0.000899479
0.284099 0 0.00089927
0.285099 0 0.00089927
0.286099 0 0.000898958
0.287099 0 0.000899114
0.288096 0 0.000902083
0.289094 0 0.000904114
0.290093 0 0.000904687
0.291093 0 0.000905
0.292093 0 0.000905156
0.293093 0 0.000905104
0.294093 0 0.000905052
0.295093 0 0.000905104
0.296093 0 0.00090552
0.297093 0 0.000905208
0.298099 0 0.000899114
0.299101 0 0.000896458
0.3001 0 0.000898385
0.301098 0 0.000899687
0.302099 0 0.000899114
0.303099 0 0.00089901
0.304099 0 0.000898854
0.305099 0 0.000898854
0.306099 0 0.000898906
0.307099 0 0.000898906
0.308101 0 0.000896927
0.3091 0 0.000897968
0.310099 0 0.000899583
0.311099 0 0.000899062
0.312099 0 0.000898854
0.313098 0 0.000899531
0.314099 0 0.000899166
0.315099 0 0.000899166
0.316099 0 0.000898958
0.317099 0 0.000899323
0.318101 0 0.000896927
0.319097 0 0.000900833
0.320096 0 0.000902135
0.321099 0 0.000898958
0.322142 0 0.000855729
0.323102 0 0.000895989
0.3241 0 0.00089802
0.325099 0 0.000899062
0.326099 0 0.000898958
0.327099 0 0.000898958
0.328101 0 0.000896562
0.3291 0 0.000897864
0.330099 0 0.00089875
0.331099 0 0.00089901
0.332099 0 0.000899062
0.333099 0 0.000899166
0.334099 0 0.00089875
0.335099 0 0.00089901
0.336099 0 0.000899062
0.337099 0 0.000898645
0.338101 0 0.000897239
0.3391 0 0.000898177
0.340099 0 0.00089875
0.341096 0 0.000902395
0.342099 0 0.00089901
0.343099 0 0.000899218
0.3441 0 0.000898385
0.345099 0 0.000899218
0.346099 0 0.000899427
0.347099 0 0.000898958
0.348101 0 0.000897083
0.3491 0 0.00089776
0.350099 0 0.000898958
0.3511 0 0.000898333
0.352099 0 0.000899114
0.353099 0 0.000898906
0.354099 0 0.000898958
0.355099 0 0.000899271
0.356099 0 0.000899271
0.357099 0 0.00089875
0.358101 0 0.000896718
0.3591 0 0.000898125
0.3601 0 0.000898489
0.3611 0 0.000898437
0.362096 0 0.000902031
0.363096 0 0.000901771
0.364099 0 0.000899531
0.365099 0 0.000898646
0.366099 0 0.000898906
0.367099 0 0.000899166
0.3681 0 0.000897239
0.369101 0 0.000897448
0.370099 0 0.000898854
0.371099 0 0.000899218
0.372099 0 0.000899271
0.373099 0 0.000899062
0.374099 0 0.00089901
0.375099 0 0.000899583
0.376099 0 0.000899323
0.377099 0 0.000899114
0.378101 0 0.000896562
0.3791 0 0.000897656
0.380099 0 0.000899218
0.381099 0 0.000899271
0.3821 0 0.000898593
0.383099 0 0.00089875
0.384096 0 0.000901666
0.385096 0 0.000901823
0.3861 0 0.000898385
0.387099 0 0.000898698
0.388101 0 0.000897396
0.389101 0 0.000896666
0.390099 0 0.000898802
0.391099 0 0.00089875
0.392099 0 0.000899062
0.3931 0 0.000898489
0.394099 0 0.00089875
0.395099 0 0.000898906
0.396099 0 0.000899062
0.397099 0 0.000899427
0.398101 0 0.000897135
0.3991 0 0.000898125
0.4001 0 0.000898281
0.401099 0 0.000898854
0.402099 0 0.000898802
0.403099 0 0.000899062
0.404099 0 0.000899062
0.405099 0 0.000898698
0.406096 0 0.000901875
0.407099 0 0.000899479
0.408101 0 0.000896927
0.4091 0 0.000897656
0.410099 0 0.00089875
0.411099 0 0.000898958
0.412099 0 0.000899271
0.413099 0 0.00089875
0.414099 0 0.000898958
0.415099 0 0.000899479
0.416099 0 0.000898646
0.417099 0 0.000899062
0.418101 0 0.000896875
0.4191 0 0.000897968
0.420099 0 0.000899323
0.421099 0 0.000898906
0.422099 0 0.000898802
0.423141 0 0.000856562
0.424102 0 0.000895833
0.425101 0 0.000896927
0.426099 0 0.000898802
0.427096 0 0.0009025
0.428099 0 0.000899166
0.4291 0 0.000897968
0.430099 0 0.000898698
0.431098 0 0.000899843
0.432099 0 0.000898958
0.433099 0 0.00089875
0.434099 0 0.000898646
0.435099 0 0.000899323
0.436099 0 0.000899062
0.437099 0 0.000899271
0.438101 0 0.000896562
0.4391 0 0.000897864
0.440099 0 0.000898698
0.441099 0 0.000899323
0.442099 0 0.000899531
0.443099 0 0.000899271
0.444099 0 0.000899218
0.445099 0 0.000899218
0.446099 0 0.000898802
0.447099 0 0.000899271
0.448094 0 0.000903281
0.449091 0 0.00090651
0.450093 0 0.000904739
0.451094 0 0.000904531
0.452092 0 0.000905625
0.453093 0 0.00090526
0.454093 0 0.000905052
0.455093 0 0.000905052
0.456093 0 0.000904896
0.457093 0 0.000905208
0.458102 0 0.00089526
0.459102 0 0.000895677
0.460099 0 0.000898958
0.461099 0 0.000899062
0.462099 0 0.00089901
0.463099 0 0.000898854
0.464099 0 0.000899479
0.465099 0 0.00089901
0.466099 0 0.000899427
0.467099 0 0.000899062
0.468101 0 0.000896562
0.4691 0 0.000897708
0.470096 0 0.000901354
0.471096 0 0.000901771
0.472099 0 0.00089901
0.473099 0 0.000898802
0.474099 0 0.000898958
0.475099 0 0.000898958
0.4761 0 0.000898385
0.477099 0 0.000898802
0.478101 0 0.000896823
0.479101 0 0.000897187
0.480101 0 0.000897291
0.481099 0 0.000898854
0.482099 0 0.000898698
0.483099 0 0.000898698
0.484099 0 0.000898854
0.485099 0 0.000899166
0.486099 0 0.000898593
0.487099 0 0.000899427
0.488101 0 0.000896614
0.4891 0 0.000898437
0.490099 0 0.000898906
0.491099 0 0.000898906
0.492096 0 0.000902135
0.493096 0 0.000902135
0.4941 0 0.000898489
0.495099 0 0.000898802
0.496099 0 0.000899062
0.497099 0 0.00089875
0.498101 0 0.000897187
0.4991 0 0.00089776
0.500099 0 0.000898802
0.5011 0 0.000898437
0.5021 0 0.000898437
0.5031 0 0.000898489
0.504099 0 0.000898958
0.505099 0 0.000898802
0.506099 0 0.000899166
0.507099 0 0.000898698
0.508101 0 0.000896875
0.5091 0 0.000897604
0.510099 0 0.000898854
0.511099 0 0.000899166
0.512099 0 0.000899166
0.513099 0 0.000899114
0.514096 0 0.0009025
0.515099 0 0.00089901
0.5161 0 0.000898593
0.517099 0 0.000898906
0.518101 0 0.000896771
0.519101 0 0.000897291
0.520101 0 0.000897135
0.521099 0 0.000898489
0.522099 0 0.000898958
0.52314 0 0.000858385
0.524102 0 0.000896406
0.5251 0 0.000898333
0.526099 0 0.00089875
0.5271 0 0.000898333
0.528101 0 0.000896823
0.5291 0 0.000897916
0.530099 0 0.000898541
0.531099 0 0.000899218
0.532099 0 0.000899062
0.533099 0 0.000898698
0.534099 0 0.000898958
0.535097 0 0.000901614
0.536096 0 0.000902083
0.537099 0 0.000899062
0.538095 0 0.00090276
0.539094 0 0.000903541
0.540093 0 0.000904583
0.541093 0 0.000905156
0.542093 0 0.000905052
0.543093 0 0.000905416
0.544094 0 0.000904375
0.545093 0 0.000904843
0.546093 0 0.000905364
0.547092 0 0.000905625
0.548105 0 0.000892187
0.549103 0 0.000895416
0.550101 0 0.000896927
0.5511 0 0.000898385
0.552099 0 0.000898958
0.553099 0 0.000898646
0.5541 0 0.000898541
0.555099 0 0.000899166
0.556099 0 0.000898593
0.557096 0 0.000902291
0.558099 0 0.000898385
0.559101 0 0.000896771
0.5601 0 0.000898385
0.561099 0 0.000899271
0.562099 0 0.000899271
0.563099 0 0.00089875
0.564099 0 0.000898906
0.565099 0 0.00089875
0.566099 0 0.00089875
0.567099 0 0.000898802
0.568101 0 0.000896927
0.5691 0 0.000897864
0.570099 0 0.000898906
0.571099 0 0.000899114
0.572099 0 0.000898854
0.573099 0 0.000898906
0.574099 0 0.000899219
0.575099 0 0.000899114
0.576099 0 0.00089901
0.577099 0 0.000898541
0.578097 0 0.000900312
0.579097 0 0.000900989
0.5801 0 0.000898541
0.581099 0 0.000898906
0.582099 0 0.000898958
0.583099 0 0.000899323
0.584099 0 0.000898854
0.585099 0 0.000898906
0.586099 0 0.000899479
0.587099 0 0.000898802
0.588101 0 0.000896719
0.5891 0 0.000898021
0.590099 0 0.000898802
0.591099 0 0.000898906
0.5921 0 0.000898594
0.593099 0 0.000898698
0.594099 0 0.00089875
0.5951 0 0.000898489
0.5961 0 0.000898594
0.597099 0 0.000899271
0.598102 0 0.000895416
0.599102 0 0.000896041
0.600096 0 0.000901666
0.601099 0 0.000899062
0.602099 0 0.000899062
0.603099 0 0.000899375
0.604099 0 0.000898906
0.605099 0 0.000898698
0.606099 0 0.000899114
0.607099 0 0.000898906
0.608101 0 0.000896771
0.6091 0 0.00089776
0.610099 0 0.000899062
0.611099 0 0.000898854
0.612099 0 0.000898802
0.613099 0 0.000898958
0.614099 0 0.000898958
0.615099 0 0.000898802
0.616099 0 0.00089875
0.617099 0 0.000899271
0.618101 0 0.000896823
0.6191 0 0.00089776
0.620099 0 0.000898646
0.621096 0 0.000902291
0.622096 0 0.000901406
0.623099 0 0.000899114
0.624141 0 0.000856666
0.625101 0 0.000896458
0.6261 0 0.00089776
0.627099 0 0.000899219
0.628101 0 0.000896666
0.6291 0 0.000897969
0.630099 0 0.000899062
0.631099 0 0.000898646
0.632099 0 0.000899323
0.633098 0 0.000899583
0.634099 0 0.000899114
0.635099 0 0.000899479
0.636099 0 0.000899166
0.637099 0 0.000899479
0.638101 0 0.000897187
0.639101 0 0.000897396
0.640099 0 0.000899323
0.641099 0 0.000899114
0.6421 0 0.000898385
0.643096 0 0.000902083
0.644096 0 0.000902291
0.645099 0 0.00089901
0.646099 0 0.000898906
0.647099 0 0.000899531
0.648101 0 0.000896875
0.649101 0 0.000897396
0.650101 0 0.000897344
0.651099 0 0.000899166
0.652099 0 0.000899375
0.653099 0 0.000899427
0.654099 0 0.000898958
0.655099 0 0.000899062
0.656099 0 0.000898958
0.657098 0 0.000899687
0.658096 0 0.000902239
0.659095 0 0.000903333
0.660093 0 0.000904635
0.661093 0 0.000905
0.662093 0 0.00090526
0.663093 0 0.000905312
0.664093 0 0.000905104
0.66509 0 0.000908489
0.666093 0 0.000905156
0.667093 0 0.000905208
0.668108 0 0.000889791
0.669102 0 0.000895677
0.670099 0 0.000898802
0.671099 0 0.000898906
0.672099 0 0.000899219
0.673098 0 0.000899687
0.674099 0 0.000899219
0.675099 0 0.000899062
0.676099 0 0.000898958
0.677098 0 0.000899531
0.678101 0 0.000896927
0.6791 0 0.000898229
0.680099 0 0.00089875
0.681099 0 0.000899166
0.682099 0 0.000898594
0.683099 0 0.000899323
0.684099 0 0.00089901
0.685099 0 0.000898854
0.686096 0 0.000901614
0.687095 0 0.000902656
0.688099 0 0.00089901
0.689101 0 0.000897396
0.690099 0 0.00089901
0.691099 0 0.00089901
0.692099 0 0.000899271
0.693099 0 0.000898906
0.694099 0 0.000899427
0.695099 0 0.000899114
0.696099 0 0.00089901
0.697099 0 0.000899427
0.698101 0 0.000896719
0.6991 0 0.000898489
0.700099 0 0.000898802
0.701099 0 0.000899427
0.702099 0 0.000898958
0.703099 0 0.000899166
0.704099 0 0.000899323
0.705099 0 0.000899427
0.706099 0 0.000899062
0.707099 0 0.000899375
0.708097 0 0.000900416
0.709101 0 0.000897552
0.710099 0 0.000898906
0.711099 0 0.00089901
0.712099 0 0.000899219
0.713099 0 0.000899062
0.714099 0 0.000899166
0.715099 0 0.00089901
0.7161 0 0.000898385
0.717099 0 0.000899219
0.718101 0 0.000896458
0.7191 0 0.000897864
0.720099 0 0.000898802
0.7211 0 0.000898385
0.7221 0 0.000898385
0.723099 0 0.000898958
0.72414 0 0.000858177
0.725102 0 0.000895937
0.7261 0 0.00089776
0.7271 0 0.000898594
0.728101 0 0.000896614
0.729097 0 0.000900833
0.730097 0 0.00090151
0.731099 0 0.000898854
0.732099 0 0.000898802
0.733099 0 0.000899062
0.734099 0 0.000898906
0.735099 0 0.000899114
0.736099 0 0.000899114
0.737099 0 0.000898854
0.738101 0 0.000896771
0.739101 0 0.000897135
0.740101 0 0.000897604
0.741099 0 0.000898854
0.742099 0 0.000898802
0.743099 0 0.000899531
0.744099 0 0.00089875
0.745099 0 0.00089901
0.746099 0 0.000899062
0.747099 0 0.000898646
0.748101 0 0.000897083
0.7491 0 0.000897969
0.750099 0 0.000898594
0.751096 0 0.000902083
0.752096 0 0.000901771
0.753099 0 0.000898698
0.754099 0 0.000898802
0.755099 0 0.000899114
0.756099 0 0.000898906
0.757099 0 0.00089875
0.758101 0 0.000896823
0.7591 0 0.00089776
0.760099 0 0.000898646
0.761099 0 0.000899166
0.762099 0 0.000898854
0.763099 0 0.000898802
0.764099 0 0.000898906
0.765099 0 0.000898854
0.766099 0 0.00089901
0.767099 0 0.00089901
0.768101 0 0.000896406
0.769101 0 0.000897135
0.7701 0 0.000898437
0.771099 0 0.000898698
0.7721 0 0.000898541
0.773096 0 0.000902291
0.774099 0 0.000898802
0.775099 0 0.000898802
0.776099 0 0.000898958
0.777099 0 0.000899166
0.778101 0 0.000896927
0.7791 0 0.000898229
0.7801 0 0.000898385
0.781099 0 0.000899114
0.782099 0 0.000898958
0.783099 0 0.000899167
0.784099 0 0.000898906
0.785099 0 0.00089901
0.786099 0 0.00089875
0.787099 0 0.000899219
0.788095 0 0.000903073
0.789094 0 0.000904219
0.790093 0 0.000904896
0.791093 0 0.00090526
0.792092 0 0.000905833
0.793092 0 0.000906094
0.79409 0 0.000908073
0.795089 0 0.000908646
0.796093 0 0.000904792
0.797093 0 0.00090526
0.798102 0 0.000895625
0.799102 0 0.000895833
0.8001 0 0.000898646
0.801099 0 0.00089901
0.8021 0 0.000898542
0.803099 0 0.000898802
0.804099 0 0.000899062
0.805099 0 0.000899323
0.8061 0 0.000898698
0.807099 0 0.000899219
0.808101 0 0.000896406
0.8091 0 0.000897812
0.8101 0 0.000898594
0.8111 0 0.000898594
0.812099 0 0.000899114
0.813099 0 0.000898906
0.814099 0 0.00089901
0.815099 0 0.000899219
0.816096 0 0.000902448
0.817099 0 0.000899062
0.818101 0 0.000896875
0.8191 0 0.000897708
0.820099 0 0.000898958
0.821099 0 0.000898958
0.822099 0 0.000898958
0.823099 0 0.000899114
0.824099 0 0.00089901
0.82514 0 0.000858125
0.826102 0 0.000896302
0.8271 0 0.000898021
0.828101 0 0.000896614
0.8291 0 0.000897969
0.8301 0 0.000898437
0.831099 0 0.000898698
0.832099 0 0.000898906
0.833099 0 0.000898854
0.834099 0 0.000899062
0.835099 0 0.00089901
0.836099 0 0.000899219
0.837096 0 0.000902083
0.838098 0 0.000899792
0.8391 0 0.000897969
0.8401 0 0.000898594
0.841099 0 0.000899323
0.842099 0 0.000899062
0.843099 0 0.000899375
0.844099 0 0.000899323
0.845099 0 0.000899219
0.846099 0 0.000899062
0.847099 0 0.000899271
0.848101 0 0.000896771
0.8491 0 0.00089776
0.850099 0 0.000898906
0.851099 0 0.000899323
0.852099 0 0.000898958
0.853099 0 0.00089901
0.854099 0 0.000898958
0.855099 0 0.00089901
0.856099 0 0.000899375
0.8571 0 0.000898542
0.858101 0 0.000896719
0.859097 0 0.000901354
0.860096 0 0.000901719
0.861099 0 0.000898958
0.862099 0 0.000899427
0.863099 0 0.000898906
0.864099 0 0.000898906
0.865099 0 0.000899114
0.866099 0 0.000899271
0.867099 0 0.000899062
0.868095 0 0.000902396
0.869094 0 0.000904114
0.870093 0 0.000905625
0.871093 0 0.000905573
0.872093 0 0.000905364
0.873093 0 0.000905677
0.874093 0 0.000905469
0.875093 0 0.000905469
0.876093 0 0.000905052
0.877093 0 0.000905417
0.878102 0 0.000895573
0.879102 0 0.000896094
0.880095 0 0.00090276
0.881096 0 0.000902552
0.882099 0 0.00089901
0.883099 0 0.000898958
0.884099 0 0.000899114
0.885099 0 0.000898906
0.886099 0 0.00089901
0.887099 0 0.000899114
0.888101 0 0.000896614
0.8891 0 0.00089776
0.8901 0 0.000898437
0.891099 0 0.000899323
0.892099 0 0.000898854
0.893099 0 0.000898958
0.894099 0 0.000899167
0.895099 0 0.000899219
0.896099 0 0.000898802
0.8971 0 0.000898594
0.898101 0 0.000897031
0.8991 0 0.000897917
0.900099 0 0.000898958
0.901098 0 0.000899687
0.902095 0 0.000902239
0.903096 0 0.000902448
0.904099 0 0.00089901
0.905099 0 0.000899479
0.906099 0 0.000899375
0.907099 0 0.000898854
0.908101 0 0.000896302
0.9091 0 0.000898177
0.910099 0 0.000898854
0.911099 0 0.000898854
0.912099 0 0.000898906
0.913099 0 0.00089901
0.914099 0 0.000899271
0.915099 0 0.000899479
0.916099 0 0.00089901
0.917099 0 0.000899167
0.918101 0 0.000896719
0.9191 0 0.000897812
0.9201 0 0.000898646
0.921099 0 0.00089901
0.922099 0 0.000899167
0.923099 0 0.000898854
0.924096 0 0.000902083
0.925099 0 0.000899062
0.926139 0 0.00085875
0.927102 0 0.000896302
0.928145 0 0.000852344
0.9291 0 0.000898281
0.930099 0 0.00089875
0.9311 0 0.000898542
0.932099 0 0.000899062
0.933099 0 0.000898802
0.934099 0 0.000898906
0.935099 0 0.000899375
0.936099 0 0.00089901
0.937099 0 0.000899271
0.938101 0 0.000896927
0.9391 0 0.000898125
0.940099 0 0.00089875
0.941099 0 0.00089875
0.9421 0 0.000898542
0.943099 0 0.00089901
0.944098 0 0.000899844
0.945096 0 0.000902031
0.946096 0 0.000901875
0.947099 0 0.000898906
0.948101 0 0.000896719
0.9491 0 0.000898021
0.950099 0 0.000899062
0.951099 0 0.000899427
0.952099 0 0.000899271
0.953099 0 0.000898646
0.954099 0 0.00089875
0.955099 0 0.00089901
0.956099 0 0.000899323
0.957099 0 0.000899375
0.958101 0 0.000897239
0.9591 0 0.000897656
0.960099 0 0.00089901
0.961099 0 0.00089901
0.962099 0 0.000899427
0.963099 0 0.00089901
0.964099 0 0.000899114
0.965099 0 0.000899531
0.966099 0 0.00089901
0.967095 0 0.000902864
0.968099 0 0.000899219
0.9691 0 0.00089776
0.970099 0 0.000899219
0.971099 0 0.000898906
0.972099 0 0.000899427
0.973099 0 0.000899635
0.974099 0 0.000899219
0.975099 0 0.000898958
0.976099 0 0.000899531
0.977099 0 0.000899375
0.978101 0 0.000897083
0.979101 0 0.000897604
0.980099 0 0.000899427
0.981099 0 0.000899479
0.982099 0 0.00089901
0.983099 0 0.000899271
0.984099 0 0.00089875
0.985099 0 0.000899114
0.986099 0 0.000899479
0.987099 0 0.000899062
0.988098 0 0.00090026
0.989097 0 0.000901354
0.990099 0 0.00089901
0.991099 0 0.000899375
0.992099 0 0.000899323
0.993099 0 0.000899635
0.994099 0 0.00089901
0.995098 0 0.000899792
0.996099 0 0.00089901
0.997099 0 0.000899114
0.998101 0 0.000896823
0.9991 0 0.000897917
1.0001 0 0.00089901
1.0011 0 0.000899115
1.0021 0 0.000899479
1.0031 0 0.000898958
1.0041 0 0.000899062
1.0051 0 0.000899375
1.0061 0 0.000898958
1.0071 0 0.000899687
1.0081 0 0.00089651
1.0091 0 0.000898802
1.0101 0 0.000901979
1.0111 0 0.000902135
1.0121 0 0.000899323
1.0131 0 0.000899271
1.0141 0 0.00089901
1.0151 0 0.000899687
1.0161 0 0.000899375
1.0171 0 0.000899375
1.0181 0 0.000897031
1.0191 0 0.000898698
1.0201 0 0.000899167
1.0211 0 0.000899167
1.0221 0 0.000898906
1.0231 0 0.000899531
