1.146e-06 -0.0195408 0.00680583
0.0102117 -0.0195408 0.00683229
0.0201052 -0.0195408 0.00784104
0.0301071 -0.0195408 0.00784099
0.0401061 -0.0195408 0.00783969
0.0501066 -0.0195408 0.00784193
0.0601068 -0.0195408 0.00784906
0.070106 -0.0195408 0.00783901
0.0801067 -0.0195408 0.00778839
0.0901066 -0.0195408 0.00783963
0.100106 -0.0195408 0.00784208
0.110105 -0.0195408 0.0078438
0.120105 -0.0195408 0.00784849
0.130105 -0.0195408 0.00784057
0.14011 -0.0195408 0.00784026
0.150109 -0.0195408 0.00783031
0.160107 -0.0195408 0.00784047
0.170106 -0.0195408 0.00784094
0.180106 -0.0195408 0.0078412
0.190155 -0.0195408 0.0078413
0.200106 -0.0195408 0.00784281
0.210105 -0.0195408 0.00784234
0.220104 -0.0195408 0.00784823
0.230112 -0.0195408 0.0078263
0.240113 -0.0195408 0.00783328
0.250109 -0.0195408 0.00784146
0.260105 -0.0195408 0.00784292
0.270105 -0.0195408 0.00784891
0.280106 -0.0195408 0.00783974
0.290154 -0.0195408 0.00784094
0.300105 -0.0195408 0.00781839
0.310109 -0.0195408 0.0078412
0.320106 -0.0195408 0.00784203
0.330104 -0.0195408 0.00784167
0.340107 -0.0195408 0.00784287
0.350105 -0.0195408 0.00784323
0.360105 -0.0195408 0.00784161
0.370105 -0.0195408 0.00784859
0.380105 -0.0195408 0.00784099
0.390105 -0.0195408 0.00784052
0.400106 -0.0195408 0.00784219
0.410105 -0.0195408 0.00784328
0.420105 -0.0195408 0.00784214
0.430106 -0.0195408 0.00784255
0.440105 -0.0195408 0.00784167
0.450105 -0.0195408 0.00784167
0.460106 -0.0195408 0.00784219
0.470105 -0.0195408 0.0078425
0.480106 -0.0195408 0.00784838
0.490106 -0.0195408 0.00784141
0.500106 -0.0195408 0.00784286
0.510105 -0.0195408 0.0078425
0.520105 -0.0195408 0.00784229
0.530105 -0.0195408 0.00784323
0.540105 -0.0195408 0.00784344
0.550105 -0.0195408 0.00784328
0.560105 -0.0195408 0.0078424
0.570105 -0.0195408 0.00784219
0.580106 -0.0195408 0.00784292
0.590106 -0.0195408 0.00780177
0.600106 -0.0195408 0.00784099
0.610105 -0.0195408 0.00784276
0.620106 -0.0195408 0.00784917
0.630105 -0.0195408 0.00784323
0.640106 -0.0195408 0.00782583
0.650105 -0.0195408 0.00784281
0.660106 -0.0195408 0.00784333
0.670106 -0.0195408 0.00784302
0.680106 -0.0195408 0.0078425
0.690105 -0.0195408 0.00780854
0.700104 -0.0195408 0.00784167
0.710105 -0.0195408 0.00784182
0.720105 -0.0195408 0.00784219
0.730105 -0.0195408 0.00784271
0.740106 -0.0195408 0.00784307
0.750105 -0.0195408 0.00784182
0.760105 -0.0195408 0.00784224
0.770106 -0.0195408 0.00784229
0.780105 -0.0195408 0.00784401
0.790105 -0.0195408 0.00780141
0.800106 -0.0195408 0.00784286
0.810105 -0.0195408 0.00783537
0.820105 -0.0195408 0.00784328
0.830106 -0.0195408 0.00784297
0.840105 -0.0195408 0.00784312
0.850104 -0.0195408 0.00784182
0.860106 -0.0195408 0.0078438
0.870107 -0.0195408 0.00784964
0.880106 -0.0195408 0.00784307
0.890105 -0.0195408 0.00780109
0.900106 -0.0195408 0.00784849
0.910105 -0.0195408 0.00784443
0.920105 -0.0195408 0.00784203
0.930105 -0.0195408 0.00784187
0.940105 -0.0195408 0.00784297
0.950105 -0.0195408 0.0078425
0.960105 -0.0195408 0.00784375
0.970104 -0.0195408 0.00784271
0.980105 -0.0195408 0.00783995
0.990104 -0.0195408 0.00780172
1.00011 -0.0195408 0.00784339
1.0101 -0.0195408 0.00784401
1.0201 -0.0195408 0.00784323
1.03011 -0.0195408 0.00784281
1.04011 -0.0195408 0.00784297
1.05011 -0.0195408 0.00784339
1.0601 -0.0195408 0.00782656
1.0701 -0.0195408 0.00784339
1.08011 -0.0195408 0.0078424
1.09011 -0.0195408 0.00784307
1.10015 -0.0195408 0.00784104
1.11011 -0.0195408 0.00785026
1.1201 -0.0195408 0.00784833
1.1301 -0.0195408 0.00784281
1.14011 -0.0195408 0.00784224
1.1501 -0.0195408 0.00784203
1.16011 -0.0195408 0.0078426
1.1701 -0.0195408 0.00784359
1.1801 -0.0195408 0.00784208
1.19011 -0.0195408 0.00784344
1.2001 -0.0195408 0.0078024
1.2101 -0.0195408 0.00784297
1.2201 -0.0195408 0.00784281
1.2301 -0.0195408 0.00784365
1.2401 -0.0195408 0.00784255
1.25011 -0.0195408 0.00784297
1.26011 -0.0195408 0.00784886
1.2701 -0.0195408 0.00784172
1.28011 -0.0195408 0.00784224
1.29011 -0.0195408 0.00784214
1.3001 -0.0195408 0.00780161
1.31011 -0.0195408 0.00784167
1.32011 -0.0195408 0.00784823
1.33011 -0.0195408 0.00784167
1.34011 -0.0195408 0.00784281
1.3501 -0.0195408 0.00784167
1.3601 -0.0195408 0.00784302
1.3701 -0.0195408 0.00784943
1.3801 -0.0195408 0.00784167
1.3901 -0.0195408 0.00784172
1.4001 -0.0195408 0.00780276
1.41011 -0.0195408 0.00784198
1.42011 -0.0195408 0.00784182
1.4301 -0.0195408 0.00784302
1.44011 -0.0195408 0.00784172
1.45011 -0.0195408 0.00784198
1.4601 -0.0195408 0.00784172
1.47011 -0.0195408 0.00784297
1.4801 -0.0195408 0.00784224
1.49011 -0.0195408 0.00784089
1.50011 -0.0195408 0.00780089
1.51011 -0.0195408 0.00784167
1.52011 -0.0195408 0.00784354
1.53011 -0.0195408 0.00784969
1.5401 -0.0195408 0.00784286
1.55011 -0.0195408 0.00784406
1.5601 -0.0195408 0.00784365
1.5701 -0.0195408 0.0078263
1.58011 -0.0195408 0.00784104
1.59011 -0.0195408 0.00784344
1.6001 -0.0195408 0.00784386
1.61015 -0.0195408 0.00784167
1.62011 -0.0195408 0.00784917
1.6301 -0.0195408 0.00784307
1.64011 -0.0195408 0.00784198
1.65011 -0.0195408 0.0078425
1.6601 -0.0195408 0.00784167
1.67011 -0.0195408 0.00784344
1.6801 -0.0195408 0.00784375
1.6901 -0.0195408 0.00784245
1.70011 -0.0195408 0.00784141
1.71011 -0.0195408 0.00780182
1.72011 -0.0195408 0.0078412
1.73011 -0.0195408 0.0078425
1.74011 -0.0195408 0.00784083
1.75011 -0.0195408 0.00784193
1.7601 -0.0195408 0.00784281
1.77011 -0.0195408 0.00784234
1.78011 -0.0195408 0.00784156
1.79011 -0.0195408 0.00784214
1.8001 -0.0195408 0.00784281
1.81011 -0.0195408 0.00780016
1.82011 -0.0195408 0.00784943
1.83011 -0.0195408 0.00784172
1.8401 -0.0195408 0.00784255
1.85011 -0.0195408 0.0078412
1.86011 -0.0195408 0.00784094
1.8701 -0.0195408 0.00784979
1.88011 -0.0195408 0.00784198
1.89011 -0.0195408 0.00784365
1.90011 -0.0195408 0.00784167
1.9101 -0.0195408 0.0078001
1.92011 -0.0195408 0.00784276
1.9301 -0.0195408 0.00784245
1.9401 -0.0195408 0.00784255
1.9501 -0.0195408 0.00784849
1.9601 -0.0195408 0.00784286
1.97011 -0.0195408 0.00784266
1.9801 -0.0195408 0.0078413
1.99011 -0.0195408 0.00784182
2.00011 -0.0195408 0.00784297
2.01011 -0.0195408 0.0078438
2.02015 -0.0195408 0.00784078
2.03011 -0.0195408 0.00784276
2.04011 -0.0195408 0.00784365
2.0501 -0.0195408 0.00784333
2.0601 -0.0195408 0.00783583
2.07011 -0.0195408 0.00784292
2.0801 -0.0195408 0.00784391
2.0901 -0.0195408 0.00784386
2.1001 -0.0195408 0.00784396
2.11011 -0.0195408 0.00784313
2.12015 -0.0195408 0.00784891
2.13011 -0.0195408 0.00784177
2.14011 -0.0195408 0.00784281
2.1501 -0.0195408 0.00784188
2.1601 -0.0195408 0.00785021
2.1701 -0.0195408 0.00784271
2.18011 -0.0195408 0.00784229
2.1901 -0.0195408 0.0078438
2.2001 -0.0195408 0.00784375
2.2101 -0.0195408 0.00784427
2.22015 -0.0195408 0.00784161
2.2301 -0.0195408 0.00783297
2.24011 -0.0195408 0.00784161
2.25011 -0.0195408 0.00784188
2.2601 -0.0195408 0.00784167
2.2701 -0.0195408 0.00784281
2.28011 -0.0195408 0.00784359
2.29011 -0.0195408 0.00784261
2.30011 -0.0195408 0.0078488
2.31011 -0.0195408 0.00784146
2.3201 -0.0195408 0.00780057
2.33011 -0.0195408 0.00784161
2.3401 -0.0195408 0.00784307
2.35011 -0.0195408 0.00784281
2.3601 -0.0195408 0.00784323
2.37011 -0.0195408 0.00784906
2.3801 -0.0195408 0.00784286
2.39011 -0.0195408 0.00784245
2.40011 -0.0195408 0.00784
2.41011 -0.0195408 0.00784161
2.42011 -0.0195408 0.00784412
2.43015 -0.0195408 0.00784198
2.4401 -0.0195408 0.00784229
2.4501 -0.0195408 0.00784161
2.46011 -0.0195408 0.00784323
2.4701 -0.0195408 0.00784172
2.48011 -0.0195408 0.0078424
2.4901 -0.0195408 0.00784235
2.50011 -0.0195408 0.00784292
2.5101 -0.0195408 0.00784235
2.52011 -0.0195408 0.00784229
2.53015 -0.0195408 0.00784161
2.5401 -0.0195408 0.00784011
2.55011 -0.0195408 0.00784307
2.56011 -0.0195408 0.00784302
2.57011 -0.0195408 0.00784047
2.58011 -0.0195408 0.00784917
2.59011 -0.0195408 0.00784167
2.6001 -0.0195408 0.00784266
2.6101 -0.0195408 0.00784354
2.62011 -0.0195408 0.00784807
2.63011 -0.0195408 0.00784141
2.6401 -0.0195408 0.00784135
2.65011 -0.0195408 0.00784172
2.66011 -0.0195408 0.00784167
2.6701 -0.0195408 0.00784177
2.6801 -0.0195408 0.00784177
2.6901 -0.0195408 0.00784224
2.70011 -0.0195408 0.00784286
2.7101 -0.0195408 0.00784203
2.7201 -0.0195408 0.00784224
2.73011 -0.0195408 0.0078026
2.74011 -0.0195408 0.00784005
2.75011 -0.0195408 0.00784162
2.76011 -0.0195408 0.00784177
2.77011 -0.0195408 0.00784339
2.78011 -0.0195408 0.00784281
2.79011 -0.0195408 0.00784958
2.8001 -0.0195408 0.00784141
2.81011 -0.0195408 0.00784266
2.82011 -0.0195408 0.00783615
2.83011 -0.0195408 0.00780156
2.84011 -0.0195408 0.00784172
2.85011 -0.0195408 0.00784193
2.86011 -0.0195408 0.00784344
2.87011 -0.0195408 0.00784958
2.88011 -0.0195408 0.00784235
2.89011 -0.0195408 0.00784208
2.90011 -0.0195408 0.00784292
2.9101 -0.0195408 0.00784156
2.9201 -0.0195408 0.00784162
2.9301 -0.0195408 0.00784292
2.94015 -0.0195408 0.00784281
2.95011 -0.0195408 0.00783964
2.96011 -0.0195408 0.00784115
2.9701 -0.0195408 0.00784281
2.98011 -0.0195408 0.00784255
2.9901 -0.0195408 0.00783599
3.00011 -0.0195408 0.00784865
3.0101 -0.0195408 0.00784146
3.0201 -0.0195408 0.00784
3.03011 -0.0195408 0.00784365
3.0401 -0.0195408 0.00783979
3.05011 -0.0195408 0.00784208
3.0601 -0.0195408 0.00784167
3.07011 -0.0195408 0.00784396
3.08011 -0.0195408 0.00784172
3.09011 -0.0195408 0.00784297
3.10011 -0.0195408 0.00784255
3.11011 -0.0195408 0.0078438
3.12011 -0.0195408 0.00784833
3.13011 -0.0195408 0.00784208
3.14011 -0.0195408 0.00779995
3.15011 -0.0195408 0.00784167
3.16011 -0.0195408 0.00784052
3.1701 -0.0195408 0.00784198
3.1801 -0.0195408 0.00784292
3.19011 -0.0195408 0.00784198
3.2001 -0.0195408 0.00784235
3.21011 -0.0195408 0.00784958
3.22011 -0.0195408 0.00784151
3.23011 -0.0195408 0.0078437
3.2401 -0.0195408 0.00784375
3.25011 -0.0195408 0.00784151
3.26011 -0.0195408 0.00784224
3.2701 -0.0195408 0.00784313
3.28011 -0.0195408 0.0078436
3.29011 -0.0195408 0.00784214
3.30011 -0.0195408 0.00784349
3.31011 -0.0195408 0.00784182
3.3201 -0.0195408 0.00784297
3.33011 -0.0195408 0.00784271
3.34011 -0.0195408 0.00784922
3.35015 -0.0195408 0.00784193
3.36011 -0.0195408 0.00784271
3.37011 -0.0195408 0.00784891
3.3801 -0.0195408 0.00784162
3.39011 -0.0195408 0.00784208
3.4001 -0.0195408 0.00784276
3.4101 -0.0195408 0.0078424
3.42011 -0.0195408 0.00784901
3.43011 -0.0195408 0.00784151
3.4401 -0.0195408 0.00784172
3.45011 -0.0195408 0.00784141
3.46011 -0.0195408 0.00784235
3.4701 -0.0195408 0.00784188
3.48011 -0.0195408 0.00784209
3.4901 -0.0195408 0.00784172
3.5001 -0.0195408 0.00784109
3.5101 -0.0195408 0.00784198
3.52011 -0.0195408 0.00784177
3.53011 -0.0195408 0.00784276
3.5401 -0.0195408 0.00784203
3.5501 -0.0195408 0.00780182
3.56011 -0.0195408 0.00784235
3.57011 -0.0195408 0.00784292
3.5801 -0.0195408 0.00783813
3.59011 -0.0195408 0.00784156
3.60011 -0.0195408 0.00784365
3.61011 -0.0195408 0.00784266
3.62011 -0.0195408 0.00784901
3.6301 -0.0195408 0.00784891
3.6401 -0.0195408 0.0078438
3.65011 -0.0195408 0.00784344
3.66015 -0.0195408 0.00784182
3.6701 -0.0195408 0.00784146
3.6801 -0.0195408 0.00784318
3.6901 -0.0195408 0.00784188
3.70011 -0.0195408 0.00784162
3.7101 -0.0195408 0.00784266
3.7201 -0.0195408 0.00784313
3.7301 -0.0195408 0.00784313
3.74011 -0.0195408 0.00784302
3.75011 -0.0195408 0.00783667
3.76015 -0.0195408 0.00784229
3.77011 -0.0195408 0.0078424
3.78011 -0.0195408 0.00784339
3.79011 -0.0195408 0.00784307
3.80011 -0.0195408 0.00784245
3.81011 -0.0195408 0.0078425
3.82011 -0.0195408 0.00784141
3.83011 -0.0195408 0.00784354
3.84011 -0.0195408 0.00784787
3.85011 -0.0195408 0.00784167
3.86011 -0.0195408 0.00784037
3.87011 -0.0195408 0.00784958
3.8801 -0.0195408 0.00784167
3.8901 -0.0195408 0.00784167
3.90011 -0.0195408 0.00784896
3.91011 -0.0195408 0.00784141
3.92011 -0.0195408 0.00784235
3.93011 -0.0195408 0.0078412
3.94011 -0.0195408 0.00784307
3.95011 -0.0195408 0.00784167
3.96011 -0.0195408 0.0078
3.97011 -0.0195408 0.00784255
3.98011 -0.0195408 0.00784177
3.99011 -0.0195408 0.00784099
4.00011 -0.0195408 0.00784344
4.0101 -0.0195408 0.00784302
4.02011 -0.0195408 0.0078424
4.0301 -0.0195408 0.00784307
4.0401 -0.0195408 0.0078436
4.0501 -0.0195408 0.00784886
4.0601 -0.0195408 0.00780057
4.07011 -0.0195408 0.00784193
4.08011 -0.0195408 0.00784193
4.09011 -0.0195408 0.00784297
4.10011 -0.0195408 0.00784349
4.1101 -0.0195408 0.0078424
4.1201 -0.0195408 0.00785047
4.13011 -0.0195408 0.00784167
4.1401 -0.0195408 0.00784349
4.15011 -0.0195408 0.00784292
4.16011 -0.0195408 0.00784261
4.17015 -0.0195408 0.00784214
4.18011 -0.0195408 0.00784302
4.19011 -0.0195408 0.00784344
4.20011 -0.0195408 0.00784375
4.2101 -0.0195408 0.00784297
4.22011 -0.0195408 0.00784255
4.23011 -0.0195408 0.00784292
4.24011 -0.0195408 0.00784281
4.25011 -0.0195408 0.00784297
4.2601 -0.0195408 0.00784953
4.2701 -0.0195408 0.00784063
4.28011 -0.0195408 0.00784109
4.29011 -0.0195408 0.00784292
4.3001 -0.0195408 0.00784224
4.31011 -0.0195408 0.00784125
4.32011 -0.0195408 0.00784271
4.3301 -0.0195408 0.00784089
4.34011 -0.0195408 0.00784224
4.35011 -0.0195408 0.0078412
4.3601 -0.0195408 0.00784349
4.37011 -0.0195408 0.00780886
4.3801 -0.0195408 0.00784854
4.39011 -0.0195408 0.00784172
4.40011 -0.0195408 0.00784209
4.41011 -0.0195408 0.00783401
4.4201 -0.0195408 0.00784266
4.43011 -0.0195408 0.0078425
4.4401 -0.0195408 0.00784167
4.45011 -0.0195408 0.00784412
4.46011 -0.0195408 0.00784188
4.47011 -0.0195408 0.00780906
4.4801 -0.0195408 0.00784229
4.4901 -0.0195408 0.00784261
4.50011 -0.0195408 0.00784302
4.5101 -0.0195408 0.00784214
4.5201 -0.0195408 0.00784255
4.53011 -0.0195408 0.00784401
4.5401 -0.0195408 0.00784266
4.55011 -0.0195408 0.00784167
4.56011 -0.0195408 0.0078425
4.5701 -0.0195408 0.00784224
4.58015 -0.0195408 0.00783755
4.59011 -0.0195408 0.00784235
4.60011 -0.0195408 0.00784229
4.61011 -0.0195408 0.00784391
4.62011 -0.0195408 0.00784865
4.6301 -0.0195408 0.00784214
4.64011 -0.0195408 0.00784235
4.6501 -0.0195408 0.00784401
4.66011 -0.0195408 0.00782552
4.6701 -0.0195408 0.00784245
4.68015 -0.0195408 0.00784854
4.69011 -0.0195408 0.00784333
4.70011 -0.0195408 0.00784172
4.71011 -0.0195408 0.00784235
4.7201 -0.0195408 0.00784292
4.7301 -0.0195408 0.00784386
4.7401 -0.0195408 0.0078425
4.75011 -0.0195408 0.00784198
4.76011 -0.0195408 0.00784281
4.7701 -0.0195408 0.00784261
4.7801 -0.0195408 0.00780167
4.79011 -0.0195408 0.00784255
4.80011 -0.0195408 0.00784318
4.8101 -0.0195408 0.00784281
4.8201 -0.0195408 0.0078424
4.83011 -0.0195408 0.00784224
4.84011 -0.0195408 0.00784235
4.85011 -0.0195408 0.00784287
4.86011 -0.0195408 0.00784261
4.87011 -0.0195408 0.00784958
4.8801 -0.0195408 0.00784172
4.89015 -0.0195408 0.00784818
4.90011 -0.0195408 0.00784505
4.9101 -0.0195408 0.00784245
4.92011 -0.0195408 0.00784209
4.9301 -0.0195408 0.00784219
4.94011 -0.0195408 0.00784287
4.95011 -0.0195408 0.00784271
4.9601 -0.0195408 0.00784307
4.9701 -0.0195408 0.00784255
4.98011 -0.0195408 0.00784339
4.99011 -0.0195408 0.00780375
5.00011 -0.0195408 0.00782604
5.0101 -0.0195408 0.00784354
5.0201 -0.0195408 0.00784365
5.0301 -0.0195408 0.00784292
5.0401 -0.0195408 0.00784203
5.05011 -0.0195408 0.00784266
5.06011 -0.0195408 0.00784333
5.07011 -0.0195408 0.00784375
5.08011 -0.0195408 0.0078425
5.09011 -0.0195408 0.00780162
5.10011 -0.0195408 0.00784813
5.11011 -0.0195408 0.00784307
5.12011 -0.0195408 0.00784891
5.1301 -0.0195408 0.00784313
5.1401 -0.0195408 0.00784417
5.1501 -0.0195408 0.00784365
5.16011 -0.0195408 0.00784281
5.1701 -0.0195408 0.0078263
5.1801 -0.0195408 0.00784323
5.19011 -0.0195408 0.00784391
5.20015 -0.0195408 0.00784261
5.21011 -0.0195408 0.00784167
5.2201 -0.0195408 0.00784245
5.23011 -0.0195408 0.00784245
5.24011 -0.0195408 0.00784297
5.2501 -0.0195408 0.0078425
5.26011 -0.0195408 0.00784255
5.27011 -0.0195408 0.0078438
5.28011 -0.0195408 0.00784281
5.2901 -0.0195408 0.00784354
5.30015 -0.0195408 0.0078438
5.3101 -0.0195408 0.00784969
5.3201 -0.0195408 0.0078424
5.33011 -0.0195408 0.00784229
5.34011 -0.0195408 0.00783558
5.35011 -0.0195408 0.00784386
5.36011 -0.0195408 0.0078436
5.37011 -0.0195408 0.00784943
5.3801 -0.0195408 0.00784167
5.39011 -0.0195408 0.00784255
5.4001 -0.0195408 0.00784167
5.4101 -0.0195408 0.00784146
5.42011 -0.0195408 0.00784938
5.43011 -0.0195408 0.00784146
5.44011 -0.0195408 0.00784245
5.45011 -0.0195408 0.00784224
5.46011 -0.0195408 0.00784302
5.47011 -0.0195408 0.00784292
5.48011 -0.0195408 0.00784266
5.4901 -0.0195408 0.00784261
5.50011 -0.0195408 0.00780219
5.51011 -0.0195408 0.00783849
5.52011 -0.0195408 0.00784828
5.5301 -0.0195408 0.00784188
5.54011 -0.0195408 0.00784209
5.55011 -0.0195408 0.00784271
5.56011 -0.0195408 0.00784235
5.57011 -0.0195408 0.00784172
5.58011 -0.0195408 0.00784339
5.59011 -0.0195408 0.00784177
5.60011 -0.0195408 0.00780156
5.61011 -0.0195408 0.00784188
5.6201 -0.0195408 0.00784844
5.63011 -0.0195408 0.00784167
5.64011 -0.0195408 0.0078425
5.65011 -0.0195408 0.0078412
5.66011 -0.0195408 0.00784214
5.67011 -0.0195408 0.00784307
5.68011 -0.0195408 0.00784318
5.69011 -0.0195408 0.00784188
5.70011 -0.0195408 0.00784255
5.71015 -0.0195408 0.00784281
5.7201 -0.0195408 0.0078425
5.7301 -0.0195408 0.00784964
5.7401 -0.0195408 0.00784084
5.75011 -0.0195408 0.00784302
5.76011 -0.0195408 0.00784203
5.77011 -0.0195408 0.00784318
5.78011 -0.0195408 0.00784188
5.79011 -0.0195408 0.00784302
5.80011 -0.0195408 0.00784282
5.81011 -0.0195408 0.00784365
5.82011 -0.0195408 0.00784229
5.8301 -0.0195408 0.00784281
5.8401 -0.0195408 0.00784297
5.85011 -0.0195408 0.00783938
5.8601 -0.0195408 0.00784276
5.87011 -0.0195408 0.00784865
5.88011 -0.0195408 0.00784177
5.8901 -0.0195408 0.00784287
5.90011 -0.0195408 0.00784255
5.91011 -0.0195408 0.00780266
5.92011 -0.0195408 0.00784162
5.93011 -0.0195408 0.00782646
5.94011 -0.0195408 0.00784927
5.95011 -0.0195408 0.00784167
5.9601 -0.0195408 0.00784344
5.9701 -0.0195408 0.00784229
5.98011 -0.0195408 0.00785026
5.9901 -0.0195408 0.00784146
6.00011 -0.0195408 0.00783537
6.01011 -0.0195408 0.00780146
6.02011 -0.0195408 0.00784302
6.0301 -0.0195408 0.00784297
6.04011 -0.0195408 0.0078436
6.0501 -0.0195408 0.00784292
6.0601 -0.0195408 0.0078438
6.0701 -0.0195408 0.00784297
6.0801 -0.0195408 0.0078425
6.0901 -0.0195408 0.00784266
6.10011 -0.0195408 0.00784354
6.11011 -0.0195408 0.00784302
6.12015 -0.0195408 0.00784839
6.13011 -0.0195408 0.00784292
6.14011 -0.0195408 0.00784271
6.15011 -0.0195408 0.00785005
6.16011 -0.0195408 0.00784438
6.17011 -0.0195408 0.00784063
6.18011 -0.0195408 0.00783917
6.19011 -0.0195408 0.00784183
6.20011 -0.0195408 0.00784104
6.21011 -0.0195408 0.00784365
6.22015 -0.0195408 0.00784115
6.23011 -0.0195408 0.00784261
6.24011 -0.0195408 0.00784427
6.25011 -0.0195408 0.0078425
6.26011 -0.0195408 0.0078411
6.27011 -0.0195408 0.00784349
6.28011 -0.0195408 0.0078424
6.29011 -0.0195408 0.0078425
6.30011 -0.0195408 0.00784349
6.31011 -0.0195408 0.00784375
6.32015 -0.0195408 0.00784167
6.33011 -0.0195408 0.00784209
6.34011 -0.0195408 0.00784099
6.35011 -0.0195408 0.00784261
6.3601 -0.0195408 0.00784948
6.3701 -0.0195408 0.00784792
6.38011 -0.0195408 0.00784078
6.3901 -0.0195408 0.00784104
6.4001 -0.0195408 0.00784162
6.41011 -0.0195408 0.00784198
6.42011 -0.0195408 0.007835
6.43011 -0.0195408 0.00784167
6.44011 -0.0195408 0.0078424
6.45011 -0.0195408 0.00784323
6.46011 -0.0195408 0.00784891
6.47011 -0.0195408 0.00784156
6.48011 -0.0195408 0.00784183
6.49011 -0.0195408 0.00784292
6.50011 -0.0195408 0.00784313
6.51011 -0.0195408 0.00784084
6.52011 -0.0195408 0.00779896
6.53011 -0.0195408 0.00784313
6.54011 -0.0195408 0.00784287
6.5501 -0.0195408 0.00784292
6.5601 -0.0195408 0.00784318
6.57011 -0.0195408 0.0078487
6.58017 -0.0195408 0.00784177
6.59011 -0.0195408 0.00782203
6.60011 -0.0195408 0.00784183
6.61011 -0.0195408 0.00784297
6.62011 -0.0195408 0.00784828
6.63011 -0.0195408 0.0078412
6.64011 -0.0195408 0.00784203
6.65011 -0.0195408 0.00784349
6.6601 -0.0195408 0.00784224
6.6701 -0.0195408 0.00784271
6.6801 -0.0195408 0.00784245
6.69011 -0.0195408 0.00784318
6.7001 -0.0195408 0.00784261
6.7101 -0.0195408 0.00784261
6.72011 -0.0195408 0.00784276
6.73015 -0.0195408 0.00784271
6.74011 -0.0195408 0.00784172
6.75011 -0.0195408 0.00784261
6.76011 -0.0195408 0.00783547
6.77011 -0.0195408 0.00784198
6.78011 -0.0195408 0.00784781
6.79011 -0.0195408 0.00784198
6.8001 -0.0195408 0.00784292
6.81011 -0.0195408 0.00784334
6.82011 -0.0195408 0.00784209
6.8301 -0.0195408 0.00780073
6.84011 -0.0195408 0.00784292
6.85011 -0.0195408 0.00784209
6.8601 -0.0195408 0.00784229
6.8701 -0.0195408 0.00784943
6.8801 -0.0195408 0.00784287
6.89011 -0.0195408 0.00784235
6.9001 -0.0195408 0.00784146
6.91011 -0.0195408 0.00784276
6.92011 -0.0195408 0.00784334
6.93011 -0.0195408 0.00779594
6.94011 -0.0195408 0.00783719
6.95011 -0.0195408 0.00784209
6.96011 -0.0195408 0.00784162
6.97011 -0.0195408 0.00784287
6.9801 -0.0195408 0.00784281
6.9901 -0.0195408 0.0078487
7.0001 -0.0195408 0.00784162
7.01011 -0.0195408 0.00784156
7.02011 -0.0195408 0.00784078
7.03011 -0.0195408 0.00784245
7.04015 -0.0195408 0.00784172
7.0501 -0.0195408 0.00784177
7.0601 -0.0195408 0.00784203
7.0701 -0.0195408 0.00784214
7.0801 -0.0195408 0.00784407
7.0901 -0.0195408 0.00784219
7.1001 -0.0195408 0.00784089
7.11011 -0.0195408 0.00783792
7.12011 -0.0195408 0.00784938
7.13011 -0.0195408 0.00784167
7.14015 -0.0195408 0.00784167
7.15011 -0.0195408 0.00784266
7.16011 -0.0195408 0.00784235
7.17011 -0.0195408 0.00784386
7.18011 -0.0195408 0.00783417
7.19011 -0.0195408 0.00784224
7.20011 -0.0195408 0.00784964
7.21011 -0.0195408 0.00784188
7.22011 -0.0195408 0.0078412
7.23011 -0.0195408 0.00784255
7.2401 -0.0195408 0.00780203
7.25011 -0.0195408 0.00784276
7.26011 -0.0195408 0.00784276
7.27011 -0.0195408 0.00784245
7.2801 -0.0195408 0.00784177
7.29011 -0.0195408 0.00784276
7.3001 -0.0195408 0.00784214
7.31011 -0.0195408 0.00784297
7.3201 -0.0195408 0.00784308
7.33011 -0.0195408 0.0078436
7.3401 -0.0195408 0.00784256
7.35015 -0.0195408 0.00782479
7.36011 -0.0195408 0.00784255
7.37011 -0.0195408 0.00784849
7.3801 -0.0195408 0.00784177
7.3901 -0.0195408 0.00784229
7.40011 -0.0195408 0.00784255
7.41011 -0.0195408 0.00784974
7.4201 -0.0195408 0.00784229
7.43011 -0.0195408 0.00784188
7.44011 -0.0195408 0.00784104
7.4501 -0.0195408 0.00784235
7.4601 -0.0195408 0.00784261
7.4701 -0.0195408 0.0078425
7.4801 -0.0195408 0.00784255
7.49011 -0.0195408 0.00784287
7.5001 -0.0195408 0.00784969
7.51011 -0.0195408 0.0078411
7.52011 -0.0195408 0.00783589
7.53011 -0.0195408 0.00784151
7.54011 -0.0195408 0.00784344
7.55011 -0.0195408 0.00780016
7.56011 -0.0195408 0.00784162
7.57011 -0.0195408 0.00784188
7.58011 -0.0195408 0.00784276
7.59011 -0.0195408 0.00784162
7.60011 -0.0195408 0.00784167
7.61011 -0.0195408 0.00784063
7.62011 -0.0195408 0.00784964
7.63011 -0.0195408 0.00784167
7.64011 -0.0195408 0.0078425
7.65011 -0.0195408 0.00784334
7.66015 -0.0195408 0.00784021
7.67011 -0.0195408 0.00784203
7.68011 -0.0195408 0.00784214
7.69011 -0.0195408 0.00783547
7.70011 -0.0195408 0.00784245
7.71011 -0.0195408 0.00784261
7.7201 -0.0195408 0.00784203
7.7301 -0.0097704 0.00784375
7.74011 -0.0195408 0.00784339
7.7501 -0.0195408 0.00784276
7.7601 -0.0195408 0.0078025
7.77011 -0.0195408 0.00784167
7.78011 -0.0195408 0.00784203
7.79011 -0.0195408 0.00784266
7.8001 -0.0195408 0.00784245
7.81011 -0.0195408 0.00784318
7.8201 -0.0195408 0.00784386
7.83011 -0.0195408 0.00784917
7.8401 -0.0195408 0.00784313
7.85011 -0.0195408 0.00784167
7.86011 -0.0195408 0.00780058
7.87011 -0.0195408 0.00784818
7.8801 -0.0195408 0.00784297
7.89011 -0.0195408 0.00784271
7.9001 -0.0195408 0.00784323
7.91011 -0.0195408 0.00784292
7.9201 -0.0195408 0.00784313
7.9301 -0.0195408 0.00784339
7.9401 -0.0195408 0.00782589
7.95011 -0.0195408 0.00784255
7.9601 -0.0195408 0.00784287
7.97015 -0.0195408 0.00784162
7.98011 -0.0195408 0.00784209
7.99011 -0.0195408 0.0078423
8.00011 -0.0195408 0.00784177
8.01011 -0.0195408 0.00784177
8.0201 -0.0195408 0.0078424
8.0301 -0.0195408 0.00784198
8.0401 -0.0195408 0.00784823
8.0501 -0.0195408 0.00784287
8.06011 -0.0195408 0.00784901
8.0701 -0.0195408 0.00784068
8.0801 -0.0195408 0.00784198
8.09011 -0.0195408 0.00784287
8.10011 -0.0195408 0.00784136
8.11011 -0.0195408 0.00784214
8.12011 -0.0195408 0.00784849
8.13011 -0.0195408 0.00784282
8.1401 -0.0195408 0.00784349
8.15011 -0.0195408 0.00784167
8.1601 -0.0195408 0.00784281
8.17011 -0.0195408 0.0078024
8.18011 -0.0195408 0.00783901
8.19011 -0.0195408 0.00784297
8.20011 -0.0195408 0.00784219
8.21011 -0.0195408 0.00784308
8.22011 -0.0195408 0.00784344
8.23011 -0.0195408 0.00784271
8.2401 -0.0195408 0.00784287
8.25011 -0.0195408 0.0078486
8.2601 -0.0195408 0.00784167
8.27011 -0.0195408 0.00780136
8.28011 -0.0195408 0.00784235
8.29011 -0.0195408 0.00784224
8.3001 -0.0195408 0.00784401
8.3101 -0.0195408 0.00784245
8.32011 -0.0195408 0.00784193
8.33011 -0.0195408 0.00784245
8.34011 -0.0195408 0.00784386
8.3501 -0.0195408 0.00783625
8.3601 -0.0195408 0.00784318
8.3701 -0.0195408 0.00784953
8.3801 -0.0195408 0.00784162
8.39011 -0.0195408 0.0078412
8.40011 -0.0195408 0.00784292
8.41011 -0.0195408 0.00784313
8.4201 -0.0195408 0.00784282
8.4301 -0.0195408 0.00784245
8.4401 -0.0195408 0.00784203
8.45011 -0.0195408 0.00784276
8.46011 -0.0195408 0.00784901
8.47011 -0.0195408 0.00784073
8.48015 -0.0195408 0.00784032
8.49011 -0.0195408 0.00784209
8.5001 -0.0195408 0.00784308
8.5101 -0.0195408 0.00784209
8.52011 -0.0195408 0.00784115
8.53011 -0.0195408 0.00784292
8.54011 -0.0195408 0.00784828
8.55011 -0.0195408 0.00784099
8.56011 -0.0195408 0.0078424
8.5701 -0.0195408 0.00784162
8.58015 -0.0195408 0.00784188
8.59011 -0.0195408 0.00784167
8.60011 -0.0195408 0.0078423
8.61011 -0.0195408 0.00784297
8.6201 -0.0195408 0.00784808
8.63011 -0.0195408 0.00784313
8.64011 -0.0195408 0.00784261
8.6501 -0.0195408 0.00784282
8.66011 -0.0195408 0.00784167
8.6701 -0.0195408 0.0078499
8.6801 -0.0195408 0.00784313
8.69011 -0.0195408 0.00784271
8.70011 -0.0195408 0.00784224
8.71011 -0.0195408 0.00784344
8.7201 -0.0195408 0.0078425
8.7301 -0.0195408 0.00784308
8.74011 -0.0195408 0.00784162
8.75011 -0.0195408 0.00784276
8.76011 -0.0195408 0.0078425
8.77011 -0.0195408 0.00782594
8.7801 -0.0195408 0.00780219
8.79011 -0.0097704 0.00784235
8.80011 -0.0195408 0.00784214
8.81011 -0.0195408 0.0078436
8.82011 -0.0195408 0.00784328
8.83011 -0.0195408 0.00784188
8.8401 -0.0195408 0.00784276
8.8501 -0.0195408 0.00784235
8.8601 -0.0195408 0.00784141
8.8701 -0.0195408 0.00785016
8.8801 -0.0195408 0.00784865
8.89011 -0.0195408 0.00784204
8.9001 -0.0195408 0.0078425
8.91011 -0.0195408 0.0078437
8.92011 -0.0195408 0.00784198
8.93011 -0.0195408 0.00784271
8.94011 -0.0195408 0.00784464
8.95011 -0.0195408 0.0078423
8.96011 -0.0195408 0.00784172
8.97011 -0.0195408 0.00784282
8.9801 -0.0195408 0.00784219
8.99015 -0.0195408 0.00784167
9.00011 -0.0195408 0.00784297
9.01011 -0.0195408 0.00784224
9.0201 -0.0195408 0.0078423
9.0301 -0.0195408 0.00784214
9.04011 -0.0195408 0.00784313
9.0501 -0.0195408 0.00784375
9.06011 -0.0195408 0.00784334
9.0701 -0.0195408 0.00784292
9.0801 -0.0195408 0.0078423
9.0901 -0.0195408 0.0078486
9.10011 -0.0195408 0.0078424
9.1101 -0.0195408 0.00782495
9.1201 -0.0195408 0.0078487
9.13011 -0.0195408 0.00784167
9.14011 -0.0195408 0.00784193
9.15011 -0.0195408 0.00784188
9.1601 -0.0195408 0.00784261
9.17011 -0.0195408 0.00784339
9.1801 -0.0195408 0.00784177
9.19011 -0.0195408 0.0078024
9.20011 -0.0195408 0.00784297
9.21011 -0.0195408 0.00784271
9.2201 -0.0195408 0.00784381
9.23011 -0.0195408 0.00784261
9.24011 -0.0195408 0.00784334
9.2501 -0.0195408 0.00784255
9.26011 -0.0195408 0.00784214
9.27011 -0.0195408 0.00784198
9.28011 -0.0195408 0.00783631
9.2901 -0.0195408 0.00780157
9.30011 -0.0195408 0.00784891
9.31011 -0.0195408 0.00784073
9.3201 -0.0195408 0.00784177
9.33011 -0.0195408 0.00784282
9.34011 -0.0195408 0.00784302
9.35011 -0.0195408 0.0078436
9.36011 -0.0195408 0.00784276
9.37011 -0.0195408 0.00784839
9.38011 -0.0195408 0.00784245
9.39011 -0.0195408 0.00784167
9.40015 -0.0195408 0.0078424
9.4101 -0.0195408 0.00784224
9.42011 -0.0195408 0.00784188
9.43011 -0.0195408 0.00784282
9.44011 -0.0195408 0.00784209
9.45011 -0.0195408 0.00782563
9.4601 -0.0195408 0.00784188
9.47011 -0.0195408 0.00784282
9.48011 -0.0195408 0.00784162
9.49011 -0.0195408 0.00784131
9.50015 -0.0195408 0.00784094
9.51011 -0.0195408 0.00784823
9.5201 -0.0195408 0.00784157
9.53011 -0.0195408 0.00784183
9.54011 -0.0195408 0.00784073
9.55011 -0.0195408 0.00784209
9.56011 -0.0195408 0.00784256
9.57011 -0.0195408 0.00784271
9.5801 -0.0195408 0.00784901
9.59011 -0.0195408 0.00784172
9.60011 -0.0195408 0.00784084
9.61011 -0.0195408 0.00784188
9.62011 -0.0195408 0.00784704
9.63011 -0.0195408 0.0078412
9.64011 -0.0195408 0.00784245
9.65011 -0.0195408 0.00784292
9.6601 -0.0195408 0.00784256
9.6701 -0.0195408 0.00784318
9.68011 -0.0195408 0.00784339
9.69011 -0.0195408 0.00784365
9.70011 -0.0195408 0.00780162
9.71011 -0.0195408 0.00784172
9.72011 -0.0195408 0.00784828
9.73011 -0.0195408 0.0078424
9.74011 -0.0195408 0.00784157
9.75011 -0.0195408 0.00784271
9.76011 -0.0195408 0.00784266
9.77011 -0.0195408 0.0078437
9.7801 -0.0195408 0.00784349
9.79011 -0.0195408 0.00784188
9.80011 -0.0195408 0.00784261
9.81015 -0.0195408 0.00784245
9.82011 -0.0195408 0.00784282
9.83011 -0.0195408 0.00784396
9.84011 -0.0195408 0.00784308
9.8501 -0.0195408 0.00784375
9.86011 -0.0195408 0.00784172
9.8701 -0.0195408 0.00783198
9.88011 -0.0195408 0.00784209
9.8901 -0.0195408 0.00784287
9.90011 -0.0195408 0.00784292
9.91011 -0.0195408 0.00784214
9.9201 -0.0195408 0.00784276
9.9301 -0.0195408 0.00784886
9.9401 -0.0195408 0.00784167
9.95011 -0.0195408 0.00784308
9.96011 -0.0195408 0.00784136
9.97011 -0.0195408 0.00784282
9.98011 -0.0195408 0.00784422
9.99011 -0.0195408 0.00784162
10.0001 -0.0195408 0.0078423
10.0101 -0.0195408 0.00780308
10.0201 -0.0195408 0.0078437
10.0301 -0.0195408 0.00784297
10.0401 -0.0195408 0.00783558
10.0501 -0.0195408 0.00784261
10.0601 -0.0195408 0.00784287
10.0701 -0.0195408 0.00784214
10.0801 -0.0195408 0.00784183
10.0901 -0.0195408 0.00784245
10.1001 -0.0195408 0.00784375
10.1101 -0.0195408 0.00780219
10.1201 -0.0195408 0.00784974
10.1301 -0.0195408 0.00784204
10.1401 -0.0195408 0.00784849
10.1501 -0.0195408 0.00784261
10.1601 -0.0195408 0.00784204
10.1701 -0.0195408 0.00784266
10.1801 -0.0195408 0.00784407
10.1901 -0.0195408 0.00784271
10.2001 -0.0195408 0.00784224
10.2101 -0.0195408 0.00780026
10.2201 -0.0195408 0.00784162
10.2301 -0.0195408 0.00784302
