1.667e-06 2 0.35232 0.00620365
0.0102873 2 0.49902 0.00525948
0.0201157 2 0.72396 0.00727115
0.0301085 2 1.13472 0.00727083
0.0401027 2 1.56504 0.00727135
0.0501062 2 2.06382 0.00727214
0.0601027 2 2.50392 0.00727516
0.0701027 2 2.92446 0.00727078
0.0801024 2 3.21786 0.0072725
0.0901047 2 3.45258 0.00727182
0.100102 2 3.52104 0.00727667
0.110102 2 3.52104 0.00727182
0.120104 2 3.36456 0.00727042
0.130105 2 3.17874 0.00726609
0.140105 2 2.87556 0.00727068
0.150114 2 2.60172 0.00726354
0.16011 2 2.28876 0.00726792
0.170105 2 2.04426 0.00727234
0.180107 2 1.80954 0.00727469
0.190107 2 1.6824 0.00727255
0.200104 2 1.5846 0.00727229
0.210104 2 1.61394 0.00727115
0.220103 2 1.65306 0.00727516
0.230105 2 1.79976 0.00727047
0.240104 2 1.93668 0.00726875
0.250104 2 2.14206 0.00727245
0.260103 2 2.29854 0.00727531
0.270103 2 2.49414 0.00727234
0.280103 2 2.60172 0.00727224
0.290103 2 2.72886 0.00727193
0.300103 2 2.7582 0.00727224
0.310103 2 2.79732 0.00726958
0.320103 2 2.73864 0.0072712
0.330106 2 2.69952 0.00727266
0.340104 2 2.58216 0.00727401
0.350112 2 2.49414 0.00726948
0.360109 2 2.35722 0.00727125
0.370106 2 2.2692 0.00727016
0.380105 2 2.16162 0.00727187
0.390104 2 2.11272 0.00727214
0.400103 2 2.05404 0.00727156
0.410103 2 2.06382 0.00727266
0.420104 2 2.05404 0.00727057
0.430103 2 2.11272 0.00727229
0.440103 2 2.14206 0.00721896
0.450103 2 2.23986 0.00727125
0.460104 2 2.28876 0.00727641
0.470102 2 2.37678 0.00727177
0.480103 2 2.40612 0.00727042
0.490107 2 2.48436 0.00727271
0.500103 2 2.48436 0.00726896
0.510103 2 2.52348 0.00727156
0.520103 2 2.48436 0.00727271
0.530105 2 2.48436 0.0072725
0.540103 2 2.43546 0.00722641
0.550112 2 2.4159 0.00726906
0.560106 2 2.34744 0.00726042
0.570118 2 2.32788 0.00723412
0.580111 2 2.2692 0.00726719
0.590107 2 2.2692 0.00727089
0.600104 2 2.2203 0.00727208
0.610104 2 2.23986 0.00727177
0.620105 2 2.21052 0.00726839
0.630107 2 2.24964 0.00727172
0.640103 2 2.24964 0.00727208
0.650162 2 2.28876 0.00727083
0.660103 2 2.29854 0.00727708
0.670106 2 2.34744 0.00726979
0.680103 2 2.34744 0.00727182
0.690103 2 2.38656 0.00727
0.700103 2 2.37678 0.00727807
0.710105 2 2.40612 0.00727276
0.720103 2 2.38656 0.00727099
0.730102 2 2.40612 0.00727302
0.740103 2 2.367 0.00727625
0.750161 2 2.37678 0.00726781
0.760107 2 2.33766 0.00724391
0.770109 2 2.34744 0.00726875
0.780105 2 2.29854 0.00727516
0.790106 2 2.3181 0.00727219
0.800103 2 2.28876 0.00727203
0.810103 2 2.30832 0.00727182
0.820103 2 2.27898 0.00727563
0.830104 2 2.30832 0.00727187
0.840104 2 2.28876 0.00727057
0.850103 2 2.3181 0.00727172
0.860103 2 2.30832 0.00727734
0.870104 2 2.34744 0.00727313
0.880103 2 2.32788 0.00726651
0.890103 2 2.367 0.00727198
0.900103 2 2.33766 0.00727828
0.910106 2 2.367 0.00727068
0.920104 2 2.34744 0.00727187
0.930103 2 2.367 0.00727281
0.940103 2 2.34744 0.00727807
0.950109 2 2.367 0.00726464
0.960109 2 2.32788 0.00727156
0.970104 2 2.34744 0.00727136
0.980103 2 2.3181 0.00727151
0.990103 2 2.33766 0.00727302
1.0001 2 2.30832 0.00727188
1.0101 2 2.32788 0.00726901
1.02011 2 2.29854 0.00727505
1.03011 2 2.32788 0.00727182
1.0401 2 2.30832 0.00727172
1.0501 2 2.33766 0.00727229
1.06011 2 2.3181 0.00727047
1.0701 2 2.34744 0.00727136
1.0801 2 2.32788 0.00727219
1.0901 2 2.34744 0.0072725
1.1001 2 2.32788 0.00727802
1.1101 2 2.35722 0.00727224
1.1201 2 2.32788 0.00727354
1.1301 2 2.35722 0.00727255
1.1401 2 2.32788 0.00727729
1.15011 2 2.34744 0.00727036
1.16011 2 2.32788 0.00727083
1.1701 2 2.34744 0.00727208
1.1801 2 2.3181 0.00724583
1.19011 2 2.34744 0.00727104
1.2001 2 2.3181 0.00727146
1.21011 2 2.34744 0.00727214
1.2201 2 2.30832 0.00727531
1.2301 2 2.33766 0.00727229
1.2401 2 2.3181 0.0072725
1.2501 2 2.33766 0.00726828
1.2601 2 2.3181 0.00727677
1.2701 2 2.34744 0.0072726
1.2801 2 2.3181 0.00727344
1.2901 2 2.34744 0.00727234
1.3001 2 2.3181 0.00727724
1.3101 2 2.34744 0.0072724
1.32011 2 2.32788 0.00727208
1.3301 2 2.34744 0.00727224
1.3401 2 2.32788 0.00727656
1.35011 2 2.34744 0.00721891
1.36011 2 2.32788 0.00726953
1.37011 2 2.34744 0.00727208
1.3801 2 2.3181 0.00727667
1.3901 2 2.34744 0.00727276
1.4001 2 2.3181 0.00727203
1.4101 2 2.34744 0.00727323
1.4201 2 2.3181 0.00727557
1.4301 2 2.34744 0.00727266
1.44011 2 2.3181 0.00725995
1.45011 2 2.34744 0.00726797
1.46017 2 2.3181 0.00726854
1.47011 2 2.34744 0.00727042
1.48011 2 2.3181 0.00727094
1.49011 2 2.34744 0.00727063
1.5001 2 2.3181 0.00727365
1.51011 2 2.34744 0.00726714
1.52011 2 2.3181 0.00726797
1.5301 2 2.34744 0.00727297
1.54011 2 2.3181 0.00727036
1.55011 2 2.34744 0.00726443
1.56011 2 2.3181 0.00724964
1.57011 2 2.34744 0.00727193
1.58011 2 2.32788 0.0072762
1.59011 2 2.34744 0.00727021
1.6001 2 2.3181 0.00727104
1.6101 2 2.34744 0.00727234
1.6201 2 2.3181 0.00727589
1.6301 2 2.34744 0.00727146
1.6401 2 2.3181 0.00727224
1.6501 2 2.34744 0.00727146
1.6601 2 2.3181 0.00727662
1.6701 2 2.34744 0.00726974
1.6801 2 2.3181 0.00727146
1.6901 2 2.34744 0.0072712
1.7001 2 2.3181 0.00727646
1.7101 2 2.34744 0.00727151
1.7201 2 2.3181 0.00727219
1.7301 2 2.34744 0.00727313
1.7401 2 2.3181 0.00727599
1.75011 2 2.34744 0.00726604
1.76011 2 2.3181 0.00726787
1.77011 2 2.34744 0.00726865
1.78011 2 2.3181 0.00727615
1.7901 2 2.34744 0.0072713
1.8001 2 2.3181 0.00727229
1.81011 2 2.34744 0.00727172
1.8201 2 2.3181 0.00727641
1.8301 2 2.34744 0.00727063
1.8401 2 2.3181 0.00726964
1.8501 2 2.34744 0.00727214
1.8601 2 2.3181 0.00722688
1.8701 2 2.34744 0.00727109
1.8801 2 2.3181 0.00727208
1.8901 2 2.34744 0.00727198
1.9001 2 2.3181 0.00727146
1.9101 2 2.34744 0.00727188
1.9201 2 2.3181 0.00727089
1.93013 2 2.34744 0.00625578
1.94012 2 2.3181 0.00727417
1.9501 2 2.34744 0.00726724
1.96011 2 2.3181 0.00719557
1.97011 2 2.34744 0.00726797
1.98011 2 2.3181 0.00727771
1.99011 2 2.34744 0.0072686
2.00013 2 2.32788 0.0061311
2.01014 2 2.34744 0.00626339
2.02011 2 2.3181 0.00727313
2.03011 2 2.34744 0.00727109
2.0401 2 2.3181 0.00726755
2.05011 2 2.34744 0.0072674
2.06011 2 2.3181 0.00717854
2.07011 2 2.34744 0.00727208
2.0801 2 2.3181 0.00727115
2.0901 2 2.34744 0.00727287
2.1001 2 2.3181 0.00727057
2.1101 2 2.34744 0.0072725
2.1201 2 2.3181 0.00727245
2.1301 2 2.34744 0.00727281
2.1401 2 2.3181 0.00727563
2.1501 2 2.34744 0.00726125
2.16011 2 2.3181 0.00726938
2.17016 2 2.34744 0.0072686
2.18011 2 2.3181 0.00727839
2.19011 2 2.34744 0.00726818
2.2001 2 2.3181 0.00727016
2.2101 2 2.34744 0.00727255
2.2201 2 2.3181 0.00727583
2.23011 2 2.34744 0.00727162
2.2401 2 2.3181 0.00727219
2.2501 2 2.34744 0.00727016
2.26011 2 2.3181 0.00727677
2.2701 2 2.34744 0.00727167
2.2801 2 2.3181 0.0072724
2.2901 2 2.34744 0.00727208
2.3001 2 2.3181 0.0072763
2.3101 2 2.34744 0.00727292
2.3201 2 2.3181 0.00727156
2.3301 2 2.34744 0.00727224
2.3401 2 2.3181 0.00727641
2.3501 2 2.34744 0.00724573
2.36011 2 2.3181 0.00727
2.37011 2 2.35722 0.00726849
2.38011 2 2.3181 0.00727662
2.3901 2 2.34744 0.00727198
2.4001 2 2.3181 0.00727052
2.41011 2 2.34744 0.00727229
2.4201 2 2.3181 0.00727578
2.4301 2 2.34744 0.0072724
2.4401 2 2.3181 0.00726344
2.4501 2 2.34744 0.00727151
2.4601 2 2.3181 0.00727761
2.4701 2 2.34744 0.00722849
2.48012 2 2.3181 0.0061801
2.49024 2 2.34744 0.00611734
2.50025 2 2.3181 0.00615927
2.51034 2 2.34744 0.00594406
2.52047 2 2.3181 0.00613229
2.53029 2 2.34744 0.00612896
2.54033 2 2.3181 0.00623636
2.55013 2 2.34744 0.00617573
2.56032 2 2.3181 0.00617135
2.57014 2 2.34744 0.00618276
2.58012 2 2.3181 0.00727141
2.59012 2 2.34744 0.00623552
2.60011 2 2.3181 0.00622813
2.61012 2 2.34744 0.00725714
2.62012 2 2.3181 0.00725901
2.63011 2 2.34744 0.0072488
2.64012 2 2.3181 0.00725318
2.65011 2 2.34744 0.0072624
2.66012 2 2.3181 0.00726823
2.67011 2 2.34744 0.00730573
2.68009 2 2.3181 0.00730906
2.69009 2 2.34744 0.00731297
2.70008 2 2.3181 0.00731146
2.71009 2 2.34744 0.00730948
2.72009 2 2.3181 0.00731177
2.73009 2 2.34744 0.00731156
2.74009 2 2.3181 0.00731021
2.75009 2 2.34744 0.00727531
2.76009 2 2.3181 0.00731068
2.77009 2 2.34744 0.00731162
2.78009 2 2.3181 0.00731573
2.79008 2 2.34744 0.00731235
2.80008 2 2.3181 0.0073075
2.81009 2 2.34744 0.00731396
2.82008 2 2.3181 0.00730651
2.83009 2 2.34744 0.00731214
2.84009 2 2.3181 0.00731042
2.85009 2 2.34744 0.0073126
2.86009 2 2.3181 0.0073101
2.87009 2 2.34744 0.00731214
2.88008 2 2.3181 0.00731115
2.89009 2 2.34744 0.00731245
2.90009 2 2.3181 0.00731078
2.91009 2 2.34744 0.00731198
2.92009 2 2.3181 0.00731193
2.93009 2 2.34744 0.00731245
2.94009 2 2.3181 0.00730385
2.95009 2 2.34744 0.00728771
2.96009 2 2.3181 0.00731287
2.97009 2 2.34744 0.00731386
2.98008 2 2.3181 0.00731479
2.99008 2 2.34744 0.00731448
3.00008 2 2.3181 0.00731505
3.01008 2 2.34744 0.00731516
3.02008 2 2.3181 0.00730974
3.03009 2 2.34744 0.00731521
3.04008 2 2.3181 0.00731188
3.05009 2 2.34744 0.00731073
3.06009 2 2.3181 0.00731287
3.07009 2 2.34744 0.00731073
3.08009 2 2.3181 0.00731188
3.09009 2 2.34744 0.00731115
3.10009 2 2.3181 0.00730891
3.11009 2 2.34744 0.00731146
3.12009 2 2.3181 0.00730932
3.13009 2 2.34744 0.00731162
3.14009 2 2.30832 0.00731156
3.15009 2 2.34744 0.00729203
3.16009 2 2.30832 0.00731318
3.17008 2 2.34744 0.00731537
3.18008 2 2.3181 0.00731333
3.19009 2 2.34744 0.00731333
3.20008 2 2.3181 0.00731552
3.21008 2 2.34744 0.00731505
3.22008 2 2.3181 0.00730839
3.23009 2 2.34744 0.00731531
3.24008 2 2.3181 0.0073125
3.25009 2 2.34744 0.0073125
3.26009 2 2.3181 0.00731089
3.27009 2 2.34744 0.00731177
3.28029 2 2.3181 0.00626094
3.29011 2 2.34744 0.0072711
3.30011 2 2.3181 0.00727422
3.3101 2 2.34744 0.00727167
3.3201 2 2.3181 0.00727229
3.33011 2 2.34744 0.0072725
3.3401 2 2.3181 0.0072712
3.3501 2 2.34744 0.00686625
3.36011 2 2.3181 0.00724198
3.3701 2 2.34744 0.00727839
3.38015 2 2.3181 0.00627823
3.3901 2 2.34744 0.00727662
3.4001 2 2.3181 0.00727
3.41011 2 2.35722 0.0072713
3.4201 2 2.3181 0.00727167
3.4301 2 2.34744 0.00727151
3.4401 2 2.3181 0.00727073
3.4501 2 2.34744 0.0072725
3.4601 2 2.3181 0.00727641
3.4701 2 2.34744 0.00727068
3.4801 2 2.3181 0.00727203
3.4901 2 2.34744 0.00727219
3.5001 2 2.3181 0.00727641
3.5101 2 2.34744 0.00727245
3.5201 2 2.3181 0.00727313
3.5301 2 2.34744 0.00727235
3.5401 2 2.3181 0.00727516
3.5501 2 2.34744 0.00727412
3.56011 2 2.3181 0.00727386
3.57011 2 2.34744 0.00727813
3.5801 2 2.3181 0.00728224
3.5901 2 2.34744 0.00727797
3.6001 2 2.3181 0.00726906
3.61011 2 2.34744 0.00727781
3.6201 2 2.3181 0.00727531
3.63011 2 2.34744 0.00727203
3.6401 2 2.3181 0.00727266
3.6501 2 2.34744 0.00727255
3.66011 2 2.3181 0.00727682
3.6701 2 2.34744 0.00727235
3.6801 2 2.3181 0.00727052
3.6901 2 2.34744 0.00727177
3.7001 2 2.3181 0.00727156
3.7101 2 2.35722 0.00727229
3.7201 2 2.3181 0.00727141
3.73011 2 2.34744 0.0072724
3.74011 2 2.3181 0.00727438
3.7501 2 2.34744 0.00727375
3.76011 2 2.3181 0.00727359
3.77011 2 2.34744 0.00727271
3.7801 2 2.3181 0.00722719
3.7901 2 2.34744 0.00727735
3.8001 2 2.3181 0.00727615
3.8101 2 2.34744 0.0072762
3.8201 2 2.3181 0.00727417
3.8301 2 2.34744 0.00727792
3.8401 2 2.3181 0.00727198
3.8501 2 2.34744 0.00727073
3.8601 2 2.3181 0.00727719
3.8701 2 2.34744 0.00727287
3.8801 2 2.3181 0.00727235
3.89015 2 2.34744 0.00727328
3.9001 2 2.3181 0.00727818
3.91012 2 2.34744 0.00726828
3.92011 2 2.3181 0.00727229
3.93011 2 2.34744 0.00727177
3.94013 2 2.3181 0.00624089
3.95012 2 2.34744 0.00727052
3.96012 2 2.3181 0.00626922
3.9701 2 2.34744 0.00727406
3.9801 2 2.3181 0.00727781
3.99022 2 2.34744 0.00723302
4.0001 2 2.3181 0.0072737
4.01011 2 2.34744 0.00727203
4.0201 2 2.3181 0.0072737
4.03013 2 2.35722 0.00625828
4.04012 2 2.3181 0.00727109
4.0501 2 2.34744 0.00727219
4.06011 2 2.3181 0.00727433
4.07011 2 2.34744 0.00726807
4.08011 2 2.3181 0.0072713
4.0901 2 2.34744 0.00727146
4.10011 2 2.3181 0.00727505
4.1101 2 2.34744 0.00727245
4.1201 2 2.3181 0.0072724
4.1301 2 2.34744 0.00727281
4.14011 2 2.3181 0.00727651
4.1501 2 2.34744 0.00727427
4.16012 2 2.3181 0.00626776
4.17011 2 2.34744 0.00727672
4.1801 2 2.3181 0.00725271
4.1901 2 2.34744 0.00727641
4.2001 2 2.3181 0.00727719
4.2101 2 2.34744 0.00727745
4.2201 2 2.3181 0.00727485
4.2301 2 2.34744 0.00727776
4.2401 2 2.3181 0.00727042
4.2501 2 2.34744 0.00727115
4.26011 2 2.3181 0.00727568
4.2701 2 2.35722 0.00727255
4.2801 2 2.3181 0.00727271
4.2901 2 2.34744 0.00527615
4.3001 2 2.3181 0.00727521
4.3101 2 2.34744 0.0072713
4.3201 2 2.3181 0.00727136
4.3301 2 2.35722 0.00727287
4.3401 2 2.3181 0.00727709
4.3501 2 2.34744 0.00727209
4.36011 2 2.3181 0.0072738
4.3701 2 2.34744 0.00727323
4.3801 2 2.3181 0.00727469
4.3901 2 2.34744 0.00727464
4.4001 2 2.3181 0.0072675
4.41011 2 2.34744 0.00727583
4.4201 2 2.3181 0.00727057
4.4301 2 2.34744 0.00727193
4.4401 2 2.3181 0.00727005
4.4501 2 2.34744 0.00727063
4.46011 2 2.3181 0.00726974
4.4701 2 2.34744 0.00727115
4.4801 2 2.3181 0.00725969
4.49011 2 2.34744 0.00721708
4.50011 2 2.3181 0.0072736
4.5101 2 2.34744 0.00726875
4.52011 2 2.3181 0.00727104
4.53011 2 2.34744 0.00727094
4.5401 2 2.3181 0.00727589
4.5501 2 2.34744 0.00727297
4.56011 2 2.3181 0.00727255
4.57011 2 2.34744 0.00727313
4.5801 2 2.3181 0.00728125
4.5901 2 2.34744 0.00727584
4.60015 2 2.3181 0.00727151
4.61011 2 2.34744 0.00727136
4.62011 2 2.3181 0.00725839
4.6301 2 2.34744 0.00727209
4.6401 2 2.3181 0.00727104
4.6501 2 2.34744 0.00726948
4.66011 2 2.3181 0.00726964
4.67011 2 2.34744 0.00726891
4.68011 2 2.3181 0.00727167
4.69011 2 2.35722 0.00727151
4.7001 2 2.3181 0.00727308
4.71011 2 2.34744 0.00726979
4.72011 2 2.3181 0.00726917
4.7301 2 2.34744 0.00727099
4.7401 2 2.3181 0.00726995
4.7501 2 2.34744 0.00527266
4.76011 2 2.3181 0.00726964
4.77011 2 2.34744 0.00727219
4.7801 2 2.3181 0.00727511
4.7901 2 2.34744 0.00727677
4.8001 2 2.3181 0.00727656
4.8101 2 2.34744 0.00727432
4.8201 2 2.3181 0.00727677
4.8301 2 2.34744 0.00727125
4.8401 2 2.3181 0.00727125
4.8501 2 2.34744 0.00727125
4.8601 2 2.3181 0.00727427
4.87011 2 2.34744 0.00727193
4.8801 2 2.3181 0.00725594
4.89011 2 2.34744 0.00726974
4.9001 2 2.3181 0.00727401
4.91011 2 2.34744 0.00727203
4.92011 2 2.3181 0.00727136
4.9301 2 2.34744 0.00724365
4.9401 2 2.3181 0.00727443
4.9501 2 2.35722 0.00727276
4.96012 2 2.3181 0.00627016
4.9701 2 2.35722 0.007275
4.9801 2 2.3181 0.00728136
4.9901 2 2.34744 0.00727646
5.0001 3 2.3181 0.00727604
5.0101 3 2.40612 0.00727558
5.0201 3 2.50392 0.00727261
5.0301 3 2.73864 0.00727735
5.0401 3 2.94402 0.0072711
5.0501 3 3.21786 0.00726959
5.0601 3 3.42324 0.00727563
5.0701 3 3.66774 0.0072712
5.0801 3 3.7851 0.0072711
5.0901 3 3.9318 0.00727146
5.1001 3 3.9318 0.00726782
5.1101 3 3.94158 0.00727073
5.1201 3 3.834 0.00727282
5.1301 3 3.75576 0.00727099
5.1401 3 3.56994 0.00727537
5.1501 3 3.4428 0.00727297
5.16011 3 3.25698 0.00727589
5.1701 3 3.1494 0.00727594
5.1801 3 3.0027 0.00728172
5.1901 3 2.97336 0.00727532
5.2001 3 2.9049 0.00722912
5.2101 3 2.9538 0.0072762
5.2201 3 2.9538 0.00727386
5.23011 3 3.06138 0.00727724
5.2401 3 3.12006 0.00727308
5.2501 3 3.2472 0.00727094
5.2601 3 3.31566 0.00727568
5.2701 3 3.4428 0.00727193
5.2801 3 3.47214 0.00727162
5.2901 3 3.56016 0.00726969
5.3001 3 3.55038 0.00727594
5.31015 3 3.57972 0.00727026
5.3201 3 3.53082 0.0072711
5.33011 3 3.52104 0.00727219
5.34011 3 3.43302 0.00727573
5.3501 3 3.40368 0.00727334
5.36011 3 3.30588 0.0072736
5.3701 3 3.28632 0.00727625
5.3801 3 3.1983 0.0072825
5.3901 3 3.1983 0.00727761
5.4001 3 3.1494 0.00727667
5.4101 3 3.17874 0.00727584
5.4201 3 3.15918 0.007275
5.43011 3 3.21786 0.00725188
5.4401 3 3.21786 0.00727167
5.4501 3 3.2961 0.00727203
5.4601 3 3.2961 0.00727578
5.4701 3 3.36456 0.00727177
5.4801 3 3.36456 0.00727177
5.4901 3 3.42324 0.0072712
5.5001 3 3.3939 0.00727526
5.5101 3 3.4428 0.00726891
5.5201 3 3.3939 0.0072686
5.53011 3 3.41346 0.00727203
5.5401 3 3.36456 0.00727552
5.5501 3 3.36456 0.00727255
5.56011 3 3.30588 0.00726886
5.57011 3 3.31566 0.00727485
5.5801 3 3.26676 0.00728219
5.5901 3 3.28632 0.00727516
5.6001 3 3.23742 0.00726985
5.6101 3 3.27654 0.00722922
5.6201 3 3.23742 0.00724849
5.63011 3 3.28632 0.00727125
5.64011 3 3.26676 0.00727151
5.6501 3 3.31566 0.0072713
5.66011 3 3.2961 0.00727479
5.67011 3 3.345 0.00727162
5.68011 3 3.32544 0.0072711
5.6901 3 3.37434 0.00727219
5.7001 3 3.33522 0.00727667
5.7101 3 3.38412 0.00722761
5.7201 3 3.33522 0.0072713
5.7301 3 3.37434 0.00727282
5.7401 3 3.32544 0.00726927
5.7501 3 3.35478 0.00727042
5.76047 3 3.30588 0.0062713
5.77011 3 3.33522 0.00727406
5.7801 3 3.2961 0.0072749
5.7901 3 3.31566 0.00727662
5.8001 3 3.28632 0.00727662
5.8101 3 3.30588 0.00724557
5.8201 3 3.27654 0.00727271
5.8301 3 3.31566 0.00726985
5.8401 3 3.28632 0.0072749
5.8501 3 3.32544 0.00727115
5.8601 3 3.2961 0.00727719
5.8701 3 3.33522 0.00724474
5.8801 3 3.30588 0.00727141
5.89011 3 3.345 0.0072711
5.9001 3 3.31566 0.0072711
5.9101 3 3.35478 0.00727073
5.92015 3 3.31566 0.00727115
5.9301 3 3.345 0.00727052
5.9401 3 3.31566 0.00727089
5.9501 3 3.345 0.00727005
5.9601 3 3.30588 0.00627037
5.97011 3 3.33522 0.00727735
5.9801 3 3.2961 0.00727563
5.9901 3 3.32544 0.00727854
6.0001 3 3.2961 0.00727636
6.0101 3 3.32544 0.00727839
6.0201 3 3.2961 0.0072811
6.0301 3 3.32544 0.00727068
6.0401 3 3.2961 0.00727797
6.0501 3 3.33522 0.00727287
6.0601 3 3.2961 0.00727912
6.0701 3 3.33522 0.00727193
6.08011 3 3.30588 0.00727177
6.0901 3 3.345 0.00727308
6.1001 3 3.30588 0.00727693
6.1101 3 3.345 0.00727172
6.1201 3 3.30588 0.00727229
6.1301 3 3.345 0.00727276
6.1401 3 3.30588 0.0072775
6.1501 3 3.345 0.00727219
6.16011 3 3.30588 0.00725781
6.17011 3 3.33522 0.00727631
6.1801 3 3.30588 0.00727688
6.1901 3 3.33522 0.00727709
6.2001 3 3.2961 0.00727792
6.2101 3 3.33522 0.00727792
6.2201 3 3.2961 0.00727881
6.2301 3 3.33522 0.00727073
6.2401 3 3.2961 0.00727834
6.2501 3 3.33522 0.00727011
6.2601 3 3.30588 0.00727729
6.2701 3 3.33522 0.00727261
6.2801 3 3.30588 0.00727224
6.2901 3 3.33522 0.00727339
6.3001 3 3.30588 0.00727709
6.31011 3 3.33522 0.00727057
6.3201 3 3.30588 0.00722729
6.33011 3 3.33522 0.00727255
6.3401 3 3.30588 0.00727818
6.3501 3 3.33522 0.0072711
6.3601 3 3.30588 0.00725318
6.3701 3 3.33522 0.00727693
6.3801 3 3.30588 0.00728292
6.3901 3 3.33522 0.00727771
6.4001 3 3.30588 0.00727912
6.4101 3 3.33522 0.00727808
6.4201 3 3.2961 0.00727662
6.43015 3 3.33522 0.00727209
6.4401 3 3.2961 0.00727089
6.4501 3 3.33522 0.00727292
6.4601 3 3.30588 0.00727724
6.4701 3 3.33522 0.00727287
6.4801 3 3.30588 0.00726438
6.49011 3 3.33522 0.00727136
6.5001 3 3.30588 0.00727641
6.5101 3 3.33522 0.00727261
6.52011 3 3.30588 0.00727214
6.53015 3 3.33522 0.00727183
6.54011 3 3.30588 0.00727724
6.5501 3 3.33522 0.00727287
6.5601 3 3.30588 0.00725344
6.57011 3 3.33522 0.00727245
6.5801 3 3.30588 0.00728276
6.5901 3 3.33522 0.00727761
6.6001 3 3.30588 0.00727823
6.6101 3 3.33522 0.00727719
6.6201 3 3.30588 0.00727714
6.63015 3 3.33522 0.00727016
6.64011 3 3.30588 0.00727245
6.6501 3 3.33522 0.00727302
6.66011 3 3.30588 0.00727729
6.67011 3 3.33522 0.00727198
6.6801 3 3.30588 0.00727276
6.6901 3 3.33522 0.00727235
6.7001 3 3.30588 0.0072762
6.71011 3 3.33522 0.00727156
6.72011 3 3.30588 0.00727282
6.7301 3 3.33522 0.00727209
6.74011 3 3.30588 0.00727688
6.7501 3 3.33522 0.00727266
6.7601 3 3.30588 0.00727427
6.77011 3 3.33522 0.00627453
6.78012 3 3.30588 0.0061812
6.79035 3 3.33522 0.00621589
6.80016 3 3.30588 0.00621709
6.81029 3 3.33522 -0.000657497
6.82067 3 3.30588 -0.000889424
6.8309 3 3.33522 0.00607016
6.84031 3 3.2961 0.00606396
6.85031 3 3.33522 0.00610433
6.8603 3 3.30588 0.00616881
6.87028 3 3.33522 0.00614922
6.88026 3 3.30588 0.00598078
6.89025 3 3.33522 0.0061625
6.90025 3 3.30588 0.00611427
6.91023 3 3.33522 0.00615099
6.92024 3 3.30588 0.00601011
6.93031 3 3.33522 0.00616552
6.94015 3 3.30588 0.00618354
6.95013 3 3.33522 0.00624021
6.96012 3 3.30588 0.00725026
6.97012 3 3.33522 0.00725667
6.98012 3 3.2961 0.00726693
6.99011 3 3.33522 0.00725381
7.00011 3 3.2961 0.00727073
7.01015 3 3.33522 0.00624985
7.02011 3 3.2961 0.00730443
7.03009 3 3.33522 0.0073138
7.04008 3 3.30588 0.00730948
7.05009 3 3.33522 0.00731011
7.06009 3 3.30588 0.00730959
7.07009 3 3.33522 0.00730823
7.08009 3 3.30588 0.00731052
7.09009 3 3.33522 0.00730985
7.10009 3 3.30588 0.00731037
7.11009 3 3.33522 0.00731224
7.12009 3 3.30588 0.00731105
7.13009 3 3.33522 0.00731141
7.14009 3 3.30588 0.00731047
7.15009 3 3.33522 0.00731141
7.16009 3 3.30588 0.00731287
7.1701 3 3.33522 0.00730922
7.18009 3 3.30588 0.00731391
7.19008 3 3.33522 0.00731172
7.20008 3 3.30588 0.00730927
7.21009 3 3.33522 0.00731521
7.22008 3 3.30588 0.00731
7.23009 3 3.33522 0.00731084
7.24009 3 3.30588 0.00731214
7.25009 3 3.33522 0.00730974
7.26009 3 3.30588 0.00730875
7.27009 3 3.33522 0.0073125
7.28009 3 3.30588 0.00731125
7.29009 3 3.345 0.00730844
7.30009 3 3.30588 0.00729011
7.31009 3 3.33522 0.00731094
7.32009 3 3.30588 0.00731167
7.33009 3 3.33522 0.00731167
7.34009 3 3.30588 0.00730933
7.35009 3 3.33522 0.00731229
7.36009 3 3.30588 0.00731334
7.37009 3 3.33522 0.00731214
7.38009 3 3.30588 0.00731266
7.39008 3 3.33522 0.00731542
7.40008 3 3.30588 0.00731177
7.41009 3 3.33522 0.00731141
7.42009 3 3.30588 0.00730959
7.43009 3 3.33522 0.00731224
7.44009 3 3.30588 0.00731193
7.45009 3 3.33522 0.00731266
7.46009 3 3.30588 0.00730969
7.47009 3 3.33522 0.00731203
7.48009 3 3.30588 0.00731245
7.49009 3 3.33522 0.00731256
7.50009 3 3.30588 0.00731308
7.51009 3 3.33522 0.00731292
7.52009 3 3.30588 0.00731235
7.53009 3 3.33522 0.00731245
7.54009 3 3.30588 0.00731037
7.55009 3 3.33522 0.0073111
7.56009 3 3.30588 0.00731313
7.57009 3 3.33522 0.00731047
7.58009 3 3.30588 0.0073136
7.59008 3 3.33522 0.00731339
7.60008 3 3.30588 0.00730943
7.61009 3 3.33522 0.00731198
7.62009 3 3.30588 0.00730953
7.63009 3 3.33522 0.00731203
7.64028 3 3.30588 0.00626011
7.65011 3 3.33522 0.0072699
7.66011 3 3.30588 0.00727485
7.6701 3 3.33522 0.00727282
7.6801 3 3.30588 0.00727094
7.69011 3 3.33522 0.0072711
7.7001 3 3.30588 0.00727563
7.71011 3 3.33522 0.00727105
7.7201 3 3.30588 0.00727115
7.73011 3 3.33522 0.00727068
7.74015 3 3.30588 0.00727573
7.7501 3 3.33522 0.00727068
7.7601 3 3.30588 0.00727386
7.77011 3 3.33522 0.0072711
7.78011 3 3.2961 0.00727943
7.7901 3 3.33522 0.00727615
7.8001 3 3.30588 0.00727063
7.8101 3 3.33522 0.00726959
7.82011 3 3.30588 0.00727448
7.83011 3 3.33522 0.00727078
7.84016 3 3.30588 0.00727235
7.8501 3 3.33522 0.00727172
7.8601 3 3.30588 0.00724146
7.87011 3 3.33522 0.00727172
7.8801 3 3.30588 0.00727078
7.8901 3 3.33522 0.00727188
7.9001 3 3.30588 0.00727433
7.9101 3 3.33522 0.00727255
7.9201 3 3.30588 0.00726875
7.9301 3 3.33522 0.00727063
7.94015 3 3.30588 0.00727479
7.9501 3 3.33522 0.00727157
7.9601 3 3.30588 0.00727245
7.97012 3 3.33522 0.00727526
7.9801 3 3.30588 0.00728172
7.9901 3 3.33522 0.00727558
8.0001 3 3.30588 0.00727563
8.0101 3 3.33522 0.00727724
8.0201 3 3.30588 0.0072738
8.03011 3 3.33522 0.00727167
8.0401 3 3.30588 0.00727131
8.0501 3 3.33522 0.00724308
8.06011 3 3.30588 0.00727636
8.0701 3 3.33522 0.00727125
8.08011 3 3.30588 0.00727177
8.0901 3 3.33522 0.00727141
8.10011 3 3.30588 0.00727615
8.1101 3 3.33522 0.0072723
8.1201 3 3.30588 0.00727198
8.1301 3 3.33522 0.00727172
8.1401 3 3.30588 0.00727636
8.1501 3 3.33522 0.00727099
8.16011 3 3.30588 0.00727375
8.17011 3 3.33522 0.00727209
8.1801 3 3.30588 0.00728224
8.1901 3 3.33522 0.00727547
8.2001 3 3.30588 0.00727037
8.2101 3 3.33522 0.00727084
8.22011 3 3.30588 0.00727662
8.23011 3 3.33522 0.00727167
8.24011 3 3.30588 0.00724245
8.25011 3 3.33522 0.00727011
8.2601 3 3.30588 0.00727563
8.2701 3 3.33522 0.00727276
8.2801 3 3.30588 0.00727151
8.29011 3 3.33522 0.00727193
8.3001 3 3.30588 0.00727651
8.31011 3 3.33522 0.00727136
8.3201 3 3.30588 0.00727198
8.3301 3 3.33522 0.00727261
8.3401 3 3.30588 0.00727443
8.3501 3 3.33522 0.00727084
8.3601 3 3.30588 0.00727287
8.37011 3 3.33522 0.00727219
8.3801 3 3.30588 0.00728162
8.3901 3 3.33522 0.0072761
8.4001 3 3.30588 0.00727141
8.41011 3 3.33522 0.00727068
8.42011 3 3.30588 0.00727547
8.43011 3 3.33522 0.00724542
8.4401 3 3.30588 0.00721636
8.4501 3 3.33522 0.00727141
8.46011 3 3.30588 0.00727474
8.4701 3 3.33522 0.00727229
8.48011 3 3.30588 0.00726058
8.49011 3 3.33522 0.00727032
8.5001 3 3.30588 0.00727042
8.5101 3 3.33522 0.00727141
8.5201 3 3.30588 0.00727151
8.5301 3 3.33522 0.00727042
8.5401 3 3.30588 0.00727552
8.55015 3 3.33522 0.00727125
8.5601 3 3.30588 0.00726943
8.57011 3 3.33522 0.00727183
8.5801 3 3.30588 0.00728209
8.5901 3 3.33522 0.00727646
8.6001 3 3.30588 0.00726995
8.61011 3 3.33522 0.00726964
8.6201 3 3.30588 0.00727542
8.63011 3 3.33522 0.00727016
8.64011 3 3.30588 0.00726761
8.65015 3 3.33522 0.00726953
8.66011 3 3.30588 0.00727058
8.6701 3 3.33522 0.00727224
8.6801 3 3.30588 0.00727084
8.6901 3 3.33522 0.00727084
8.7001 3 3.30588 0.00727584
8.7101 3 3.33522 0.00727151
8.7201 3 3.30588 0.00727177
8.7301 3 3.33522 0.00727235
8.7401 3 3.30588 0.00727032
8.7501 3 3.33522 0.00727125
8.76011 3 3.30588 0.00727266
8.77011 3 3.33522 0.00727136
8.78011 3 3.30588 0.00728177
8.7901 3 3.33522 0.00727506
8.8001 3 3.30588 0.00726969
8.81011 3 3.33522 0.00724016
8.82011 3 3.30588 0.00727506
8.83011 3 3.33522 0.00727084
8.84011 3 3.30588 0.0072711
8.8501 3 3.33522 0.00726964
8.8601 3 3.30588 0.00727573
8.8701 3 3.33522 0.00727214
8.8801 3 3.30588 0.00727162
8.8901 3 3.33522 0.00727245
8.9001 3 3.30588 0.00727594
8.91011 3 3.33522 0.00727
8.9201 3 3.30588 0.00726969
8.93011 3 3.33522 0.00726834
8.94011 3 3.30588 0.00727417
8.95012 3 3.33522 0.00625625
8.96012 3 3.30588 0.00726813
8.97012 3 3.33522 0.00726849
8.98011 3 3.30588 0.00727901
8.9901 3 3.33522 0.00727318
9.0001 3 3.30588 0.00727016
9.01011 3 3.33522 0.00727016
9.02011 3 3.30588 0.00618855
9.03013 3 3.33522 0.00726198
9.04011 3 3.30588 0.00726313
9.05011 3 3.33522 0.00725552
9.06011 3 3.30588 0.00727094
9.07011 3 3.33522 0.00726547
9.08011 3 3.30588 0.00726615
9.09011 3 3.33522 0.00726589
9.10011 3 3.30588 0.0072711
9.1101 3 3.33522 0.00726766
9.12011 3 3.30588 0.00726453
9.13011 3 3.33522 0.00726641
9.14011 3 3.30588 0.00727058
9.15011 3 3.33522 0.00722167
9.1601 3 3.30588 0.00726589
9.17012 3 3.33522 0.00725901
9.18011 3 3.30588 0.00727677
9.1901 3 3.33522 0.00726026
9.20011 3 3.30588 0.0072711
9.2101 3 3.33522 0.00726302
9.22011 3 3.30588 0.00727828
9.2301 3 3.33522 0.00726537
9.24011 3 3.30588 0.00727365
9.2501 3 3.33522 0.00726771
9.26015 3 3.30588 0.00727089
9.27011 3 3.33522 0.00726823
9.2801 3 3.30588 0.00726787
9.29011 3 3.33522 0.00726776
9.3001 3 3.30588 0.00727235
9.3101 3 3.33522 0.00726881
9.3201 3 3.30588 0.00726579
9.33011 3 3.33522 0.00726844
9.3401 3 3.30588 0.00727198
9.3501 3 3.33522 0.00726745
9.36015 3 3.30588 0.00626657
9.37011 3 3.33522 0.00726021
9.38011 3 3.30588 0.00727042
9.39011 3 3.33522 0.00727229
9.4001 3 3.30588 0.00726391
9.41011 3 3.33522 0.00727276
9.4201 3 3.30588 0.00727026
9.43011 3 3.33522 0.00727271
9.4401 3 3.30588 0.00726308
9.45011 3 3.33522 0.0072736
9.4601 3 3.30588 0.00727146
9.47011 3 3.33522 0.00726724
9.4801 3 3.30588 0.00726797
9.49011 3 3.33522 0.00726714
9.5001 3 3.30588 0.00727276
9.5101 3 3.33522 0.00726865
9.5201 3 3.30588 0.00726771
9.5301 3 3.33522 0.0072687
9.5401 3 3.30588 0.00727313
9.5501 3 3.33522 0.00726896
9.56011 3 3.30588 0.00726839
9.57011 3 3.33522 0.00726021
9.58011 3 3.30588 0.00727735
9.5901 3 3.33522 0.00726339
9.60011 3 3.30588 0.00727162
9.6101 3 3.33522 0.00726151
9.62011 3 3.30588 0.00727787
9.6301 3 3.33522 0.00726662
9.64011 3 3.30588 0.00726709
9.6501 3 3.33522 0.00726974
9.66011 3 3.30588 0.00721933
9.67011 3 3.33522 0.00726698
9.6801 3 3.30588 0.00726573
9.6901 3 3.33522 0.00726605
9.7001 3 3.30588 0.00727198
9.71011 3 3.33522 0.00726688
9.7201 3 3.30588 0.00726703
9.73011 3 3.33522 0.00726724
9.7401 3 3.30588 0.00727266
9.7501 3 3.33522 0.00726672
9.7601 3 3.30588 0.00722615
9.77011 3 3.33522 0.00724594
9.78011 3 3.30588 0.00727
9.79011 3 3.33522 0.0072712
9.8001 3 3.30588 0.00726427
9.81011 3 3.33522 0.00727052
9.8201 3 3.30588 0.00727006
9.8301 3 3.33522 0.00726703
9.8401 3 3.30588 0.00726558
9.8501 3 3.33522 0.00726839
9.86011 3 3.30588 0.00727245
9.87015 3 3.33522 0.00726787
9.88011 3 3.30588 0.00726
9.89011 3 3.33522 0.00726672
9.9001 3 3.30588 0.00727344
9.9101 3 3.33522 0.00726698
9.9201 3 3.30588 0.00726375
9.93011 3 3.33522 0.00726901
9.9401 3 3.30588 0.00727276
9.9501 3 3.33522 0.00726719
9.9601 3 3.30588 0.00726792
9.9701 3 3.33522 0.0072473
9.98011 3 3.30588 0.00726844
9.99011 3 3.33522 0.00727042
10.0001 0 0 0.00989688
10.0101 0 0 0.00989266
10.0201 0 0 0.00989261
10.0301 0 0 0.0098936
10.0401 0 0 0.00989167
10.0501 0 0 0.00989438
10.0601 0 0 0.00989391
10.0701 0 0 0.00989641
10.0801 0 0 0.00985193
10.0901 0 0 0.00989427
10.1001 0 0 0.00989375
10.1101 0 0 0.00989568
10.1201 0 0 0.00989584
10.1301 0 0 0.00989584
10.1401 0 0 0.00989553
10.1501 0 0 0.00989589
10.1601 0 0 0.00989579
10.1701 0 0 0.00989579
10.1801 0 0 0.00984761
10.1901 0 0 0.00989089
10.2001 0 0 0.00989386
10.2101 0 0 0.00989344
10.2201 0 0 0.00989365
10.2301 0 0 0.00989469
