1.25e-06 2 0.38166 0.0065675
0.010257 2 0.45012 0.00668469
0.0202158 2 0.7533 0.00669318
0.0301117 2 1.10538 0.00669313
0.0401139 2 1.5846 0.00669385
0.0501115 2 2.03448 0.00669969
0.0601114 2 2.5137 0.00669583
0.0701064 2 2.89512 0.00669427
0.0801122 2 3.23742 0.00669385
0.0901071 2 3.42324 0.00669979
0.100112 2 3.5406 0.00669573
0.110105 2 3.4917 0.00669542
0.120111 2 3.3939 0.00669578
0.130106 2 3.15918 0.00669141
0.140111 2 2.91468 0.00669073
0.15011 2 2.59194 0.00669255
0.160109 2 2.32788 0.00669333
0.170108 2 2.03448 0.00669474
0.180108 2 1.84866 0.00669198
0.190111 2 1.66284 0.00669375
0.200117 2 1.61394 0.00669568
0.210107 2 1.5846 0.0067
0.220108 2 1.67262 0.00669396
0.230105 2 1.77042 0.00669604
0.240106 2 1.95624 0.00669354
0.250114 2 2.09316 0.00667906
0.260113 2 2.3181 0.00669516
0.270106 2 2.45502 0.00669661
0.280112 2 2.62128 0.00669682
0.290111 2 2.68974 0.00655411
0.300147 2 2.78754 0.00668213
0.310119 2 2.76798 0.00669229
0.320119 2 2.76798 0.00662969
0.330116 2 2.67996 0.00669896
0.340113 2 2.6115 0.00668995
0.350111 2 2.48436 0.00669568
0.360105 2 2.39634 0.00669609
0.370105 2 2.25942 0.00670036
0.380107 2 2.19096 0.00669307
0.390106 2 2.09316 0.00669635
0.400112 2 2.0736 0.00669604
0.410112 2 2.03448 0.00670016
0.420111 2 2.0736 0.0066976
0.430108 2 2.08338 0.00669635
0.440111 2 2.1714 0.00666969
0.450113 2 2.20074 0.00669484
0.460111 2 2.29854 0.00669635
0.470106 2 2.34744 0.00669724
0.480112 2 2.42568 0.00669698
0.490111 2 2.44524 0.00669552
0.500111 2 2.5137 0.00667016
0.510108 2 2.49414 0.00669599
0.520112 2 2.5137 0.00669651
0.530156 2 2.47458 0.00669344
0.540108 2 2.4648 0.0066937
0.550108 2 2.39634 0.00669479
0.560104 2 2.38656 0.00669672
0.570106 2 2.3181 0.00670052
0.580106 2 2.30832 0.0066951
0.590105 2 2.23986 0.00669656
0.600112 2 2.24964 0.0066963
0.61011 2 2.21052 0.00669995
0.62011 2 2.23986 0.006695
0.630105 2 2.21052 0.00669516
0.640111 2 2.2692 0.00669703
0.650111 2 2.25942 0.00670161
0.660111 2 2.3181 0.00668714
0.670106 2 2.3181 0.00669662
0.680112 2 2.367 0.00669662
0.690111 2 2.367 0.00670177
0.700111 2 2.40612 0.00669755
0.710105 2 2.38656 0.006695
0.720106 2 2.4159 0.00669693
0.730112 2 2.37678 0.0066525
0.740109 2 2.39634 0.00669344
0.750108 2 2.35722 0.00669698
0.760108 2 2.367 0.00669599
0.770107 2 2.32788 0.00669906
0.780104 2 2.33766 0.00669599
0.790106 2 2.28876 0.00669281
0.800108 2 2.30832 0.00669443
0.810105 2 2.27898 0.00669979
0.820106 2 2.30832 0.00669307
0.830107 2 2.27898 0.0066424
0.840113 2 2.3181 0.006695
0.850112 2 2.28876 0.00670182
0.860117 2 2.32788 0.0066938
0.870107 2 2.30832 0.00669677
0.880111 2 2.34744 0.00666443
0.890112 2 2.32788 0.00670068
0.900113 2 2.367 0.0066963
0.910104 2 2.34744 0.00669651
0.920112 2 2.367 0.00669646
0.930111 2 2.34744 0.00670156
0.940108 2 2.367 0.00669448
0.950108 2 2.33766 0.00669505
0.960107 2 2.35722 0.00669672
0.970106 2 2.32788 0.00670078
0.980105 2 2.34744 0.00669594
0.990105 2 2.30832 0.00669682
1.00011 2 2.32788 0.00669542
1.01011 2 2.29854 0.00669995
1.02011 2 2.32788 0.00669599
1.0301 2 2.29854 0.00669646
1.04016 2 2.32788 0.00669583
1.05011 2 2.30832 0.00670203
1.06011 2 2.33766 0.00669708
1.0701 2 2.3181 0.00667068
1.08011 2 2.34744 0.00669677
1.09011 2 2.32788 0.0067
1.10011 2 2.35722 0.00669755
1.11011 2 2.32788 0.0066962
1.12011 2 2.35722 0.00669729
1.13011 2 2.32788 0.00670125
1.14011 2 2.35722 0.00669359
1.15011 2 2.32788 0.00669547
1.16011 2 2.34744 0.00669604
1.17011 2 2.32788 0.00670141
1.18011 2 2.34744 0.00669344
1.19011 2 2.3181 0.00669547
1.20011 2 2.33766 0.00669604
1.21011 2 2.3181 0.00669807
1.22011 2 2.33766 0.00669714
1.23011 2 2.3181 0.0066963
1.24011 2 2.33766 0.0066949
1.25011 2 2.3181 0.00670026
1.26011 2 2.34744 0.00669693
1.2701 2 2.3181 0.00669594
1.28012 2 2.34744 0.00668391
1.29012 2 2.3181 0.00669687
1.30012 2 2.34744 0.00669635
1.31011 2 2.32788 0.00669552
1.32011 2 2.34744 0.00669672
1.33011 2 2.32788 0.00670099
1.34011 2 2.34744 0.00662927
1.35011 2 2.32788 0.00669563
1.36011 2 2.34744 0.00669536
1.37011 2 2.3181 0.00669969
1.38011 2 2.34744 0.00669526
1.39011 2 2.3181 0.00669495
1.40011 2 2.34744 0.00669667
1.41011 2 2.3181 0.00670141
1.42011 2 2.34744 0.00669682
1.43011 2 2.3181 0.00669818
1.44011 2 2.34744 0.0066974
1.45016 2 2.3181 0.00670073
1.46011 2 2.34744 0.00669583
1.47011 2 2.3181 0.00669563
1.48011 2 2.34744 0.00669677
1.49011 2 2.32788 0.00669615
1.50011 2 2.34744 0.00669583
1.51011 2 2.3181 0.00669469
1.52011 2 2.34744 0.00669755
1.53011 2 2.3181 0.00669432
1.54011 2 2.34744 0.00669307
1.55011 2 2.32788 0.00669318
1.56011 2 2.34744 0.00669568
1.5701 2 2.3181 0.00666281
1.58011 2 2.34744 0.00669583
1.59011 2 2.3181 0.0066975
1.6001 2 2.34744 0.00669708
1.61011 2 2.3181 0.00669583
1.62011 2 2.34744 0.00669662
1.63011 2 2.3181 0.00669578
1.64011 2 2.34744 0.00669656
1.65011 2 2.3181 0.00669479
1.66011 2 2.34744 0.00669646
1.67011 2 2.32788 0.00669682
1.68011 2 2.34744 0.0066938
1.69011 2 2.3181 0.00670104
1.70011 2 2.34744 0.00669599
1.71011 2 2.32788 0.00669703
1.72011 2 2.34744 0.00669615
1.73011 2 2.32788 0.00670115
1.74011 2 2.34744 0.00669333
1.75011 2 2.3181 0.00669156
1.76011 2 2.34744 0.00669599
1.77011 2 2.3181 0.00669526
1.78011 2 2.34744 0.0066963
1.79011 2 2.3181 0.00669594
1.80011 2 2.34744 0.00669615
1.81011 2 2.3181 0.00670286
1.82011 2 2.34744 0.0066974
1.83011 2 2.32788 0.00669656
1.84011 2 2.34744 0.00669651
1.85011 2 2.3181 0.00665599
1.86012 2 2.34744 0.00669521
1.87011 2 2.3181 0.00669729
1.88011 2 2.34744 0.00669578
1.89011 2 2.3181 0.00669583
1.90011 2 2.34744 0.00669521
1.9101 2 2.32788 0.00669682
1.92011 2 2.34744 0.0066963
1.93011 2 2.32788 0.00669609
1.94011 2 2.34744 0.00669229
1.95011 2 2.32788 0.00664615
1.96011 2 2.34744 0.00669625
1.97011 2 2.32788 0.00670182
1.9801 2 2.34744 0.00669609
1.99011 2 2.32788 0.00669672
2.00014 2 2.34744 0.00665755
2.01015 2 2.32788 0.00669568
2.02011 2 2.34744 0.00669281
2.03011 2 2.3181 0.00669563
2.04011 2 2.34744 0.00669583
2.05012 2 2.32788 0.00669781
2.06018 2 2.34744 0.0066925
2.07011 2 2.32788 0.00669536
2.08011 2 2.34744 0.00669661
2.09011 2 2.3181 0.00670089
2.10011 2 2.34744 0.00669557
2.11011 2 2.3181 0.00669583
2.12011 2 2.34744 0.00666734
2.13012 2 2.32788 0.00669886
2.14011 2 2.34744 0.00669182
2.15012 2 2.32788 0.00669589
2.16011 2 2.34744 0.00669167
2.17011 2 2.32788 0.00669375
2.18012 2 2.34744 0.00669
2.19011 2 2.32788 0.00669536
2.20012 2 2.34744 0.00669391
2.21011 2 2.32788 0.00669797
2.22011 2 2.34744 0.00669563
2.23011 2 2.32788 0.00669625
2.24011 2 2.34744 0.00669438
2.25011 2 2.32788 0.00669927
2.26011 2 2.33766 0.00664781
2.27011 2 2.3181 0.00669781
2.28011 2 2.33766 0.00669578
2.29011 2 2.3181 0.00670198
2.30011 2 2.33766 0.00669672
2.31011 2 2.3181 0.00667016
2.32011 2 2.33766 0.00669677
2.33011 2 2.3181 0.00670026
2.34011 2 2.33766 0.00668578
2.35011 2 2.32788 0.00669609
2.36011 2 2.34744 0.00669589
2.37011 2 2.32788 0.00670057
2.38011 2 2.34744 0.00669365
2.39011 2 2.32788 0.0066974
2.40011 2 2.34744 0.00669693
2.41011 2 2.32788 0.00670104
2.42011 2 2.34744 0.00669698
2.43011 2 2.32788 0.00669589
2.44011 2 2.34744 0.006695
2.45011 2 2.32788 0.00670047
2.46011 2 2.34744 0.00669609
2.47011 2 2.32788 0.00669776
2.48011 2 2.33766 0.00669662
2.49011 2 2.3181 0.0067013
2.50011 2 2.33766 0.00669609
2.5101 2 2.3181 0.00669682
2.52011 2 2.34744 0.00669604
2.53011 2 2.32788 0.00670245
2.54011 2 2.33766 0.00667797
2.55011 2 2.32788 0.00669458
2.56011 2 2.34744 0.00669391
2.57011 2 2.32788 0.00670052
2.58011 2 2.34744 0.0066962
2.59011 2 2.32788 0.00669667
2.60011 2 2.34744 0.00669667
2.61011 2 2.32788 0.00660526
2.62015 2 2.34744 0.00659849
2.63022 2 2.32788 0.006625
2.64016 2 2.33766 0.00663349
2.6502 2 2.32788 -0.00158693
2.6616 2 2.33766 0.00559214
2.67016 2 2.32788 0.00668474
2.68012 2 2.33766 0.00664344
2.69016 2 2.32788 0.00664328
2.70012 2 2.33766 0.00664292
2.71013 2 2.32788 0.00664229
2.72012 2 2.33766 0.00664563
2.73013 2 2.3181 0.00663578
2.74012 2 2.33766 0.00661969
2.75012 2 2.32788 0.00664328
2.76014 2 2.33766 0.00661271
2.77011 2 2.32788 0.00668339
2.7801 2 2.34744 0.00666557
2.79011 2 2.32788 0.00667833
2.80011 2 2.34744 0.00668172
2.8101 2 2.32788 0.0066837
2.8201 2 2.33766 0.00666656
2.8301 2 2.32788 0.00672927
2.84009 2 2.33766 0.00673563
2.85009 2 2.32788 0.00673057
2.8601 2 2.33766 0.00672771
2.87009 2 2.32788 0.00673287
2.88009 2 2.34744 0.00673443
2.89009 2 2.32788 0.00673313
2.90009 2 2.34744 0.00673568
2.91009 2 2.32788 0.00673505
2.92009 2 2.34744 0.00673583
2.93009 2 2.3181 0.00673365
2.9401 2 2.33766 0.00570438
2.9501 2 2.32788 0.00672917
2.96009 2 2.34744 0.00673245
2.97009 2 2.32788 0.00673214
2.98009 2 2.34744 0.00673542
2.99009 2 2.32788 0.00673411
3.00009 2 2.33766 0.0067363
3.01009 2 2.32788 0.00673464
3.02009 2 2.33766 0.00673526
3.03009 2 2.32788 0.00673604
3.04009 2 2.33766 0.0067338
3.05009 2 2.32788 0.00673578
3.06009 2 2.33766 0.00673323
3.07009 2 2.32788 0.00673594
3.08009 2 2.33766 0.00673318
3.09009 2 2.32788 0.00673026
3.10009 2 2.34744 0.00673474
3.11009 2 2.32788 0.00672094
3.1201 2 2.33766 0.005735
3.13009 2 2.32788 0.00673349
3.14009 2 2.33766 0.0067362
3.15009 2 2.32788 0.00672958
3.16009 2 2.34744 0.00673396
3.17009 2 2.32788 0.00673328
3.1801 2 2.33766 0.00672787
3.19009 2 2.32788 0.00673297
3.20009 2 2.33766 0.00673636
3.21009 2 2.32788 0.00673583
3.22009 2 2.34744 0.00673537
3.23009 2 2.32788 0.0067349
3.24009 2 2.33766 0.00671563
3.25009 2 2.32788 0.00673333
3.26009 2 2.34744 0.00673589
3.27009 2 2.32788 0.00673479
3.28011 2 2.33766 0.00672427
3.29011 2 2.32788 0.00673026
3.30009 2 2.33766 0.00673594
3.31009 2 2.32788 0.00673375
3.32009 2 2.34744 0.00673573
3.3301 2 2.32788 0.00573412
3.34009 2 2.33766 0.00673636
3.3501 2 2.32788 0.00672917
3.36009 2 2.34744 0.00673167
3.37009 2 2.32788 0.00673344
3.38009 2 2.33766 0.00673656
3.39009 2 2.32788 0.00673479
3.40009 2 2.34744 0.0067349
3.41009 2 2.32788 0.00673333
3.42009 2 2.33766 0.00673615
3.43009 2 2.32788 0.00673432
3.44009 2 2.33766 0.006735
3.45009 2 2.32788 0.00673391
3.46009 2 2.33766 0.00673484
3.47009 2 2.32788 0.00673568
3.48021 2 2.33766 0.00669011
3.49011 2 2.32788 0.00669552
3.50011 2 2.33766 0.00669594
3.51011 2 2.32788 0.00669412
3.52011 2 2.33766 0.00669557
3.53011 2 2.32788 0.00670109
3.54011 2 2.33766 0.00669656
3.55011 2 2.32788 0.0066925
3.56011 2 2.33766 0.00669344
3.57011 2 2.32788 0.00669542
3.58016 2 2.33766 0.00669516
3.59011 2 2.32788 0.00669531
3.60011 2 2.33766 0.00669724
3.61011 2 2.32788 0.00669948
3.62011 2 2.33766 0.00669667
3.63011 2 2.32788 0.00669464
3.64011 2 2.33766 0.00669615
3.65011 2 2.32788 0.0067012
3.66011 2 2.34744 0.00669641
3.67011 2 2.32788 0.00669714
3.68016 2 2.34744 0.00669625
3.69011 2 2.32788 0.00670125
3.70011 2 2.34744 0.00669625
3.71011 2 2.32788 0.00669552
3.72011 2 2.33766 0.00669552
3.73011 2 2.32788 0.00670188
3.74011 2 2.33766 0.00669636
3.75011 2 2.32788 0.00669386
3.76011 2 2.33766 0.00669636
3.77011 2 2.32788 0.00670125
3.7801 2 2.33766 0.00669214
3.7901 2 2.32788 0.00669542
3.80011 2 2.34744 0.00669521
3.81011 2 2.32788 0.00669901
3.82011 2 2.33766 0.00669531
3.83011 2 2.32788 0.00669516
3.84011 2 2.33766 0.00669547
3.85011 2 2.32788 0.00670016
3.86011 2 2.33766 0.00669339
3.87011 2 2.32788 0.00669453
3.88011 2 2.33766 0.00664896
3.89011 2 2.32788 0.00670047
3.90011 2 2.33766 0.00669557
3.91011 2 2.32788 0.00669307
3.92011 2 2.33766 0.00669448
3.93011 2 2.32788 0.00669865
3.94011 2 2.33766 0.00669542
3.95011 2 2.32788 0.00669276
3.96011 2 2.34744 0.00669568
3.97011 2 2.32788 0.00669854
3.98011 2 2.33766 0.00664604
3.99011 2 2.32788 0.00670229
4.00011 2 2.33766 0.00667787
4.01012 2 2.32788 0.00659922
4.02015 2 2.33766 0.00669052
4.03011 2 2.32788 0.00669386
4.04011 2 2.33766 0.00669448
4.05011 2 2.32788 0.0066988
4.06011 2 2.33766 0.00669229
4.07011 2 2.32788 0.00669453
4.08011 2 2.33766 0.00669495
4.09017 2 2.32788 0.0067013
4.10011 2 2.33766 0.00669516
4.1101 2 2.32788 0.0066949
4.12011 2 2.33766 0.00669714
4.13011 2 2.32788 0.00669385
4.14011 2 2.33766 0.00669386
4.15011 2 2.32788 0.00669193
4.16011 2 2.33766 0.00669484
4.17011 2 2.32788 0.00669448
4.18011 2 2.33766 0.00669177
4.19011 2 2.32788 0.00668932
4.20012 2 2.33766 0.00669443
4.21011 2 2.32788 0.00669448
4.2201 2 2.33766 0.00669474
4.2301 2 2.32788 0.00669453
4.24011 2 2.33766 0.00669646
4.25011 2 2.32788 0.00670042
4.26011 2 2.33766 0.00669589
4.2701 2 2.32788 0.00669615
4.28011 2 2.33766 0.00669656
4.29011 2 2.32788 0.00665333
4.30011 2 2.33766 0.00669552
4.3101 2 2.32788 0.00669656
4.32011 2 2.33766 0.00669609
4.33011 2 2.32788 0.00669339
4.34011 2 2.33766 0.0066962
4.35011 2 2.32788 0.00669276
4.36011 2 2.33766 0.00669474
4.37011 2 2.32788 0.00669552
4.38011 2 2.33766 0.00669625
4.3901 2 2.32788 0.00664458
4.40011 2 2.33766 0.00669516
4.41011 2 2.32788 0.00669964
4.42011 2 2.33766 0.00669672
4.4301 2 2.32788 0.00669615
4.44011 2 2.33766 0.00669594
4.45011 2 2.32788 0.00670089
4.46011 2 2.33766 0.00669563
4.4701 2 2.32788 0.0066975
4.48011 2 2.34744 0.00669609
4.49011 2 2.32788 0.00670172
4.50016 2 2.33766 0.00669682
4.5101 2 2.32788 0.00669641
4.52011 2 2.33766 0.00669568
4.53011 2 2.32788 0.00669568
4.5401 2 2.33766 0.00669589
4.55011 2 2.32788 0.00669339
4.56011 2 2.33766 0.00669552
4.5701 2 2.32788 0.0066949
4.5801 2 2.33766 0.00669594
4.5901 2 2.32788 0.00669485
4.60016 2 2.33766 0.00669552
4.61011 2 2.32788 0.00670068
4.62011 2 2.33766 0.00669583
4.6301 2 2.32788 0.00669667
4.64011 2 2.34744 0.00669714
4.65011 2 2.32788 0.00670011
4.66011 2 2.33766 0.00667901
4.67011 2 2.32788 0.00669578
4.68011 2 2.33766 0.00669682
4.69011 2 2.32788 0.00669578
4.70011 2 2.33766 0.00669682
4.7101 2 2.32788 0.00669672
4.7201 2 2.32788 0.00666912
4.73011 2 2.32788 0.00669547
4.74011 2 2.33766 0.0066963
4.75011 2 2.32788 0.00669349
4.76011 2 2.32788 0.00669646
4.77011 2 2.32788 0.00670198
4.7801 2 2.33766 0.00669537
4.7901 2 2.32788 0.0066963
4.80011 2 2.33766 0.00669328
4.81011 2 2.32788 0.00669974
4.82011 2 2.33766 0.00669656
4.8301 2 2.32788 0.00669688
4.84011 2 2.33766 0.00669709
4.85011 2 2.32788 0.00670172
4.86011 2 2.33766 0.00669495
4.87011 2 2.32788 0.00669625
4.88011 2 2.33766 0.00669682
4.89011 2 2.32788 0.00670047
4.90011 2 2.33766 0.00665005
4.9101 2 2.32788 0.00669745
4.92011 2 2.33766 0.0066963
4.93011 2 2.32788 0.00670037
4.94011 2 2.33766 0.00669667
4.95011 2 2.32788 0.00669583
4.96011 2 2.32788 0.00669578
4.97011 2 2.32788 0.00669953
4.9801 2 2.33766 0.00669432
4.99011 2 2.32788 0.00669688
5.00011 1 2.33766 0.00665193
5.01011 1 2.27898 0.00670099
5.02011 1 2.15184 0.00669677
5.0301 1 1.93668 0.00669662
5.0401 1 1.71174 0.00669479
5.05011 1 1.45746 0.00670193
5.06011 1 1.23252 0.00669808
5.0701 1 1.02714 0.00669662
5.08011 1 0.88044 0.00669682
5.09011 1 0.77286 0.00669979
5.10011 1 0.7533 0.00669854
5.11015 1 0.76308 0.00669563
5.12011 1 0.84132 0.00669573
5.13011 1 0.9489 0.00669938
5.14011 1 1.0956 0.00669682
5.15011 1 1.23252 0.00669323
5.16011 1 1.37922 0.00669563
5.17011 1 1.49658 0.00669448
5.18011 1 1.60416 0.00669146
5.19011 1 1.66284 0.00669636
5.20011 1 1.70196 0.00669344
5.21016 1 1.69218 0.00669974
5.22011 1 1.66284 0.00669604
5.2301 1 1.5846 0.00669386
5.24011 1 1.52592 0.00669641
5.25011 1 1.42812 0.00670224
5.26011 1 1.34988 0.00669719
5.2701 1 1.26186 0.00669787
5.28011 1 1.20318 0.00665714
5.29012 1 1.15428 0.00666219
5.30013 1 1.13472 0.00668589
5.31018 1 1.13472 0.00669307
5.32012 1 1.15428 0.00669672
5.33011 1 1.18362 0.00669896
5.34011 1 1.23252 0.00669719
5.35012 1 1.27164 0.00669261
5.36011 1 1.3401 0.00669234
5.37011 1 1.37922 0.00670016
5.38011 1 1.42812 0.00669433
5.39011 1 1.44768 0.00669526
5.40011 1 1.46724 0.00669599
5.41011 1 1.46724 0.00669667
5.42011 1 1.46724 0.00669698
5.4301 1 1.4379 0.00669516
5.44011 1 1.41834 0.00669594
5.45011 1 1.389 0.00670011
5.46011 1 1.35966 0.00669641
5.47011 1 1.33032 0.00669755
5.48011 1 1.30098 0.00669896
5.49011 1 1.28142 0.00670073
5.50011 1 1.27164 0.00669698
5.51011 1 1.27164 0.00669344
5.52011 1 1.27164 0.00669448
5.53011 1 1.27164 0.00670198
5.54011 1 1.30098 0.00669667
5.55012 1 1.31076 0.00669464
5.56011 1 1.33032 0.00669557
5.57011 1 1.34988 0.00670068
5.5801 1 1.35966 0.00669599
5.5901 1 1.37922 0.00669589
5.6001 1 1.389 0.00669417
5.61011 1 1.389 0.00665245
5.62011 1 1.389 0.00669745
5.6301 1 1.37922 0.00669526
5.64011 1 1.37922 0.0066961
5.65011 1 1.35966 0.00670016
5.66011 1 1.34988 0.00669542
5.6701 1 1.3401 0.00669917
5.68011 1 1.3401 0.00669563
5.69011 1 1.32054 0.00670172
5.70011 1 1.32054 0.00669656
5.7101 1 1.31076 0.0066538
5.7201 1 1.32054 0.00669427
5.73011 1 1.32054 0.00670026
5.74011 1 1.33032 0.00669552
5.75011 1 1.33032 0.00669125
5.76011 1 1.3401 0.0066961
5.77011 1 1.3401 0.00670167
5.7801 1 1.34988 0.00669568
5.7901 1 1.34988 0.00669542
5.80011 1 1.35966 0.00669683
5.81011 1 1.34988 0.00664969
5.82011 1 1.35966 0.00669656
5.8301 1 1.34988 0.00669656
5.8401 1 1.35966 0.00669339
5.85011 1 1.34988 0.00669224
5.86011 1 1.34988 0.00669443
5.8701 1 1.3401 0.00669646
5.88011 1 1.3401 0.0066961
5.89011 1 1.3401 0.00670052
5.90011 1 1.3401 0.00669604
5.91011 1 1.33032 0.00669781
5.92015 1 1.33032 0.00669646
5.93011 1 1.33032 0.0066961
5.94011 1 1.3401 0.00669682
5.9501 1 1.3401 0.00669412
5.96011 1 1.3401 0.00669479
5.97011 1 1.3401 0.00669542
5.98011 1 1.34988 0.00669214
5.99011 1 1.34988 0.00669552
6.00011 1 1.34988 0.00669703
6.0101 1 1.34988 0.00670073
6.02016 1 1.34988 0.0066961
6.0301 1 1.34988 0.00669589
6.04011 1 1.34988 0.00669537
6.05011 1 1.34988 0.0067011
6.06011 1 1.34988 0.0066961
6.0701 1 1.3401 0.00669641
6.08011 1 1.3401 0.0066962
6.09011 1 1.3401 0.0066999
6.10011 1 1.3401 0.00669828
6.1101 1 1.3401 0.00669724
6.12011 1 1.3401 0.00669589
6.13011 1 1.3401 0.00669927
6.14011 1 1.3401 0.00669776
6.1501 1 1.3401 0.0066761
6.16011 1 1.3401 0.00669339
6.17011 1 1.3401 0.00669959
6.18011 1 1.34988 0.00666854
6.19011 1 1.3401 0.00669297
6.20011 1 1.34988 0.0066963
6.21011 1 1.34988 0.00669906
6.22011 1 1.34988 0.00669287
6.23011 1 1.34988 0.0066949
6.24011 1 1.34988 0.00669656
6.25011 1 1.34988 0.00670115
6.26011 1 1.34988 0.00669542
6.27011 1 1.34988 0.00669745
6.28011 1 1.3401 0.00669578
6.29011 1 1.3401 0.0066975
6.30011 1 1.3401 0.00669698
6.3101 1 1.3401 0.00669724
6.32012 1 1.3401 0.00667052
6.33012 1 1.3401 0.00670005
6.34011 1 1.34988 0.00669479
6.3501 1 1.3401 0.00663875
6.36011 1 1.34988 0.0066936
6.37011 1 1.3401 0.00669901
6.38011 1 1.34988 0.00669448
6.39011 1 1.3401 0.00669453
6.40011 1 1.34988 0.00669532
6.41011 1 1.3401 0.00670099
6.42011 1 1.3401 0.00669417
6.43011 1 1.34988 0.00669302
6.44011 1 1.34988 0.00669625
6.45011 1 1.34988 0.00670146
6.46084 1 1.33032 0.00464
6.47013 1 1.34988 0.00669813
6.4801 1 1.34988 0.00399677
6.49013 1 1.34988 0.00668703
6.50011 1 1.34988 0.00670089
6.5101 1 1.34988 0.00670193
6.5201 1 1.34988 0.00662708
6.53011 1 1.3401 0.0067
6.54011 1 1.3401 0.00669
6.55011 1 1.3401 0.00665901
6.56011 1 1.3401 0.0066938
6.57011 1 1.3401 0.00669886
6.58011 1 1.3401 0.00669589
6.59011 1 1.3401 0.00669558
6.60011 1 1.3401 0.00666375
6.61011 1 1.3401 0.00669959
6.62011 1 1.3401 0.00664016
6.63011 1 1.3401 0.00669547
6.64011 1 1.3401 0.00669563
6.65011 1 1.3401 0.00669808
6.66011 1 1.3401 0.00668453
6.67011 1 1.3401 0.00669375
6.68012 1 1.3401 0.0066961
6.69011 1 1.3401 0.00669521
6.70011 1 1.3401 0.00669667
6.71011 1 1.3401 0.00669656
6.72011 1 1.3401 0.00669693
6.73016 1 1.3401 0.00670032
6.74011 1 1.3401 0.00669646
6.7501 1 1.3401 0.00667682
6.76011 1 1.3401 0.00669375
6.77011 1 1.3401 0.00670073
6.7801 1 1.3401 0.00669511
6.7901 1 1.3401 0.00669875
6.80011 1 1.3401 0.00669568
6.81011 1 1.3401 0.0067
6.82011 1 1.3401 0.00669755
6.8301 1 1.34988 0.00669433
6.84011 1 1.3401 0.00669646
6.85011 1 1.3401 0.0066986
6.86011 1 1.3401 0.00669542
6.87011 1 1.34988 0.00669714
6.88011 1 1.3401 0.00669672
6.89011 1 1.3401 0.00670276
6.90011 1 1.3401 0.00669646
6.9101 1 1.34988 0.0066974
6.92011 1 1.3401 0.00669625
6.93011 1 1.34988 0.00665047
6.94013 1 1.3401 0.0065987
6.95017 1 1.34988 0.00656464
6.96019 1 1.34988 0.00658141
6.97018 1 1.34988 0.00651078
6.9861 1 1.33032 0.000474325
6.99014 1 1.34988 0.00659604
7.00015 1 1.34988 0.00667959
7.01013 1 1.34988 0.00664391
7.02018 1 1.3401 0.00661849
7.03015 1 1.34988 0.00660323
7.04013 1 1.3401 0.0066349
7.05013 1 1.34988 0.00661396
7.06014 1 1.3401 0.00662787
7.07015 1 1.3401 0.00664646
7.08013 1 1.3401 0.00664063
7.09013 1 1.3401 0.00662146
7.10013 1 1.3401 0.00662058
7.11016 1 1.34988 0.00662823
7.12013 1 1.3401 0.00663505
7.13013 1 1.3401 0.00663927
7.14011 1 1.3401 0.00666203
7.15013 1 1.34988 0.00668407
7.16012 1 1.3401 0.00672761
7.17009 1 1.3401 0.00673078
7.18009 1 1.3401 0.00669823
7.19009 1 1.34988 0.00573339
7.20009 1 1.3401 0.00673047
7.21009 1 1.3401 0.00673307
7.22009 1 1.3401 0.00673594
7.23009 1 1.3401 0.00673526
7.24009 1 1.3401 0.00673552
7.25009 1 1.34988 0.00673453
7.26009 1 1.3401 0.00673641
7.27009 1 1.3401 0.0067363
7.28009 1 1.3401 0.00673589
7.29009 1 1.34988 0.00673797
7.30009 1 1.3401 0.00673479
7.31009 1 1.3401 0.00673578
7.32009 1 1.3401 0.00673578
7.33009 1 1.3401 0.00673375
7.34009 1 1.3401 0.00673709
7.35009 1 1.34988 0.0067361
7.36009 1 1.3401 0.00673063
7.37009 1 1.34988 0.00673865
7.38009 1 1.3401 0.00673537
7.39009 1 1.34988 0.00673443
7.40009 1 1.3401 0.00673479
7.41009 1 1.34988 0.00673412
7.42009 1 1.3401 0.00673552
7.43009 1 1.34988 0.00673516
7.44009 1 1.3401 0.00673568
7.45009 1 1.3401 0.00673485
7.46009 1 1.34988 0.00673261
7.47009 1 1.34988 0.00673516
7.48009 1 1.3401 0.00673521
7.49009 1 1.34988 0.0067336
7.50009 1 1.3401 0.00673589
7.51009 1 1.34988 0.00673526
7.52009 1 1.3401 0.00673584
7.53009 1 1.3401 0.00673407
7.54009 1 1.34988 0.00673427
7.55009 1 1.3401 0.00673521
7.56009 1 1.3401 0.00673183
7.57009 1 1.34988 0.0067337
7.58009 1 1.3401 0.00673698
7.59009 1 1.3401 0.00673625
7.60009 1 1.3401 0.00673537
7.61009 1 1.3401 0.00673516
7.62009 1 1.3401 0.00673516
7.63009 1 1.34988 0.00673688
7.64009 1 1.3401 0.00673464
7.65009 1 1.34988 0.00673412
7.66009 1 1.3401 0.00673693
7.67009 1 1.34988 0.00673719
7.68009 1 1.3401 0.00673542
7.69009 1 1.34988 0.00673662
7.70009 1 1.3401 0.0067362
7.71009 1 1.3401 0.00673521
7.72009 1 1.3401 0.00673589
7.73009 1 1.3401 0.00673464
7.74009 1 1.3401 0.00673625
7.75009 1 1.34988 0.00673698
7.76009 1 1.3401 0.00673386
7.77009 1 1.34988 0.00673219
7.78009 1 1.3401 0.00673584
7.79009 1 1.34988 0.00673563
7.80009 1 1.3401 0.00673511
7.81009 1 1.34988 0.00673391
7.82009 1 1.3401 0.00673719
7.83009 1 1.34988 0.00673625
7.84019 1 1.3401 0.00669328
7.85011 1 1.34988 0.00670198
7.86011 1 1.3401 0.0066963
7.87011 1 1.34988 0.00669662
7.88011 1 1.34988 0.00669745
7.89011 1 1.34988 0.00670032
7.90011 1 1.3401 0.00669308
7.91011 1 1.34988 0.00669672
7.92011 1 1.3401 0.0066962
7.93011 1 1.34988 0.00670146
7.94015 1 1.3401 0.00669724
7.9501 1 1.34988 0.0066975
7.96011 1 1.3401 0.00668964
7.97011 1 1.34988 0.00670016
7.9801 1 1.3401 0.00669677
7.9901 1 1.34988 0.00669558
8.00011 1 1.3401 0.00669558
8.01011 1 1.34988 0.00669995
8.02011 1 1.3401 0.00669667
8.0301 1 1.34988 0.00669724
8.04016 1 1.3401 0.00669771
8.05011 1 1.34988 0.00670068
8.06011 1 1.3401 0.00669615
8.0701 1 1.34988 0.00669646
8.08011 1 1.3401 0.00669563
8.09011 1 1.34988 0.00669964
8.10011 1 1.3401 0.0066961
8.11011 1 1.34988 0.00669412
8.12011 1 1.3401 0.00669547
8.13011 1 1.34988 0.00670177
8.14011 1 1.3401 0.00669386
8.1501 1 1.34988 0.00666933
8.16011 1 1.3401 0.0066936
8.17011 1 1.34988 0.00669901
8.1801 1 1.3401 0.00666526
8.19011 1 1.34988 0.00669412
8.20011 1 1.3401 0.00669563
8.21011 1 1.34988 0.00670068
8.2201 1 1.3401 0.00669558
8.2301 1 1.34988 0.00669479
8.24011 1 1.3401 0.00664433
8.25012 1 1.34988 0.00669938
8.26011 1 1.3401 0.00669703
8.27011 1 1.34988 0.00669667
8.28011 1 1.3401 0.00572917
8.29015 1 1.34988 0.00668834
8.30012 1 1.3401 0.00669287
8.31011 1 1.34988 0.00669511
8.32012 1 1.3401 0.00669334
8.33012 1 1.34988 0.0066987
8.34011 1 1.3401 0.00661349
8.35011 1 1.34988 0.00669344
8.36011 1 1.3401 0.00668969
8.37011 1 1.34988 0.00669245
8.38011 1 1.3401 0.00669407
8.39011 1 1.34988 0.00669532
8.40011 1 1.3401 0.00669396
8.4101 1 1.34988 0.00669417
8.42011 1 1.3401 0.00669542
8.43011 1 1.34988 0.00669495
8.44011 1 1.3401 0.00669584
8.45017 1 1.34988 0.0066986
8.46011 1 1.3401 0.0066949
8.4701 1 1.34988 0.00669438
8.48011 1 1.3401 0.00669599
8.49011 1 1.34988 0.00670099
8.5001 1 1.3401 0.00669573
8.51011 1 1.34988 0.00669542
8.52011 1 1.3401 0.00669688
8.53011 1 1.34988 0.00670042
8.54011 1 1.3401 0.0066975
8.5501 1 1.34988 0.00669323
8.56011 1 1.3401 0.00669188
8.57011 1 1.34988 0.00669886
8.58011 1 1.3401 0.0066962
8.5901 1 1.34988 0.00669427
8.6001 1 1.3401 0.00669578
8.61011 1 1.34988 0.00670068
8.62011 1 1.3401 0.00669729
8.6301 1 1.34988 0.00669641
8.64011 1 1.3401 0.0066962
8.65011 1 1.34988 0.00665037
8.66011 1 1.3401 0.00667297
8.67011 1 1.34988 0.0066963
8.68011 1 1.3401 0.00669558
8.69011 1 1.34988 0.00670099
8.70011 1 1.3401 0.00669589
8.7101 1 1.34988 0.00669636
8.72011 1 1.3401 0.00669584
8.73011 1 1.34988 0.00669349
8.74011 1 1.3401 0.00669537
8.75011 1 1.3401 0.00665037
8.76011 1 1.3401 0.00669261
8.77011 1 1.34988 0.00669896
8.78011 1 1.3401 0.00669203
8.79011 1 1.34988 0.00669719
8.8001 1 1.3401 0.00669672
8.8101 1 1.34988 0.00669547
8.82011 1 1.3401 0.00669662
8.8301 1 1.34988 0.00669558
8.84011 1 1.3401 0.00667037
8.85011 1 1.34988 0.00670042
8.86012 1 1.3401 0.00669506
8.87011 1 1.34988 0.00669589
8.88011 1 1.3401 0.00669719
8.89011 1 1.34988 0.0066999
8.90011 1 1.3401 0.00669724
8.9101 1 1.34988 0.00669578
8.92011 1 1.3401 0.00669724
8.93011 1 1.34988 0.00670125
8.94011 1 1.3401 0.00669636
8.95011 1 1.34988 0.00669563
8.96011 1 1.3401 0.00669438
8.97011 1 1.34988 0.00670115
8.9801 1 1.3401 0.00669375
8.99011 1 1.34988 0.0066963
9.0001 1 1.3401 0.00669537
9.0101 1 1.34988 0.00670032
9.02013 1 1.3401 0.00668657
9.03012 1 1.34988 0.0066937
9.04012 1 1.3401 0.00669438
9.05011 1 1.34988 0.00670016
9.06018 1 1.3401 0.00669459
9.07011 1 1.34988 0.00669641
9.08011 1 1.3401 0.00669573
9.09011 1 1.34988 0.00670084
9.10011 1 1.3401 0.00669464
9.11011 1 1.34988 0.0066961
9.12011 1 1.3401 0.00669693
9.13011 1 1.34988 0.0066949
9.14011 1 1.3401 0.00669495
9.15011 1 1.34988 0.00669646
9.16017 1 1.3401 0.00668985
9.17011 1 1.34988 0.00669896
9.18011 1 1.3401 0.00669641
9.19011 1 1.34988 0.00669302
9.20011 1 1.3401 0.00669657
9.21011 1 1.34988 0.00670068
9.22011 1 1.3401 0.00669396
9.2301 1 1.34988 0.00669584
9.2401 1 1.3401 0.00669485
9.25011 1 1.34988 0.0067012
9.26011 1 1.3401 0.00669672
9.27011 1 1.34988 0.00669756
9.28011 1 1.3401 0.00669438
9.29011 1 1.34988 0.00670058
9.30011 1 1.3401 0.0066962
9.3101 1 1.34988 0.00669584
9.32011 1 1.3401 0.00669745
9.33011 1 1.34988 0.00670224
9.34011 1 1.3401 0.00669589
9.3501 1 1.34988 0.00669662
9.36011 1 1.3401 0.00669125
9.37011 1 1.34988 0.00669714
9.38011 1 1.3401 0.00669261
9.39011 1 1.34988 0.00669464
9.4001 1 1.3401 0.00669495
9.41011 1 1.34988 0.00667063
9.42011 1 1.3401 0.00669761
9.43011 1 1.34988 0.00669651
9.44011 1 1.3401 0.00669719
9.45011 1 1.34988 0.00670125
9.46011 1 1.3401 0.00669167
9.47011 1 1.34988 0.00669625
9.48011 1 1.3401 0.00669615
9.49011 1 1.34988 0.0067011
9.50011 1 1.33032 0.00669756
9.5101 1 1.34988 0.00669792
9.52011 1 1.33032 0.00669714
9.53011 1 1.34988 0.00670323
9.54011 1 1.33032 0.00669573
9.5501 1 1.34988 0.00669662
9.56011 1 1.33032 0.00663797
9.57011 1 1.34988 0.00669954
9.58011 1 1.3401 0.00669662
9.5901 1 1.34988 0.00669563
9.6001 1 1.3401 0.00666563
9.61011 1 1.34988 0.00670245
9.62011 1 1.3401 0.00669563
9.6301 1 1.34988 0.00669677
9.64011 1 1.3401 0.00669698
9.65011 1 1.34988 0.00670047
9.66011 1 1.3401 0.00669745
9.67015 1 1.34988 0.00669662
9.68011 1 1.3401 0.00669771
9.69011 1 1.34988 0.00669464
9.70011 1 1.3401 0.00669724
9.7101 1 1.34988 0.00669646
9.7201 1 1.3401 0.00669584
9.73011 1 1.34988 0.0067012
9.74011 1 1.3401 0.00669662
9.7501 1 1.34988 0.00669667
9.76011 1 1.3401 0.00667662
9.77016 1 1.34988 0.0066987
9.78011 1 1.33032 0.00669709
9.79011 1 1.34988 0.00669724
9.8001 1 1.3401 0.00669547
9.8101 1 1.34988 0.00670105
9.82011 1 1.3401 0.0066975
9.8301 1 1.34988 0.0066962
9.84011 1 1.3401 0.00669625
9.85011 1 1.34988 0.00670141
9.86011 1 1.3401 0.00669485
9.87011 1 1.34988 0.00669375
9.88011 1 1.3401 0.00669563
9.89011 1 1.34988 0.00669479
9.90011 1 1.3401 0.00669646
9.91011 1 1.34988 0.00669631
9.92011 1 1.3401 0.00669662
9.93011 1 1.34988 0.00670204
9.94011 1 1.3401 0.00669776
9.9501 1 1.34988 0.00669714
9.96011 1 1.3401 0.00668021
9.97011 1 1.34988 0.00665448
9.98011 1 1.3401 0.00669235
9.9901 1 1.34988 0.00669459
10.0001 0 0 0.00988542
10.0101 0 0 0.00989537
10.0201 0 0 0.00988875
10.0301 0 0 0.00989631
10.0401 0 0 0.00989276
10.0501 0 0 0.00989084
10.0601 0 0 0.00989297
10.0701 0 0 0.00989808
10.0802 0 0 0.00984594
10.0901 0 0 0.0098899
10.1001 0 0 0.00989224
10.1101 0 0 0.00989829
10.1201 0 0 0.00989297
10.1301 0 0 0.00989256
10.1401 0 0 0.00989256
10.1501 0 0 0.0098974
10.1601 0 0 0.00989193
10.1701 0 0 0.00989495
10.1801 0 0 0.00989698
10.1901 0 0 0.0098861
10.2001 0 0 0.00989506
10.2101 0 0 0.00989579
10.2201 0 0 0.00989761
10.2301 0 0 0.00989828
