1.146e-06 2 0.37188 0.0067475
0.0102566 2 0.45012 0.00680068
0.020142 2 0.7533 0.00679589
0.030116 2 1.10538 0.00680979
0.0401054 2 1.5846 0.00681344
0.0501067 2 2.0247 0.00681641
0.0601051 2 2.5137 0.00682193
0.0701004 2 2.88534 0.00681844
0.0801044 2 3.22764 0.00681802
0.0901045 2 3.41346 0.00681807
0.100171 2 3.5406 0.00681958
0.110105 2 3.4917 0.00681714
0.120105 2 3.40368 0.00680953
0.130104 2 3.15918 0.00681698
0.140105 2 2.92446 0.00682427
0.150121 2 2.60172 0.00681438
0.160109 2 2.33766 0.0068137
0.17011 2 2.04426 0.00681656
0.180105 2 1.84866 0.00682141
0.190106 2 1.66284 0.00681677
0.200105 2 1.61394 0.00681672
0.2101 2 1.5846 0.00681635
0.220117 2 1.67262 0.00681219
0.23011 2 1.76064 0.00670344
0.240112 2 1.94646 0.00680349
0.250105 2 2.09316 0.00681729
0.260105 2 2.30832 0.00682412
0.270105 2 2.44524 0.00681943
0.280105 2 2.6115 0.00681964
0.290105 2 2.68974 0.00682047
0.300104 2 2.78754 0.00681937
0.310105 2 2.76798 0.00681641
0.320105 2 2.76798 0.00681792
0.330104 2 2.67996 0.00681958
0.340105 2 2.62128 0.00682453
0.350104 2 2.48436 0.00681807
0.360105 2 2.40612 0.0068199
0.370104 2 2.25942 0.00682057
0.380105 2 2.20074 0.00682234
0.390103 2 2.09316 0.00681943
0.400104 2 2.08338 0.00677505
0.410105 2 2.03448 0.00681724
0.420116 2 2.0736 0.00681958
0.430104 2 2.08338 0.00681573
0.440105 2 2.16162 0.00681625
0.450107 2 2.20074 0.00682021
0.460106 2 2.29854 0.00682365
0.470104 2 2.33766 0.00681927
0.480104 2 2.42568 0.00681938
0.490105 2 2.44524 0.00681995
0.500104 2 2.50392 0.00671797
0.510113 2 2.49414 0.0068213
0.520105 2 2.5137 0.00682255
0.530104 2 2.47458 0.00682479
0.540104 2 2.47458 0.00683016
0.550104 2 2.40612 0.0068188
0.560108 2 2.39634 0.00682438
0.570104 2 2.3181 0.00682386
0.580104 2 2.30832 0.00682693
0.590106 2 2.24964 0.00682417
0.600104 2 2.24964 0.00677302
0.610106 2 2.21052 0.00682182
0.620111 2 2.23986 0.00681906
0.630111 2 2.2203 0.00680938
0.640109 2 2.2692 0.00682161
0.650105 2 2.25942 0.00682104
0.660104 2 2.3181 0.00682625
0.670104 2 2.3181 0.00682151
0.680105 2 2.367 0.0068249
0.690104 2 2.35722 0.00682511
0.700104 2 2.40612 0.0068274
0.710152 2 2.37678 0.00682474
0.720103 2 2.4159 0.00682386
0.730104 2 2.37678 0.00682422
0.740104 2 2.39634 0.00682964
0.750104 2 2.35722 0.00682432
0.760105 2 2.367 0.00682396
0.770103 2 2.32788 0.00682412
0.780105 2 2.33766 0.00682922
0.790104 2 2.29854 0.00682427
0.800108 2 2.3181 0.00682219
0.810151 2 2.27898 0.00682469
0.820114 2 2.30832 0.00682208
0.830107 2 2.27898 0.00682229
0.840106 2 2.30832 0.00682484
0.850104 2 2.28876 0.00682453
0.860104 2 2.32788 0.006825
0.870104 2 2.30832 0.00682083
0.880105 2 2.34744 0.00682552
0.890105 2 2.32788 0.00682177
0.900105 2 2.367 0.00682802
0.910104 2 2.33766 0.00582344
0.920105 2 2.367 0.00682526
0.930105 2 2.34744 0.0068237
0.940104 2 2.367 0.00682875
0.950104 2 2.32788 0.00682542
0.960103 2 2.35722 0.00682484
0.970104 2 2.32788 0.00682427
0.980104 2 2.34744 0.00682813
0.990108 2 2.3181 0.00681365
1.00011 2 2.33766 0.00681755
1.01011 2 2.30832 0.00681526
1.02012 2 2.32788 0.00681281
1.03011 2 2.29854 0.00682177
1.0401 2 2.32788 0.00682276
1.0501 2 2.30832 0.00682193
1.0601 2 2.34744 0.00682766
1.07011 2 2.3181 0.00682063
1.08011 2 2.34744 0.00682547
1.09011 2 2.32788 0.00682667
1.10011 2 2.35722 0.00682948
1.1101 2 2.32788 0.00677599
1.12011 2 2.35722 0.00682406
1.1301 2 2.32788 0.00682229
1.1401 2 2.35722 0.00682224
1.1501 2 2.32788 0.00682386
1.1601 2 2.34744 0.0068025
1.17011 2 2.3181 0.00682354
1.1801 2 2.34744 0.00682896
1.19011 2 2.3181 0.00682349
1.20011 2 2.34744 0.0068213
1.21011 2 2.3181 0.00682615
1.22011 2 2.34744 0.00682167
1.23011 2 2.3181 0.00682182
1.2401 2 2.33766 0.00682271
1.2501 2 2.3181 0.00682432
1.2601 2 2.34744 0.00682021
1.2701 2 2.3181 0.00682276
1.2801 2 2.34744 0.00681833
1.2901 2 2.3181 0.00682401
1.30011 2 2.34744 0.0068274
1.3101 2 2.32788 0.00682318
1.32015 2 2.34744 0.00682469
1.33011 2 2.32788 0.00682412
1.3401 2 2.34744 0.00682953
1.3501 2 2.3181 0.00682448
1.3601 2 2.34744 0.00682287
1.3701 2 2.3181 0.00682505
1.3801 2 2.34744 0.00682391
1.3901 2 2.3181 0.00682323
1.4001 2 2.34744 0.00682469
1.4101 2 2.3181 0.00682432
1.42016 2 2.34744 0.00681734
1.4301 2 2.3181 0.00682417
1.44012 2 2.34744 0.00675474
1.45021 2 2.3181 0.00665943
1.46023 2 2.34744 0.00673948
1.47023 2 2.30832 0.00666745
1.48023 2 2.33766 0.00670661
1.49021 2 2.30832 0.00673943
1.50017 2 2.33766 0.00678412
1.51015 2 2.30832 0.00666557
1.52048 2 2.34744 0.00676995
1.53013 2 2.3181 0.00675615
1.54012 2 2.34744 0.00678083
1.55012 2 2.32788 0.0067525
1.56013 2 2.34744 0.00677208
1.57013 2 2.32788 0.00575974
1.58013 2 2.35722 0.00676641
1.59013 2 2.32788 0.00674412
1.60012 2 2.35722 0.00678125
1.61013 2 2.32788 0.00677177
1.62014 2 2.34744 0.00679271
1.63012 2 2.3181 0.00679735
1.64012 2 2.34744 0.00679787
1.65013 2 2.3181 0.00682094
1.6601 2 2.34744 0.00685625
1.67009 2 2.30832 0.00585969
1.68009 2 2.34744 0.00686208
1.69009 2 2.3181 0.00686141
1.70009 2 2.33766 0.0068549
1.71009 2 2.3181 0.00686021
1.72009 2 2.34744 0.00686333
1.73009 2 2.3181 0.00686469
1.74009 2 2.34744 0.00686281
1.75009 2 2.3181 0.00686375
1.76009 2 2.34744 0.00686349
1.77009 2 2.3181 0.0068649
1.78009 2 2.34744 0.00686313
1.79009 2 2.32788 0.00686396
1.80009 2 2.34744 0.00586313
1.81009 2 2.32788 0.00686349
1.82009 2 2.34744 0.00684125
1.83009 2 2.3181 0.00585641
1.84009 2 2.34744 0.00686255
1.85009 2 2.3181 0.0068637
1.86009 2 2.34744 0.0068625
1.87009 2 2.3181 0.00686281
1.88009 2 2.34744 0.00686167
1.89009 2 2.3181 0.00686281
1.90009 2 2.34744 0.00686448
1.91009 2 2.3181 0.00686365
1.92009 2 2.34744 0.00686448
1.93009 2 2.32788 0.0068638
1.94009 2 2.34744 0.00686563
1.95009 2 2.3181 0.00686484
1.96009 2 2.34744 0.00686464
1.97009 2 2.32788 0.00686422
1.98009 2 2.34744 0.00686292
1.99009 2 2.32788 0.0068638
2.00013 2 2.34744 0.00681391
2.01011 2 2.32788 0.00685953
2.02009 2 2.34744 0.00683578
2.03009 2 2.3181 0.00685839
2.04009 2 2.34744 0.0068476
2.0501 2 2.3181 0.00585979
2.06009 2 2.34744 0.00685912
2.07009 2 2.3181 0.0068625
2.08009 2 2.34744 0.00686047
2.09009 2 2.32788 0.00686021
2.10009 2 2.34744 0.00686422
2.11009 2 2.32788 0.00686505
2.12009 2 2.34744 0.00685912
2.13009 2 2.32788 0.00686255
2.14009 2 2.34744 0.00686115
2.15009 2 2.32788 0.00686432
2.16009 2 2.34744 0.0068363
2.17009 2 2.3181 0.0068611
2.18009 2 2.34744 0.00686136
2.19009 2 2.32788 0.00686297
2.20009 2 2.34744 0.0068624
2.21009 2 2.3181 0.00685672
2.22009 2 2.34744 0.00684089
2.23009 2 2.3181 0.00585797
2.24009 2 2.33766 0.00686266
2.25009 2 2.3181 0.00686057
2.26009 2 2.33766 0.00686297
2.27009 2 2.3181 0.00686229
2.28009 2 2.33766 0.0068637
2.29009 2 2.3181 0.00686432
2.30009 2 2.34744 0.00685839
2.31009 2 2.3181 0.00683667
2.32009 2 2.34744 0.00586302
2.33027 2 2.3181 0.00681276
2.34011 2 2.34744 0.00682729
2.35011 2 2.32788 0.0068238
2.3601 2 2.34744 0.006825
2.3701 2 2.32788 0.00682443
2.3801 2 2.34744 0.00682901
2.3901 2 2.3181 0.00682297
2.4001 2 2.34744 0.006825
2.4101 2 2.3181 0.00682307
2.4201 2 2.34744 0.00681042
2.43016 2 2.32788 0.00682167
2.44011 2 2.34744 0.00682266
2.4501 2 2.32788 0.0068199
2.4601 2 2.34744 0.0068224
2.4701 2 2.32788 0.00682245
2.4801 2 2.34744 0.00682386
2.4901 2 2.3181 0.0068251
2.5001 2 2.34744 0.00682896
2.5101 2 2.32788 0.00682339
2.5201 2 2.34744 0.00682334
2.5301 2 2.3181 0.00582203
2.5401 2 2.34744 0.00682339
2.5501 2 2.32788 0.00682438
2.5601 2 2.34744 0.00682318
2.5701 2 2.32788 0.00682365
2.5801 2 2.34744 0.00682276
2.59011 2 2.32788 0.0068237
2.60011 2 2.34744 0.00682302
2.61013 2 2.3181 0.00674776
2.62013 2 2.34744 0.00681917
2.63012 2 2.3181 0.0067961
2.64011 2 2.34744 0.00682047
2.65011 2 2.3181 0.00682365
2.66011 2 2.34744 0.00681646
2.67011 2 2.32788 0.00681828
2.68011 2 2.34744 0.00682323
2.6901 2 2.32788 0.00682276
2.7001 2 2.34744 0.0068275
2.7101 2 2.32788 0.00682354
2.72011 2 2.34744 0.00682469
2.7301 2 2.32788 0.00677167
2.74011 2 2.34744 0.0068274
2.7501 2 2.32788 0.00682182
2.76011 2 2.34744 0.00682281
2.7701 2 2.32788 0.00682365
2.7801 2 2.34744 0.00682932
2.7901 2 2.32788 0.0068238
2.80011 2 2.34744 0.00682219
2.8101 2 2.32788 0.0068224
2.8201 2 2.33766 0.00682667
2.83012 2 2.32788 0.0067637
2.84011 2 2.34744 0.00681198
2.8501 2 2.32788 0.00682432
2.86011 2 2.34744 0.00682724
2.8701 2 2.32788 0.00682531
2.8801 2 2.34744 0.00681964
2.89011 2 2.32788 0.0068236
2.9001 2 2.34744 0.00682755
2.9101 2 2.32788 0.00682453
2.9201 2 2.34744 0.00682438
2.9301 2 2.32788 0.00682459
2.94015 2 2.34744 0.00682854
2.9501 2 2.32788 0.00675292
2.96012 2 2.34744 0.00681219
2.97011 2 2.32788 0.00682063
2.9801 2 2.34744 0.00682958
2.9901 2 2.32788 0.00682354
3.0001 2 2.33766 0.00678771
3.01011 2 2.32788 0.00682099
3.02011 2 2.34744 0.0068262
3.03012 2 2.32788 0.00681109
3.04017 2 2.34744 0.00682125
3.05011 2 2.32788 0.00682276
3.0601 2 2.34744 0.00682828
3.07011 2 2.32788 0.00681261
3.08011 2 2.34744 0.00682307
3.09011 2 2.32788 0.00682281
3.1001 2 2.34744 0.00682844
3.1101 2 2.32788 0.00682318
3.1201 2 2.34744 0.00682339
3.13011 2 2.32788 0.00682589
3.14011 2 2.34744 0.00682698
3.15011 2 2.32788 0.00682422
3.1601 2 2.34744 0.00682443
3.17011 2 2.32788 0.00681714
3.18011 2 2.33766 0.00682667
3.19011 2 2.32788 0.00682339
3.2001 2 2.34744 0.00682141
3.21011 2 2.32788 0.00682391
3.22011 2 2.34744 0.00682787
3.23012 2 2.32788 0.00681099
3.24011 2 2.34744 0.00681896
3.25011 2 2.32788 0.00682151
3.2601 2 2.34744 0.00679734
3.27011 2 2.32788 0.00680886
3.28011 2 2.34744 0.00682255
3.29011 2 2.32788 0.00682266
3.3001 2 2.34744 0.0068238
3.31011 2 2.32788 0.00682417
3.32011 2 2.34744 0.00682406
3.3301 2 2.32788 0.00682479
3.3401 2 2.33766 0.00682485
3.3501 2 2.32788 0.00682396
3.3601 2 2.34744 0.0068238
3.3701 2 2.32788 0.00682406
3.38011 2 2.34744 0.00682599
3.39011 2 2.3181 0.00679334
3.40011 2 2.34744 0.00682391
3.4101 2 2.32788 0.00682558
3.4201 2 2.33766 0.00682922
3.43011 2 2.32788 0.0068212
3.44011 2 2.34744 0.00682089
3.4501 2 2.32788 0.00682349
3.4601 2 2.34744 0.00682813
3.47011 2 2.32788 0.00682354
3.4801 2 2.34744 0.00682271
3.4901 2 2.32788 0.00682427
3.50011 2 2.34744 0.00682953
3.5101 2 2.32788 0.00682365
3.5201 2 2.34744 0.00682474
3.5301 2 2.32788 0.00682495
3.54011 2 2.33766 0.00678115
3.55011 2 2.32788 0.00682427
3.5601 2 2.34744 0.00682417
3.5701 2 2.32788 0.006825
3.5801 2 2.33766 0.00683047
3.5901 2 2.32788 0.00682323
3.6001 2 2.34744 0.00682469
3.6101 2 2.32788 0.00682323
3.6201 2 2.34744 0.00682859
3.63011 2 2.32788 0.0068175
3.64011 2 2.34744 0.00677703
3.65011 2 2.32788 0.00679422
3.66011 2 2.34744 0.00682823
3.6701 2 2.32788 0.00681896
3.68011 2 2.33766 0.00682156
3.6901 2 2.32788 0.00682469
3.7001 2 2.33766 0.00682714
3.7101 2 2.32788 0.00682417
3.7201 2 2.34744 0.00682323
3.7301 2 2.32788 0.00682401
3.7401 2 2.34744 0.00682964
3.75015 2 2.32788 0.00682391
3.7601 2 2.34744 0.00682443
3.7701 2 2.32788 0.00682433
3.7801 2 2.34744 0.00682891
3.7901 2 2.32788 0.00682401
3.80011 2 2.34744 0.0068225
3.81011 2 2.32788 0.00682354
3.8201 2 2.34744 0.00682938
3.83011 2 2.32788 0.00681224
3.84011 2 2.34744 0.00682151
3.85015 2 2.32788 0.00682354
3.8601 2 2.34744 0.00682104
3.87011 2 2.32788 0.00682302
3.8801 2 2.34744 0.00682365
3.8901 2 2.32788 0.00682333
3.9001 2 2.34744 0.00682802
3.9101 2 2.32788 0.00679875
3.9201 2 2.33766 0.00682396
3.9301 2 2.32788 0.00682354
3.9401 2 2.34744 0.00682865
3.95015 2 2.32788 0.00682495
3.96011 2 2.34744 0.00682438
3.9701 2 2.32788 0.00682474
3.9801 2 2.34744 0.00682927
3.9901 2 2.32788 0.00682412
4.0001 2 2.33766 0.00682318
4.01011 2 2.32788 0.00666969
4.02013 2 2.34744 0.00681386
4.03012 2 2.32788 0.00681021
4.04011 2 2.33766 0.00677959
4.05017 2 2.32788 0.00678542
4.06011 2 2.33766 0.00682406
4.07011 2 2.32788 0.00682104
4.0801 2 2.33766 0.006825
4.0901 2 2.32788 0.00682386
4.10011 2 2.34744 0.00682709
4.1101 2 2.32788 0.00682485
4.1201 2 2.34744 0.0068238
4.1301 2 2.32788 0.0068224
4.1401 2 2.34744 0.00682802
4.1501 2 2.32788 0.00682209
4.1601 2 2.34744 0.00682417
4.17011 2 2.32788 0.00681781
4.18011 2 2.33766 0.0068286
4.1901 2 2.32788 0.00682323
4.2001 2 2.33766 0.00682344
4.2101 2 2.32788 0.00682438
4.2201 2 2.33766 0.00682058
4.23012 2 2.32788 0.0068113
4.24011 2 2.34744 0.00682177
4.2501 2 2.32788 0.00681781
4.2601 2 2.33766 0.00682808
4.27011 2 2.32788 0.0068236
4.2801 2 2.34744 0.0068225
4.2901 2 2.32788 0.00682255
4.3001 2 2.34744 0.00683089
4.31011 2 2.32788 0.00682354
4.3201 2 2.33766 0.00682401
4.33011 2 2.32788 0.00682422
4.3401 2 2.33766 0.00682844
4.3501 2 2.32788 0.00677833
4.36011 2 2.33766 0.006825
4.3701 2 2.32788 0.00682302
4.3801 2 2.34744 0.00682792
4.3901 2 2.32788 0.00681578
4.40011 2 2.33766 0.00682339
4.4101 2 2.32788 0.00682406
4.4201 2 2.34744 0.00682891
4.43012 2 2.32788 0.00681625
4.44011 2 2.33766 0.00682125
4.45011 2 2.32788 0.00682297
4.46015 2 2.33766 0.00682782
4.47011 2 2.32788 0.00682406
4.4801 2 2.33766 0.00682318
4.4901 2 2.32788 0.00682448
4.5001 2 2.33766 0.00682875
4.5101 2 2.32788 0.00682318
4.5201 2 2.33766 0.00682318
4.5301 2 2.32788 0.00682448
4.5401 2 2.33766 0.00682813
4.5501 2 2.32788 0.00682162
4.56015 2 2.33766 0.00682516
4.5701 2 2.32788 0.00682427
4.5801 2 2.33766 0.00681599
4.59011 2 2.32788 0.00682407
4.6001 2 2.33766 0.00682443
4.6101 2 2.32788 0.00682401
4.6201 2 2.33766 0.00682974
4.63012 2 2.32788 0.00679761
4.64012 2 2.33766 0.00681287
4.65011 2 2.32788 0.00682235
4.66016 2 2.34744 0.0068274
4.67011 2 2.32788 0.00682333
4.6801 2 2.33766 0.00681901
4.6901 2 2.32788 0.00682396
4.7001 2 2.33766 0.00682636
4.7101 2 2.32788 0.0068213
4.72011 2 2.33766 0.00682297
4.7301 2 2.32788 0.00682365
4.7401 2 2.33766 0.00682865
4.7501 2 2.32788 0.00682328
4.7601 2 2.33766 0.00682318
4.77011 2 2.32788 0.00682396
4.7801 2 2.33766 0.00682891
4.7901 2 2.32788 0.00682443
4.80011 2 2.33766 0.00682271
4.81011 2 2.32788 0.00682344
4.8201 2 2.33766 0.0068299
4.83012 2 2.32788 0.0068138
4.84011 2 2.33766 0.0068113
4.85011 2 2.32788 0.00681771
4.86011 2 2.33766 0.0068238
4.8701 2 2.32788 0.00682188
4.8801 2 2.33766 0.00682433
4.8901 2 2.32788 0.00682209
4.9001 2 2.33766 0.00682808
4.9101 2 2.32788 0.00682282
4.9201 2 2.33766 0.00682479
4.9301 2 2.32788 0.00682438
4.9401 2 2.33766 0.00682688
4.9501 2 2.32788 0.00681365
4.9601 2 2.33766 0.00677563
4.97011 2 2.32788 0.00682266
4.9801 2 2.33766 0.00682724
4.9901 2 2.32788 0.00682406
5.0001 2 2.33766 0.0068238
5.0101 2 2.32788 0.00679995
5.02011 2 2.33766 0.0068262
5.03011 2 2.32788 0.00681495
5.04011 2 2.33766 0.00682146
5.0501 2 2.32788 0.00682407
5.0601 2 2.33766 0.00682589
5.07015 2 2.32788 0.00682183
5.0801 2 2.32788 0.00682323
5.09011 2 2.32788 0.00682453
5.1001 2 2.33766 0.00682969
5.1101 2 2.32788 0.00682391
5.1201 2 2.33766 0.00682365
5.1301 2 2.32788 0.00682396
5.1401 2 2.33766 0.00682849
5.1501 2 2.32788 0.00682495
5.1601 2 2.33766 0.00682453
5.17016 2 2.32788 0.00681792
5.18011 2 2.33766 0.00682813
5.1901 2 2.32788 0.00682386
5.2001 2 2.33766 0.00682453
5.2101 2 2.32788 0.00682443
5.2201 2 2.33766 0.00682844
5.23011 2 2.32788 0.00681255
5.24011 2 2.33766 0.00682276
5.25011 2 2.32788 0.00682443
5.2601 2 2.33766 0.00678813
5.27011 2 2.32788 0.00681896
5.2801 2 2.33766 0.00682334
5.29011 2 2.32788 0.00682334
5.30011 2 2.33766 0.00682724
5.31011 2 2.32788 0.00682459
5.3201 2 2.33766 0.00682443
5.3301 2 2.32788 0.00682266
5.3401 2 2.33766 0.00682907
5.35011 2 2.32788 0.0068238
5.3601 2 2.33766 0.00682401
5.3701 2 2.32788 0.00682193
5.38011 2 2.33766 0.00682052
5.3901 2 2.32788 0.00682438
5.4001 2 2.33766 0.00682375
5.4101 2 2.32788 0.00682412
5.4201 2 2.33766 0.00682974
5.43012 2 2.32788 0.00681547
5.44011 2 2.33766 0.00682276
5.45011 2 2.32788 0.00682245
5.4601 2 2.33766 0.00682724
5.47011 2 2.32788 0.0068238
5.4801 2 2.33766 0.00682313
5.4901 2 2.32788 0.00682422
5.5001 2 2.33766 0.00682896
5.5101 2 2.32788 0.00682375
5.5201 2 2.33766 0.00679625
5.53011 2 2.32788 0.00682334
5.54011 2 2.33766 0.00682964
5.5501 2 2.32788 0.0068249
5.5601 2 2.33766 0.00682406
5.5701 2 2.32788 0.0067788
5.58011 2 2.32788 0.00682797
5.5901 2 2.32788 0.00682511
5.6001 2 2.33766 0.00682464
5.6101 2 2.32788 0.0068249
5.6201 2 2.33766 0.00682912
5.63011 2 2.32788 0.00682177
5.64011 2 2.33766 0.0068237
5.6501 2 2.32788 0.00682313
5.6601 2 2.33766 0.00682709
5.6701 2 2.32788 0.00677354
5.6801 2 2.33766 0.0068238
5.6901 2 2.32788 0.00682307
5.7001 2 2.33766 0.00682849
5.7101 2 2.32788 0.006825
5.7201 2 2.33766 0.00682386
5.7301 2 2.32788 0.006825
5.7401 2 2.32788 0.00682755
5.7501 2 2.32788 0.00682193
5.76011 2 2.33766 0.00675453
5.77018 2 2.32788 0.00671396
5.7802 2 2.33766 0.00669448
5.79021 2 2.32788 0.00667719
5.80303 2 2.34744 0.00369953
5.8102 2 2.32788 0.00672646
5.82019 2 2.33766 0.00678771
5.83014 2 2.32788 0.00675328
5.84016 2 2.33766 0.00674078
5.85014 2 2.32788 0.00674766
5.86014 2 2.33766 0.00675542
5.87014 2 2.32788 0.00674844
5.88013 2 2.33766 0.00676927
5.89013 2 2.32788 0.00676485
5.90013 2 2.33766 0.00675906
5.91013 2 2.32788 0.00676651
5.92015 2 2.33766 0.00678214
5.93013 2 2.32788 0.00678141
5.94013 2 2.33766 0.00678125
5.95013 2 2.32788 0.00678203
5.96013 2 2.32788 0.00678542
5.97014 2 2.32788 0.00676365
5.98012 2 2.33766 0.00679281
5.99012 2 2.32788 0.00683037
6.0001 2 2.33766 0.00685584
6.01009 2 2.32788 0.00686214
6.02009 2 2.32788 0.00686344
6.03009 2 2.32788 0.00683308
6.04009 2 2.34744 0.00586328
6.05008 2 2.32788 0.00686672
6.06009 2 2.32788 0.00686594
6.07008 2 2.32788 0.00686365
6.08009 2 2.32788 0.00686261
6.09008 2 2.32788 0.00686427
6.10009 2 2.32788 0.00686599
6.11009 2 2.32788 0.00685297
6.12009 2 2.33766 0.00686297
6.13009 2 2.32788 0.00686334
6.14009 2 2.33766 0.00686328
6.15009 2 2.32788 0.00686084
6.16009 2 2.33766 0.00686349
6.17009 2 2.32788 0.00685938
6.18009 2 2.33766 0.00685974
6.19009 2 2.32788 0.00686282
6.20009 2 2.33766 0.00686537
6.21008 2 2.32788 0.00686464
6.22009 2 2.32788 0.00686604
6.23009 2 2.32788 0.00683938
6.24009 2 2.33766 0.00586136
6.25009 2 2.32788 0.00686656
6.26008 2 2.32788 0.00686516
6.27008 2 2.32788 0.00686136
6.28009 2 2.32788 0.00686256
6.29008 2 2.32788 0.00686589
6.30008 2 2.33766 0.00686089
6.31009 2 2.33766 0.00686344
6.32009 2 2.33766 0.00686021
6.33009 2 2.33766 0.00686401
6.34009 2 2.33766 0.00686328
6.35009 2 2.33766 0.00686532
6.36009 2 2.33766 0.00686511
6.37009 2 2.33766 0.00686521
6.38009 2 2.33766 0.00686578
6.39009 2 2.32788 0.00686396
6.40009 2 2.33766 0.00686516
6.41009 2 2.32788 0.00686547
6.42009 2 2.32788 0.00686422
6.43008 2 2.32788 0.0068462
6.44009 2 2.33766 0.00586245
6.45008 2 2.32788 0.00686474
6.46008 2 2.32788 0.00686568
6.47008 2 2.32788 0.00685453
6.48009 2 2.32788 0.00686292
6.49008 2 2.32788 0.00686578
6.50008 2 2.33766 0.00686042
6.51009 2 2.33766 0.00686084
6.52008 2 2.33766 0.00686459
6.53008 2 2.33766 0.00686115
6.54009 2 2.33766 0.00686266
6.55009 2 2.33766 0.0068636
6.56009 2 2.33766 0.00686516
6.57009 2 2.33766 0.00686604
6.58009 2 2.33766 0.00684839
6.59009 2 2.32788 0.00686256
6.60009 2 2.33766 0.0068637
6.61009 2 2.32788 0.00686511
6.62009 2 2.32788 0.00686266
6.63009 2 2.32788 0.00658532
6.64009 2 2.33766 0.00586104
6.65008 2 2.32788 0.00686396
6.66008 2 2.32788 0.00686656
6.67008 2 2.32788 0.00686766
6.68008 2 2.32788 0.0068599
6.6901 2 2.32788 0.00682584
6.7001 2 2.33766 0.00683011
6.7101 2 2.32788 0.00682386
6.7201 2 2.33766 0.00682532
6.7301 2 2.32788 0.00682406
6.7401 2 2.33766 0.00682214
6.7501 2 2.33766 0.00682448
6.7601 2 2.33766 0.00682594
6.7701 2 2.33766 0.00682599
6.7801 2 2.33766 0.0067824
6.7901 2 2.33766 0.00682292
6.80012 2 2.33766 0.00681875
6.81011 2 2.32788 0.00682339
6.82011 2 2.32788 0.00682933
6.8301 2 2.32788 0.00670339
6.84011 2 2.32788 0.00680271
6.85011 2 2.32788 0.00678656
6.86011 2 2.32788 0.00682922
6.8701 2 2.32788 0.00682417
6.8801 2 2.32788 0.00681922
6.89016 2 2.32788 0.00682172
6.9001 2 2.33766 0.00682771
6.91011 2 2.32788 0.00682188
6.9201 2 2.33766 0.00682406
6.9301 2 2.32788 0.00682355
6.9401 2 2.32788 0.00681469
6.9501 2 2.32788 0.00682521
6.9601 2 2.32788 0.00682422
6.9701 2 2.32788 0.00682532
6.9801 2 2.32788 0.00683052
6.9901 2 2.32788 0.00682537
7.0001 2 2.32788 0.00682636
7.01014 2 2.32788 0.00681209
7.02012 2 2.32788 0.00682787
7.03011 2 2.33766 0.00682417
7.04012 2 2.33766 0.00681651
7.05011 2 2.32788 0.00680573
7.0601 2 2.32788 0.00682792
7.0701 2 2.32788 0.00680334
7.0801 2 2.32788 0.00682099
7.09011 2 2.32788 0.00682177
7.1001 2 2.32788 0.0068287
7.1101 2 2.32788 0.00681506
7.12011 2 2.33766 0.00682276
7.13011 2 2.33766 0.00682141
7.1401 2 2.32788 0.0068286
7.1501 2 2.32788 0.00682401
7.1601 2 2.33766 0.00682308
7.17012 2 2.32788 0.00682058
7.18011 2 2.33766 0.00682813
7.19011 2 2.33766 0.00682094
7.20011 2 2.33766 0.00682391
7.21011 2 2.33766 0.00682214
7.2201 2 2.33766 0.00683068
7.2301 2 2.33766 0.0068224
7.24012 2 2.32788 0.00681136
7.2501 2 2.33766 0.00682631
7.2601 2 2.32788 0.00682844
7.2701 2 2.32788 0.00682844
7.2801 2 2.32788 0.00682563
7.2901 2 2.32788 0.00677037
7.3001 2 2.32788 0.00682203
7.3101 2 2.32788 0.00682308
7.3201 2 2.32788 0.00682526
7.3301 2 2.32788 0.00682438
7.3401 2 2.32788 0.00683052
7.3501 2 2.33766 0.00682339
7.3601 2 2.33766 0.00682636
7.3701 2 2.32788 0.00682625
7.3801 2 2.33766 0.00682667
7.39011 2 2.33766 0.00682589
7.40015 2 2.33766 0.00682391
7.4101 2 2.32788 0.00682573
7.4201 2 2.32788 0.00682917
7.4301 2 2.33766 0.00682563
7.44012 2 2.32788 0.00682693
7.4501 2 2.32788 0.00682839
7.4601 2 2.32788 0.00683532
7.4701 2 2.32788 0.00682677
7.4801 2 2.32788 0.0068249
7.4901 2 2.33766 0.00682349
7.5001 2 2.33766 0.00582427
7.5101 2 2.33766 0.00682552
7.5201 2 2.32788 0.00682516
7.5301 2 2.33766 0.00682407
7.5401 2 2.33766 0.00683026
7.5501 2 2.33766 0.00682506
7.5601 2 2.32788 0.00682433
7.5701 2 2.32788 0.00682558
7.5801 2 2.32788 0.00682703
7.5901 2 2.32788 0.00682495
7.6001 2 2.32788 0.00682188
7.6101 2 2.32788 0.00682516
7.62013 2 2.32788 0.00681146
7.63012 2 2.33766 0.00681797
7.64012 2 2.32788 0.00682188
7.65011 2 2.33766 0.00682188
7.6601 2 2.32788 0.00682823
7.6701 2 2.33766 0.00680761
7.6801 2 2.32788 0.0068225
7.6901 2 2.32788 0.00682136
7.7001 2 2.32788 0.00675865
7.7101 2 2.33766 0.00682282
7.72011 2 2.32788 0.00682422
7.7301 2 2.33766 0.00682641
7.7401 2 2.32788 0.00683052
7.7501 2 2.33766 0.00682474
7.7601 2 2.32788 0.00682313
7.7701 2 2.33766 0.00682438
7.7801 2 2.32788 0.00683073
7.7901 2 2.33766 0.00682037
7.80032 2 2.32788 0.00677047
7.81011 2 2.33766 0.00682438
7.8201 2 2.32788 0.00682823
7.8301 2 2.33766 0.00682224
7.84012 2 2.32788 0.00682542
7.8501 2 2.33766 0.00682125
7.8601 2 2.32788 0.0068311
7.8701 2 2.33766 0.00682641
7.8801 2 2.32788 0.00681844
7.8901 2 2.33766 0.00682157
7.90011 2 2.32788 0.00682917
7.91016 2 2.33766 0.00682245
7.92011 2 2.32788 0.00682313
7.9301 2 2.33766 0.00682276
7.94011 2 2.32788 0.00682907
7.95011 2 2.32788 0.00682375
7.9601 2 2.32788 0.00682261
7.9701 2 2.33766 0.00682433
7.9801 2 2.32788 0.00682891
7.9901 2 2.33766 0.00678558
8.00011 2 2.33766 0.0068175
8.01016 2 2.33766 0.00682198
8.0201 2 2.32788 0.0068238
8.0301 2 2.33766 0.00682693
8.04012 2 2.32788 0.00682094
8.05011 2 2.33766 0.0068237
8.0601 2 2.32788 0.00683641
8.0701 2 2.33766 0.00682599
8.0801 2 2.32788 0.00682167
8.0901 2 2.33766 0.00682427
8.10011 2 2.32788 0.0068288
8.1101 2 2.33766 0.00682297
8.1201 2 2.32788 0.00508735
8.13017 2 2.32788 0.00679959
8.14012 2 2.32788 0.0068225
8.1501 2 2.33766 0.0068211
8.1601 2 2.32788 0.00682344
8.17012 2 2.33766 0.00680276
8.18011 2 2.32788 0.00681865
8.19011 2 2.32788 0.00682235
8.2001 2 2.32788 0.00682511
8.2101 2 2.33766 0.00681375
8.22011 2 2.32788 0.00682386
8.23011 2 2.33766 0.00682506
8.24012 2 2.32788 0.00682448
8.25011 2 2.33766 0.00682318
8.2601 2 2.32788 0.00682146
8.2701 2 2.33766 0.00682672
8.2801 2 2.32788 0.00682266
8.2901 2 2.33766 0.00681459
8.3001 2 2.32788 0.00682662
8.3101 2 2.33766 0.0067649
8.32011 2 2.32788 0.00682229
8.3301 2 2.33766 0.00682511
8.3401 2 2.32788 0.00683188
8.3501 2 2.32788 0.00682334
8.3601 2 2.32788 0.00682464
8.3701 2 2.33766 0.00682386
8.3801 2 2.32788 0.00682579
8.3901 2 2.33766 0.00682506
8.4001 2 2.32788 0.00682511
8.4101 2 2.32788 0.00682495
8.42015 2 2.32788 0.00682615
8.43011 2 2.33766 0.00682578
8.44012 2 2.32788 0.00682058
8.4501 2 2.33766 0.0068287
8.4601 2 2.32788 0.00683037
8.4701 2 2.33766 0.00682881
8.4801 2 2.32788 0.00682323
8.49011 2 2.33766 0.00682381
8.50011 2 2.32788 0.00682948
8.5101 2 2.33766 0.00682506
8.52015 2 2.32788 0.00682407
8.5301 2 2.33766 0.00682407
8.5401 2 2.32788 0.00683021
8.5501 2 2.33766 0.00681771
8.56011 2 2.32788 0.00682474
8.57011 2 2.33766 0.00682542
8.5801 2 2.32788 0.00681631
8.5901 2 2.33766 0.00682329
8.60011 2 2.32788 0.00682438
8.6101 2 2.33766 0.00682469
8.62015 2 2.32788 0.00681766
8.63011 2 2.33766 0.00681813
8.64012 2 2.32788 0.00682339
8.65011 2 2.33766 0.00682662
8.6601 2 2.32788 0.00683047
8.6701 2 2.33766 0.00682
8.6801 2 2.32788 0.00682422
8.6901 2 2.33766 0.00682349
8.7001 2 2.32788 0.00682907
8.7101 2 2.33766 0.00682386
8.7201 2 2.32788 0.00682229
8.7301 2 2.33766 0.00682542
8.7401 2 2.32788 0.00682881
8.7501 2 2.33766 0.00682506
8.7601 2 2.32788 0.00682391
8.7701 2 2.33766 0.00682459
8.7801 2 2.32788 0.00682969
8.7901 2 2.33766 0.00682532
8.8001 2 2.32788 0.0068211
8.81011 2 2.33766 0.00682542
8.8201 2 2.32788 0.00678042
8.8301 2 2.33766 0.00682516
8.84011 2 2.32788 0.0068237
8.8501 2 2.33766 0.00682745
8.8601 2 2.32788 0.0068336
8.8701 2 2.33766 0.00681948
8.8801 2 2.32788 0.00682172
8.8901 2 2.33766 0.00682318
8.9001 2 2.32788 0.00682928
8.9101 2 2.33766 0.0068249
8.9201 2 2.32788 0.00677412
8.93011 2 2.33766 0.0068173
8.9401 2 2.32788 0.00682912
8.9501 2 2.33766 0.00682547
8.9601 2 2.32788 0.00682495
8.9701 2 2.33766 0.00682422
8.9801 2 2.32788 0.00683084
8.9901 2 2.33766 0.00682495
9.0001 2 2.32788 0.00682605
9.0101 2 2.33766 0.00682266
9.02063 2 2.32788 0.00573542
9.03013 2 2.33766 0.00681526
9.04012 2 2.32788 0.00680954
9.05011 2 2.33766 0.00681454
9.0601 2 2.32788 0.00682167
9.07011 2 2.33766 0.00682313
9.0801 2 2.32788 0.00682532
9.0901 2 2.34744 0.00682266
9.1001 2 2.32788 0.00682698
9.1101 2 2.34744 0.00682422
9.1201 2 2.32788 0.00682448
9.1301 2 2.33766 0.00682021
9.1401 2 2.32788 0.00682969
9.1501 2 2.33766 0.00682323
9.1601 2 2.32788 0.00682412
9.17011 2 2.33766 0.00682136
9.18011 2 2.32788 0.00682719
9.1901 2 2.33766 0.00681459
9.2001 2 2.32788 0.00682355
9.21011 2 2.33766 0.00682428
9.2201 2 2.32788 0.00682901
9.23015 2 2.33766 0.00681469
9.24011 2 2.32788 0.00681573
9.25011 2 2.33766 0.00681849
9.2601 2 2.32788 0.00681464
9.27011 2 2.33766 0.00682178
9.2801 2 2.32788 0.00682235
9.2901 2 2.33766 0.00682511
9.3001 2 2.32788 0.00681782
9.31011 2 2.33766 0.00682079
9.32011 2 2.32788 0.00682433
9.33015 2 2.34744 0.0068223
9.3401 2 2.32788 0.00682818
9.3501 2 2.33766 0.00682391
9.3601 2 2.32788 0.0068211
9.3701 2 2.33766 0.00682474
9.3801 2 2.32788 0.00682615
9.3901 2 2.34744 0.00682532
9.4001 2 2.32788 0.00682323
9.4101 2 2.33766 0.00682448
9.4201 2 2.32788 0.00683032
9.4301 2 2.33766 0.00682485
9.4401 2 2.32788 0.00681933
9.45011 2 2.34744 0.00682308
9.4601 2 2.32788 0.00682594
9.4701 2 2.33766 0.00682146
9.4801 2 2.32788 0.00682151
9.49011 2 2.33766 0.00682365
9.5001 2 2.32788 0.00682719
9.5101 2 2.33766 0.00682417
9.5201 2 2.32788 0.00682349
9.5301 2 2.33766 0.00677594
9.5401 2 2.32788 0.00682704
9.5501 2 2.33766 0.00682448
9.5601 2 2.32788 0.00682495
9.5701 2 2.33766 0.00682495
9.5801 2 2.32788 0.00682933
9.5901 2 2.33766 0.00682589
9.6001 2 2.32788 0.00682506
9.6101 2 2.33766 0.00682506
9.6201 2 2.32788 0.00682954
9.6301 2 2.33766 0.00663901
9.64013 2 2.32788 0.0067949
9.65012 2 2.33766 0.00682006
9.6601 2 2.32788 0.00681724
9.67011 2 2.33766 0.00681688
9.6801 2 2.32788 0.00681016
9.69011 2 2.33766 0.00681901
9.7001 2 2.32788 0.00681318
9.7101 2 2.33766 0.0068212
9.7201 2 2.32788 0.00682396
9.7301 2 2.33766 0.00682464
9.74016 2 2.32788 0.0068275
9.7501 2 2.33766 0.00682511
9.7601 2 2.32788 0.00682453
9.7701 2 2.33766 0.00682339
9.78011 2 2.32788 0.00682974
9.7901 2 2.33766 0.00682375
9.8001 2 2.32788 0.0068225
9.81011 2 2.33766 0.00682235
9.8201 2 2.32788 0.00682761
9.8301 2 2.33766 0.0068148
9.8401 2 2.32788 0.00680683
9.85011 2 2.33766 0.00682172
9.8601 2 2.32788 0.00682276
9.8701 2 2.33766 0.00682292
9.8801 2 2.32788 0.00682329
9.8901 2 2.33766 0.00682287
9.9001 2 2.32788 0.00682834
9.9101 2 2.33766 0.00680271
9.92011 2 2.32788 0.00682313
9.9301 2 2.33766 0.00682568
9.9401 2 2.32788 0.00677485
9.9501 2 2.33766 0.00682308
9.9601 2 2.32788 0.00681464
9.9701 2 2.33766 0.00682375
9.9801 2 2.32788 0.00682985
9.9901 2 2.33766 0.0068248
10.0001 0 0 0.00989464
10.0101 0 0 0.00989761
10.0201 0 0 0.00989917
10.0301 0 0 0.00989896
10.0401 0 0 0.00989771
10.0501 0 0 0.00984719
10.0601 0 0 0.00989016
10.0701 0 0 0.00989328
10.0801 0 0 0.00989688
10.0901 0 0 0.00989521
10.1001 0 0 0.00985922
10.1102 0 0 0.00976417
10.1202 0 0 0.00975662
10.1302 0 0 0.00979245
10.1403 0 0 0.00966959
10.1503 0 0 0.00973105
10.1601 0 0 0.00984344
10.1702 0 0 0.00982886
10.1801 0 0 0.00985089
10.1901 0 0 0.00985407
10.2001 0 0 0.00986172
10.2101 0 0 0.00985969
10.2201 0 0 0.00985224
10.2301 0 0 0.00986224
