1.094e-06 2 0.3621 0.00634078
0.0102772 2 0.48924 0.00642943
0.0201189 2 0.71418 0.00645104
0.0301072 2 1.0956 0.00644927
0.0401048 2 1.50636 0.0064087
0.0501156 2 1.99536 0.00644963
0.0601086 2 2.43546 0.00636958
0.0701082 2 2.84622 0.00645099
0.0801293 2 3.15918 0.00637813
0.0902048 2 3.40368 0.00632646
0.100215 2 3.50148 0.00632891
0.110211 2 3.53082 0.00631463
0.120219 2 3.41346 0.00631734
0.130208 2 3.25698 0.0063551
0.140165 2 2.99292 0.0064112
0.150143 2 2.71908 0.00636802
0.160249 2 2.4159 0.00632932
0.170151 2 2.16162 0.00638927
0.180137 2 1.91712 0.00637146
0.190134 2 1.76064 0.00638344
0.200145 2 1.62372 0.00638995
0.210141 2 1.60416 0.00638594
0.220122 2 1.61394 0.00639187
0.230133 2 1.72152 0.00639948
0.240119 2 1.83888 0.00638604
0.25014 2 2.01492 0.00639068
0.260167 2 2.1714 0.00638318
0.270125 2 2.367 0.00644411
0.280118 2 2.50392 0.00641797
0.290131 2 2.64084 0.00644995
0.300107 2 2.7093 0.00748599
0.310097 2 2.77776 0.00748557
0.320094 2 2.7582 0.00549031
0.330088 2 2.74842 0.00748854
0.340087 2 2.6604 0.00748839
0.350088 2 2.59194 0.00749109
0.360088 2 2.47458 0.00749089
0.370091 2 2.37678 0.00749182
0.380087 2 2.2692 0.00748896
0.390086 2 2.19096 0.00749099
0.400086 2 2.11272 0.00747661
0.410089 2 2.08338 0.00749031
0.420087 2 2.05404 0.0074912
0.430086 2 2.08338 0.00749156
0.440086 2 2.09316 0.00749203
0.450095 2 2.16162 0.00748651
0.460092 2 2.21052 0.00548948
0.470088 2 2.28876 0.0074912
0.480087 2 2.33766 0.00749036
0.490088 2 2.40612 0.00748865
0.500086 2 2.44524 0.00749167
0.510088 2 2.49414 0.00748536
0.520089 2 2.49414 0.00748922
0.530091 2 2.50392 0.00748094
0.540088 2 2.48436 0.00749052
0.550086 2 2.47458 0.00749036
0.560086 2 2.42568 0.00749172
0.570091 2 2.39634 0.00748859
0.580088 2 2.34744 0.00749089
0.590087 2 2.3181 0.00749052
0.600087 2 2.2692 0.00749151
0.610135 2 2.25942 0.00748776
0.620092 2 2.23008 0.00549115
0.630086 2 2.23986 0.0074913
0.640086 2 2.23008 0.00749151
0.650094 2 2.25942 0.00748849
0.660091 2 2.25942 0.00549052
0.670089 2 2.29854 0.00749078
0.680088 2 2.30832 0.00749141
0.690087 2 2.34744 0.00749094
0.700087 2 2.35722 0.00749125
0.710089 2 2.38656 0.00548823
0.720088 2 2.37678 0.00749141
0.730089 2 2.39634 0.00749042
0.740088 2 2.37678 0.00749151
0.750088 2 2.38656 0.0074824
0.760088 2 2.367 0.00749089
0.77009 2 2.367 0.00748963
0.780087 2 2.33766 0.00749094
0.790087 2 2.34744 0.00749125
0.800086 2 2.3181 0.00749151
0.81009 2 2.3181 0.00748307
0.820086 2 2.30832 0.00749146
0.830086 2 2.30832 0.00749115
0.840086 2 2.29854 0.0074912
0.850091 2 2.32788 0.00548953
0.86009 2 2.29854 0.00549047
0.870087 2 2.32788 0.00749078
0.880086 2 2.3181 0.00749146
0.890087 2 2.33766 0.00748922
0.900087 2 2.32788 0.00749115
0.910087 2 2.35722 0.00749094
0.920086 2 2.34744 0.00749172
0.930088 2 2.367 0.00749193
0.940087 2 2.34744 0.00749198
0.950086 2 2.35722 0.00749188
0.960086 2 2.33766 0.00749156
0.970273 2 2.34744 0.00644875
0.980104 2 2.32788 0.00645062
0.990104 2 2.33766 0.00645312
1.0001 2 2.3181 0.00645177
1.01011 2 2.32788 0.00645182
1.02011 2 2.3181 0.00645307
1.0301 2 2.32788 0.00645281
1.0401 2 2.30832 0.00645625
1.05011 2 2.32788 0.00644818
1.06011 2 2.3181 0.00645073
1.07015 2 2.32788 0.00645276
1.08011 2 2.32788 0.00645411
1.0901 2 2.33766 0.00645219
1.10011 2 2.32788 0.00645271
1.11011 2 2.34744 0.00645203
1.1201 2 2.32788 0.00645557
1.13011 2 2.34744 0.00645292
1.1401 2 2.32788 0.00645125
1.15011 2 2.34744 0.00645307
1.1601 2 2.32788 0.00644927
1.17015 2 2.34744 0.00645208
1.1801 2 2.32788 0.00645193
1.1901 2 2.34744 0.00645078
1.2001 2 2.32788 0.00645594
1.21011 2 2.34744 0.0064526
1.22011 2 2.32788 0.00645297
1.2301 2 2.34744 0.00645323
1.2401 2 2.32788 0.00645469
1.25011 2 2.34744 0.00644797
1.26011 2 2.32788 0.00645141
1.27011 2 2.34744 0.00645312
1.28011 2 2.33766 0.00645693
1.2901 2 2.35722 0.0064525
1.3001 2 2.33766 0.00643271
1.31011 2 2.34744 0.00645219
1.32011 2 2.32788 0.00645875
1.33011 2 2.34744 0.00645281
1.3401 2 2.32788 0.00645302
1.3501 2 2.33766 0.00645219
1.3601 2 2.3181 0.00645672
1.37011 2 2.32788 0.00645036
1.38011 2 2.3181 0.00645245
1.3901 2 2.32788 0.00645177
1.4001 2 2.3181 0.00645537
1.41011 2 2.32788 0.00644932
1.42011 2 2.32788 0.00645224
1.4301 2 2.33766 0.0064526
1.4401 2 2.32788 0.00645609
1.45012 2 2.33766 0.00644833
1.46011 2 2.32788 0.00645224
1.47011 2 2.34744 0.00644896
1.4801 2 2.33766 0.00644974
1.4901 2 2.34744 0.00644682
1.50011 2 2.33766 0.00645214
1.5101 2 2.34744 0.0064524
1.5201 2 2.32788 0.00645682
1.53011 2 2.34744 0.00645151
1.54011 2 2.32788 0.00645193
1.5501 2 2.33766 0.00645307
1.56011 2 2.32788 0.00645651
1.57011 2 2.33766 0.00641047
1.58011 2 2.32788 0.0064513
1.59011 2 2.33766 0.00645161
1.6001 2 2.32788 0.0064563
1.61011 2 2.33766 0.00643479
1.62011 2 2.32788 0.00644964
1.63011 2 2.33766 0.00645229
1.6401 2 2.32788 0.00645438
1.65012 2 2.33766 0.00645042
1.66011 2 2.32788 0.00645193
1.67011 2 2.33766 0.00640141
1.68011 2 2.32788 0.00643161
1.69011 2 2.34744 0.00644844
1.70011 2 2.32788 0.00645083
1.71011 2 2.34744 0.0064513
1.72011 2 2.32788 0.00645104
1.73011 2 2.34744 0.00645255
1.74011 2 2.32788 0.00645208
1.75011 2 2.33766 0.00644953
1.7601 2 2.32788 0.00645568
1.77011 2 2.34744 0.00645234
1.78016 2 2.32788 0.00645
1.7901 2 2.33766 0.00645068
1.80011 2 2.32788 0.00645557
1.81011 2 2.33766 0.00645156
1.8201 2 2.32788 0.00645062
1.8301 2 2.33766 0.0064525
1.8401 2 2.32788 0.00645094
1.85011 2 2.33766 0.00644786
1.86011 2 2.32788 0.00645146
1.87011 2 2.33766 0.00644891
1.88016 2 2.32788 0.00645099
1.8901 2 2.33766 0.00645078
1.90011 2 2.32788 0.00644943
1.91011 2 2.33766 0.00645182
1.9201 2 2.32788 0.00645224
1.93011 2 2.34744 0.00643385
1.94011 2 2.32788 0.00645255
1.95011 2 2.33766 0.00645261
1.9601 2 2.32788 0.00645547
1.97011 2 2.33766 0.00645318
1.9801 2 2.32788 0.0054513
1.9901 2 2.33766 0.00643505
2.00015 2 2.32788 0.00636828
2.01016 2 2.33766 0.00644307
2.02011 2 2.32788 0.00644974
2.03011 2 2.33766 0.00645188
2.04011 2 2.32788 0.00645469
2.05012 2 2.33766 0.00644396
2.06011 2 2.32788 0.00644823
2.07011 2 2.33766 0.00645214
2.08011 2 2.32788 0.00644964
2.09011 2 2.33766 0.00644974
2.10011 2 2.32788 0.00645203
2.1101 2 2.33766 0.00644693
2.12011 2 2.32788 0.00645089
2.13011 2 2.33766 0.00645167
2.14011 2 2.32788 0.0064525
2.1501 2 2.33766 0.00645188
2.1601 2 2.32788 0.00645474
2.17011 2 2.33766 0.00645078
2.1801 2 2.32788 0.00644365
2.1901 2 2.33766 0.00644984
2.2001 2 2.32788 0.00645094
2.21011 2 2.33766 0.00645141
2.2201 2 2.32788 0.00645135
2.23011 2 2.33766 0.00645266
2.2401 2 2.32788 0.0064513
2.25012 2 2.33766 0.00644714
2.26011 2 2.32788 0.00645198
2.27011 2 2.33766 0.00645167
2.28011 2 2.32788 0.00639537
2.29011 2 2.33766 0.00644886
2.3001 2 2.32788 0.00645099
2.3101 2 2.33766 0.00645135
2.32011 2 2.32788 0.00645
2.33011 2 2.33766 0.00645307
2.3401 2 2.32788 0.00645297
2.35011 2 2.33766 0.00645203
2.36011 2 2.32788 0.00645563
2.37011 2 2.33766 0.00645313
2.3801 2 2.32788 0.0064537
2.39015 2 2.33766 0.00645229
2.40011 2 2.32788 0.00645495
2.41011 2 2.33766 0.0064524
2.4201 2 2.32788 0.00645109
2.43011 2 2.33766 0.00645156
2.44011 2 2.32788 0.00645073
2.45011 2 2.33766 0.00644849
2.46011 2 2.32788 0.00644885
2.47011 2 2.33766 0.00645026
2.4801 2 2.32788 0.00644943
2.49015 2 2.33766 0.00644948
2.50011 2 2.32788 0.00645052
2.51011 2 2.33766 0.00645177
2.5201 2 2.32788 0.00645797
2.53011 2 2.33766 0.00644849
2.54011 2 2.32788 0.00644448
2.55011 2 2.33766 0.00645161
2.56011 2 2.32788 0.00645047
2.57011 2 2.33766 0.00645266
2.5801 2 2.32788 0.00645042
2.59015 2 2.34744 0.00645094
2.6001 2 2.32788 0.00645537
2.61011 2 2.33766 0.0064188
2.62011 2 2.32788 0.00645125
2.63011 2 2.33766 0.00645083
2.64011 2 2.32788 0.00645609
2.65011 2 2.33766 0.0064474
2.66011 2 2.32788 0.00645063
2.6701 2 2.33766 0.00645208
2.68011 2 2.32788 0.00645021
2.6901 2 2.33766 0.00644766
2.7001 2 2.32788 0.00645
2.71011 2 2.33766 0.00644833
2.72011 2 2.32788 0.00645552
2.73011 2 2.33766 0.00644807
2.74011 2 2.32788 0.00645219
2.7501 2 2.33766 0.00645156
2.7601 2 2.32788 0.00645552
2.77011 2 2.33766 0.00645255
2.7801 2 2.32788 0.00645219
2.7901 2 2.33766 0.00644922
2.80011 2 2.32788 0.00645495
2.81011 2 2.33766 0.00645016
2.82011 2 2.32788 0.00645151
2.8301 2 2.33766 0.00645151
2.8401 2 2.32788 0.00645656
2.85011 2 2.33766 0.00644839
2.86011 2 2.32788 0.00644823
2.87011 2 2.33766 0.00645188
2.88011 2 2.32788 0.00644719
2.89011 2 2.33766 0.00640109
2.90011 2 2.32788 0.00645177
2.91011 2 2.33766 0.00645078
2.92011 2 2.32788 0.00645667
2.93011 2 2.33766 0.00645073
2.94011 2 2.32788 0.00645214
2.9501 2 2.33766 0.00645177
2.96011 2 2.32788 0.0064563
2.97011 2 2.33766 0.00645323
2.9801 2 2.32788 0.00644677
2.9901 2 2.33766 0.0064512
3.0001 2 2.32788 0.00645667
3.01011 2 2.33766 0.00645083
3.0201 2 2.32788 0.00645266
3.0301 2 2.34744 0.00645276
3.0401 2 2.32788 0.00645219
3.05011 2 2.33766 0.00644849
3.06011 2 2.32788 0.00645063
3.0701 2 2.33766 0.00645172
3.0801 2 2.32788 0.00645094
3.0901 2 2.33766 0.00645052
3.10011 2 2.32788 0.00644948
3.11011 2 2.33766 0.00645167
3.1201 2 2.32788 0.00645729
3.13011 2 2.33766 0.00645344
3.1401 2 2.32788 0.00645224
3.15011 2 2.33766 0.00645219
3.16011 2 2.32788 0.00645599
3.17011 2 2.33766 0.00644708
3.1801 2 2.32788 0.00645214
3.19011 2 2.33766 0.00645234
3.20015 2 2.32788 0.00645589
3.21011 2 2.33766 0.00645198
3.2201 2 2.32788 0.00645302
3.2301 2 2.33766 0.00645135
3.2401 2 2.32788 0.00645667
3.25031 2 2.33766 0.00639578
3.26012 2 2.32788 0.00644682
3.27011 2 2.33766 0.00645
3.28011 2 2.32788 0.00645375
3.29011 2 2.33766 0.00645094
3.30018 2 2.32788 0.0064475
3.31011 2 2.33766 0.00645073
3.3201 2 2.32788 0.00645672
3.33011 2 2.33766 0.00645203
3.3401 2 2.32788 0.0064513
3.35011 2 2.33766 0.00645172
3.3601 2 2.32788 0.0064374
3.37011 2 2.33766 0.00645198
3.3801 2 2.32788 0.00645245
3.3901 2 2.33766 0.00645182
3.4001 2 2.32788 0.00545042
3.41011 2 2.33766 0.00645104
3.4201 2 2.32788 0.00644599
3.43011 2 2.33766 0.00645151
3.4401 2 2.32788 0.00645432
3.45011 2 2.33766 0.00642802
3.46012 2 2.32788 0.00644833
3.47011 2 2.33766 0.00644969
3.48011 2 2.32788 0.00642677
3.4901 2 2.33766 0.00645141
3.50011 2 2.32788 0.00644823
3.51011 2 2.33766 0.00644974
3.5201 2 2.32788 0.00645063
3.53011 2 2.33766 0.00645005
3.5401 2 2.32788 0.00645078
3.5501 2 2.33766 0.00645162
3.5601 2 2.32788 0.00645656
3.57011 2 2.33766 0.00645188
3.5801 2 2.32788 0.00645146
3.5901 2 2.33766 0.00645203
3.60011 2 2.32788 0.0063987
3.61012 2 2.33766 0.00642516
3.62012 2 2.32788 0.00645042
3.6301 2 2.33766 0.00645021
3.6401 2 2.32788 0.00644865
3.65011 2 2.33766 0.00642781
3.66011 2 2.32788 0.00644802
3.67011 2 2.33766 0.0064325
3.68011 2 2.32788 0.00644839
3.69011 2 2.33766 0.00645193
3.70011 2 2.32788 0.0063975
3.71011 2 2.33766 0.00645109
3.72011 2 2.32788 0.00644979
3.73011 2 2.33766 0.00642922
3.7401 2 2.32788 0.0064513
3.7501 2 2.33766 0.00645141
3.7601 2 2.32788 0.00645641
3.77011 2 2.33766 0.00645271
3.7801 2 2.32788 0.00645073
3.7901 2 2.33766 0.00645182
3.80011 2 2.32788 0.00645427
3.81016 2 2.33766 0.00645
3.8201 2 2.32788 0.0064513
3.8301 2 2.33766 0.00645313
3.8401 2 2.32788 0.00645052
3.85011 2 2.33766 0.00643714
3.86011 2 2.32788 0.00645011
3.87011 2 2.33766 0.00645229
3.8801 2 2.32788 0.00645016
3.8901 2 2.33766 0.00645052
3.90011 2 2.32788 0.00645089
3.91011 2 2.33766 0.00644693
3.92011 2 2.32788 0.0064299
3.93011 2 2.33766 0.00645099
3.94011 2 2.32788 0.00645234
3.9501 2 2.33766 0.00645193
3.9601 2 2.32788 0.0064574
3.97011 2 2.33766 0.00645193
3.9801 2 2.32788 0.00645198
3.9901 2 2.33766 0.00645219
4.00011 2 2.32788 0.00645568
4.01011 2 2.33766 0.00640776
4.02012 2 2.32788 0.00644162
4.03011 2 2.33766 0.00645057
4.04011 2 2.32788 0.00645458
4.05011 2 2.33766 0.00644026
4.06012 2 2.32788 0.00644865
4.07011 2 2.33766 0.00645135
4.08011 2 2.32788 0.00644938
4.0901 2 2.33766 0.00644969
4.10011 2 2.32788 0.00644807
4.11011 2 2.33766 0.00637709
4.12011 2 2.32788 0.00645432
4.13011 2 2.33766 0.00645151
4.1401 2 2.32788 0.00645245
4.1501 2 2.33766 0.00645271
4.16011 2 2.32788 0.00645432
4.17011 2 2.33766 0.00643453
4.18011 2 2.32788 0.00644943
4.1901 2 2.33766 0.00645109
4.2001 2 2.32788 0.00645578
4.21011 2 2.33766 0.00645255
4.22015 2 2.32788 0.00645125
4.2301 2 2.33766 0.00645151
4.2401 2 2.32788 0.00645448
4.25011 2 2.33766 0.00640787
4.26011 2 2.32788 0.00645052
4.27011 2 2.33766 0.00645172
4.2801 2 2.32788 0.00645005
4.29011 2 2.33766 0.00644912
4.30011 2 2.32788 0.00645141
4.3101 2 2.33766 0.00645063
4.32016 2 2.32788 0.00645
4.33011 2 2.32788 0.00645151
4.3401 2 2.32788 0.00645255
4.3501 2 2.33766 0.00645026
4.36011 2 2.32788 0.00645552
4.37011 2 2.33766 0.00645219
4.38013 2 2.32788 0.00636584
4.39021 2 2.33766 0.00629115
4.40025 2 2.32788 0.00632865
4.41021 2 2.33766 0.00628453
4.42045 2 2.32788 0.00529292
4.4302 2 2.33766 0.00638109
4.44013 2 2.32788 0.00643349
4.45013 2 2.33766 0.00634896
4.46013 2 2.32788 0.00641391
4.47012 2 2.33766 0.00540526
4.48012 2 2.33766 0.0064112
4.49012 2 2.33766 0.0063762
4.50013 2 2.32788 0.00639922
4.51013 2 2.33766 0.00641818
4.52013 2 2.32788 0.00644604
4.53011 2 2.33766 0.00641151
4.54011 2 2.32788 0.00643292
4.55013 2 2.32788 0.00642719
4.56012 2 2.32788 0.00643896
4.57011 2 2.33766 0.00644917
4.58013 2 2.32788 0.00645432
4.5901 2 2.33766 0.00748953
4.60009 2 2.32788 0.00548807
4.6101 2 2.34744 0.00547328
4.62009 2 2.32788 0.00548953
4.63009 2 2.33766 0.00748969
4.64009 2 2.33766 0.00749115
4.65009 2 2.33766 0.00748589
4.66009 2 2.32788 0.00748412
4.67009 2 2.33766 0.00549146
4.68009 2 2.32788 0.00749109
4.69009 2 2.33766 0.00749037
4.70009 2 2.33766 0.00749031
4.71009 2 2.33766 0.00748802
4.72009 2 2.32788 0.0074888
4.73009 2 2.32788 0.00749109
4.74009 2 2.32788 0.00749115
4.75009 2 2.33766 0.00749172
4.76009 2 2.33766 0.00749136
4.77009 2 2.33766 0.00749151
4.78009 2 2.33766 0.00749078
4.79009 2 2.33766 0.00749073
4.80009 2 2.32788 0.00749089
4.81009 2 2.33766 0.00749146
4.82009 2 2.32788 0.00748891
4.83009 2 2.33766 0.00749136
4.84009 2 2.32788 0.00749172
4.85009 2 2.33766 0.00746964
4.86009 2 2.32788 0.00548985
4.87009 2 2.33766 0.0054912
4.88009 2 2.33766 0.00749073
4.89009 2 2.33766 0.00749058
4.90009 2 2.32788 0.00548875
4.91009 2 2.33766 0.00748953
4.92009 2 2.33766 0.00749037
4.93009 2 2.32788 0.00749109
4.94009 2 2.32788 0.00748688
4.95009 2 2.33766 0.00749
4.96009 2 2.32788 0.00749094
4.97009 2 2.33766 0.00749068
4.98009 2 2.32788 0.00749089
4.99009 2 2.33766 0.00749073
5.00009 1.5 2.32788 0.00747953
5.01009 1.5 2.30832 0.00749068
5.02009 1.5 2.23986 0.0074913
5.03009 1.5 2.14206 0.00749068
5.04009 1.5 2.03448 0.00749109
5.05009 1.5 1.91712 0.00749052
5.06009 1.5 1.79976 0.00748125
5.07009 1.5 1.69218 0.00549104
5.08009 1.5 1.61394 0.00749084
5.09009 1.5 1.56504 0.00749021
5.10009 1.5 1.5357 0.00748974
5.11009 1.5 1.54548 0.0074912
5.12009 1.5 1.57482 0.00748854
5.13009 1.5 1.62372 0.00749146
5.14009 1.5 1.6824 0.0074912
5.15009 1.5 1.76064 0.00749089
5.16009 1.5 1.8291 0.00749089
5.17009 1.5 1.89756 0.00749104
5.18009 1.5 1.95624 0.00749042
5.19009 1.5 1.99536 0.00749104
5.20009 1.5 2.01492 0.00749125
5.21009 1.5 2.0247 0.00749156
5.22009 1.5 2.01492 0.00749073
5.23026 1.5 1.98558 0.00644464
5.24011 1.5 1.95624 0.00645479
5.25012 1.5 1.90734 0.00643719
5.26011 1.5 1.86822 0.00644787
5.27013 1.5 1.81932 0.00544365
5.28011 1.5 1.7802 0.00644401
5.29011 1.5 1.75086 0.0064499
5.30011 1.5 1.74108 0.00644969
5.31011 1.5 1.7313 0.00644917
5.32011 1.5 1.7313 0.0064562
5.33018 1.5 1.74108 0.0064487
5.34011 1.5 1.76064 0.00645141
5.35011 1.5 1.78998 0.00645125
5.3601 1.5 1.81932 0.00645427
5.37011 1.5 1.83888 0.00645193
5.3801 1.5 1.85844 0.00645261
5.3901 1.5 1.88778 0.00645167
5.40011 1.5 1.89756 0.00645505
5.41011 1.5 1.90734 0.00645052
5.4201 1.5 1.90734 0.00645156
5.4301 1.5 1.90734 0.00645136
5.4401 1.5 1.89756 0.00645672
5.45011 1.5 1.88778 0.00645281
5.46011 1.5 1.86822 0.00644323
5.47011 1.5 1.84866 0.00645058
5.4801 1.5 1.83888 0.00645078
5.4901 1.5 1.81932 0.0064513
5.50011 1.5 1.80954 0.00645141
5.51011 1.5 1.79976 0.00645266
5.5201 1.5 1.79976 0.00645656
5.53011 1.5 1.79976 0.00644526
5.54011 1.5 1.80954 0.00645224
5.55011 1.5 1.81932 0.00645094
5.56011 1.5 1.81932 0.00645584
5.5701 1.5 1.8291 0.00645167
5.5801 1.5 1.83888 0.00645162
5.5901 1.5 1.84866 0.0064524
5.6001 1.5 1.85844 0.00645521
5.61011 1.5 1.85844 0.00641979
5.62011 1.5 1.85844 0.00644985
5.63011 1.5 1.85844 0.00639766
5.64011 1.5 1.85844 0.00645636
5.65011 1.5 1.85844 0.00644995
5.66012 1.5 1.85844 0.00644026
5.67011 1.5 1.84866 0.00645151
5.68011 1.5 1.84866 0.00644906
5.6901 1.5 1.83888 0.0064512
5.70011 1.5 1.83888 0.00644938
5.71011 1.5 1.8291 0.00644953
5.72011 1.5 1.8291 0.00645646
5.73011 1.5 1.8291 0.00645125
5.74015 1.5 1.8291 0.00644776
5.75011 1.5 1.8291 0.00645156
5.7601 1.5 1.8291 0.00645693
5.77011 1.5 1.8291 0.00641375
5.78012 1.5 1.8291 0.00644854
5.79011 1.5 1.83888 0.00645177
5.80011 1.5 1.83888 0.00645474
5.81011 1.5 1.84866 0.00645208
5.82011 1.5 1.84866 0.00645042
5.83011 1.5 1.84866 0.00645084
5.84016 1.5 1.84866 0.00645495
5.85011 1.5 1.84866 0.0064513
5.86012 1.5 1.84866 0.00644761
5.87011 1.5 1.84866 0.00645084
5.88011 1.5 1.84866 0.00644776
5.8901 1.5 1.84866 0.00644823
5.90011 1.5 1.84866 0.00645068
5.9101 1.5 1.83888 0.00645094
5.9201 1.5 1.83888 0.00643813
5.93011 1.5 1.83888 0.00645182
5.9401 1.5 1.83888 0.00644922
5.95011 1.5 1.8291 0.00645042
5.9601 1.5 1.83888 0.00645677
5.97011 1.5 1.83888 0.00645224
5.9801 1.5 1.83888 0.00645073
5.99011 1.5 1.83888 0.00645214
6.0001 1.5 1.83888 0.00645719
6.01011 1.5 1.83888 0.00645245
6.0201 1.5 1.83888 0.00645193
6.0301 1.5 1.83888 0.00645281
6.0401 1.5 1.84866 0.0064049
6.05011 1.5 1.83888 0.00644964
6.06012 1.5 1.83888 0.00644787
6.07011 1.5 1.83888 0.00645078
6.08011 1.5 1.83888 0.00644901
6.0901 1.5 1.83888 0.00644979
6.1001 1.5 1.83888 0.0064512
6.11011 1.5 1.83888 0.00643953
6.12011 1.5 1.83888 0.00645458
6.13011 1.5 1.83888 0.00644797
6.1401 1.5 1.83888 0.00645182
6.15015 1.5 1.83888 0.00645042
6.16011 1.5 1.83888 0.00644401
6.17012 1.5 1.83888 0.00645016
6.1801 1.5 1.83888 0.00644901
6.19011 1.5 1.83888 0.00645047
6.20011 1.5 1.83888 0.00645531
6.21011 1.5 1.83888 0.00645151
6.2201 1.5 1.83888 0.00645162
6.2301 1.5 1.83888 0.00645208
6.2401 1.5 1.83888 0.00644875
6.25016 1.5 1.83888 0.00644823
6.26011 1.5 1.83888 0.00644854
6.27011 1.5 1.83888 0.00645063
6.28011 1.5 1.84866 0.00645084
6.29011 1.5 1.83888 0.00645115
6.30011 1.5 1.84866 0.00645141
6.31011 1.5 1.83888 0.00645172
6.3201 1.5 1.84866 0.00645084
6.33011 1.5 1.83888 0.00645011
6.34011 1.5 1.84866 0.00645125
6.35011 1.5 1.83888 0.00645016
6.36011 1.5 1.84866 0.00645344
6.37011 1.5 1.83888 0.00645084
6.3801 1.5 1.84866 0.00645146
6.3901 1.5 1.83888 0.00645094
6.40011 1.5 1.83888 0.006455
6.41011 1.5 1.83888 0.00642813
6.42011 1.5 1.83888 0.00645021
6.4301 1.5 1.83888 0.00644985
6.4401 1.5 1.83888 0.00645557
6.45011 1.5 1.83888 0.00640308
6.46012 1.5 1.83888 0.0064486
6.47011 1.5 1.83888 0.00645214
6.48011 1.5 1.83888 0.00644969
6.4901 1.5 1.83888 0.0064512
6.50011 1.5 1.83888 0.00645063
6.5101 1.5 1.83888 0.00645229
6.52011 1.5 1.83888 0.00645433
6.53011 1.5 1.83888 0.00644589
6.5401 1.5 1.84866 0.00644959
6.55011 1.5 1.83888 0.00645151
6.56016 1.5 1.84866 0.00645469
6.57011 1.5 1.83888 0.00645245
6.5801 1.5 1.83888 0.00645068
6.5901 1.5 1.83888 0.00645099
6.6001 1.5 1.83888 0.00645485
6.61011 1.5 1.83888 0.00645209
6.62011 1.5 1.83888 0.00645146
6.63011 1.5 1.83888 0.00645089
6.64011 1.5 1.83888 0.00645281
6.65011 1.5 1.83888 0.00645115
6.66017 1.5 1.83888 0.00644636
6.67011 1.5 1.83888 0.00645063
6.68011 1.5 1.83888 0.00645031
6.6901 1.5 1.83888 0.00645209
6.70011 1.5 1.84866 0.00645136
6.71011 1.5 1.83888 0.00644854
6.72011 1.5 1.83888 0.0064575
6.73011 1.5 1.83888 0.00645115
6.7401 1.5 1.83888 0.00645214
6.7501 1.5 1.83888 0.00645141
6.7601 1.5 1.84866 0.00645245
6.77011 1.5 1.83888 0.00644865
6.78011 1.5 1.84866 0.00645078
6.7901 1.5 1.83888 0.00644985
6.80011 1.5 1.84866 0.0064536
6.81011 1.5 1.83888 0.00645219
6.82011 1.5 1.84866 0.00645245
6.83011 1.5 1.83888 0.00645266
6.8401 1.5 1.84866 0.00645474
6.85011 1.5 1.83888 0.00644948
6.86012 1.5 1.83888 0.00638432
6.87011 1.5 1.83888 0.0064513
6.88011 1.5 1.84866 0.00644933
6.8901 1.5 1.83888 0.00645115
6.90011 1.5 1.83888 0.00644344
6.91011 1.5 1.83888 0.00643834
6.92011 1.5 1.84866 0.00645589
6.93011 1.5 1.83888 0.00645209
6.9401 1.5 1.84866 0.00645188
6.95011 1.5 1.83888 0.00645198
6.9601 1.5 1.84866 0.00645516
6.97011 1.5 1.83888 0.00645177
6.9801 1.5 1.83888 0.00645058
6.9901 1.5 1.83888 0.00645157
7.00011 1.5 1.83888 0.00645651
7.01013 1.5 1.83888 0.00643662
7.02012 1.5 1.84866 0.00644959
7.03011 1.5 1.83888 0.0064525
7.04011 1.5 1.84866 0.00645521
7.05011 1.5 1.83888 0.00644875
7.06013 1.5 1.83888 0.00644802
7.07011 1.5 1.83888 0.00645151
7.08011 1.5 1.84866 0.00644943
7.09011 1.5 1.83888 0.00645026
7.10011 1.5 1.84866 0.00645047
7.11011 1.5 1.83888 0.00645162
7.12011 1.5 1.83888 0.0064574
7.13011 1.5 1.83888 0.00645157
7.1401 1.5 1.83888 0.00645157
7.1501 1.5 1.83888 0.00645297
7.16011 1.5 1.83888 0.00643912
7.17016 1.5 1.83888 0.00645136
7.18011 1.5 1.83888 0.00645245
7.1901 1.5 1.83888 0.00645266
7.2001 1.5 1.83888 0.00645729
7.21011 1.5 1.83888 0.00645167
7.2201 1.5 1.84866 0.00645224
7.2301 1.5 1.83888 0.00645151
7.2401 1.5 1.84866 0.00645714
7.25011 1.5 1.83888 0.00645193
7.26011 1.5 1.83888 0.00644823
7.27011 1.5 1.83888 0.00645172
7.28011 1.5 1.84866 0.00644839
7.29011 1.5 1.83888 0.00644922
7.30011 1.5 1.84866 0.00645146
7.31011 1.5 1.83888 0.00645089
7.32011 1.5 1.84866 0.00645714
7.33011 1.5 1.83888 0.00645141
7.3401 1.5 1.83888 0.00645151
7.3501 1.5 1.83888 0.00644735
7.3601 1.5 1.83888 0.00644969
7.37011 1.5 1.83888 0.00640761
7.38011 1.5 1.84866 0.00645042
7.3901 1.5 1.83888 0.00645136
7.4001 1.5 1.84866 0.00645151
7.41011 1.5 1.83888 0.00643719
7.4201 1.5 1.84866 0.00645177
7.4301 1.5 1.83888 0.00645136
7.4401 1.5 1.84866 0.00645531
7.45011 1.5 1.83888 0.00645157
7.46011 1.5 1.84866 0.00644787
7.47011 1.5 1.83888 0.00640646
7.48011 1.5 1.84866 0.00644844
7.4901 1.5 1.83888 0.00645255
7.5001 1.5 1.84866 0.00645078
7.51011 1.5 1.83888 0.00645063
7.52011 1.5 1.84866 0.00645558
7.53011 1.5 1.83888 0.00645162
7.5401 1.5 1.84866 0.00645104
7.5501 1.5 1.83888 0.00645162
7.5601 1.5 1.84866 0.00645641
7.57011 1.5 1.83888 0.00640922
7.5801 1.5 1.83888 0.00645183
7.5901 1.5 1.83888 0.00645188
7.6001 1.5 1.84866 0.00645261
7.61011 1.5 1.83888 0.00645151
7.62011 1.5 1.83888 0.00645151
7.63011 1.5 1.83888 0.00645193
7.6401 1.5 1.84866 0.00645594
7.65011 1.5 1.83888 0.00645
7.6601 1.5 1.84866 0.00644568
7.67011 1.5 1.83888 0.00645084
7.68011 1.5 1.84866 0.0064549
7.6901 1.5 1.83888 0.00645172
7.70011 1.5 1.83888 0.00645099
7.71011 1.5 1.83888 0.00644881
7.72011 1.5 1.84866 0.00645558
7.73011 1.5 1.83888 0.00644828
7.7401 1.5 1.84866 0.00645068
7.75011 1.5 1.83888 0.00645131
7.7601 1.5 1.84866 0.00644901
7.77011 1.5 1.83888 0.00645224
7.78015 1.5 1.84866 0.00645089
7.79013 1.5 1.83888 0.00634474
7.80016 1.5 1.84866 0.00642636
7.81014 1.5 1.83888 0.00644823
7.82011 1.5 1.84866 0.00645104
7.83011 1.5 1.83888 0.00645037
7.84011 1.5 1.84866 0.00645313
7.85011 1.5 1.83888 0.00644354
7.86011 1.5 1.84866 0.00641302
7.87011 1.5 1.83888 0.00645058
7.88017 1.5 1.84866 0.00645276
7.89011 1.5 1.83888 0.00644771
7.90011 1.5 1.84866 0.00644953
7.91011 1.5 1.83888 0.00645183
7.92011 1.5 1.84866 0.00644453
7.93011 1.5 1.83888 0.00644808
7.94011 1.5 1.84866 0.00645058
7.95011 1.5 1.83888 0.00645266
7.96011 1.5 1.84866 0.00645464
7.9701 1.5 1.83888 0.00645229
7.9801 1.5 1.84866 0.0064487
7.99011 1.5 1.83888 0.00645193
8.0001 1.5 1.84866 0.00645573
8.0101 1.5 1.83888 0.00645073
8.0201 1.5 1.84866 0.00645188
8.0301 1.5 1.83888 0.00645042
8.0401 1.5 1.84866 0.00644995
8.05011 1.5 1.83888 0.00645021
8.0601 1.5 1.83888 0.00641938
8.07011 1.5 1.83888 0.00645141
8.08011 1.5 1.83888 0.00645042
8.09011 1.5 1.83888 0.00645089
8.10011 1.5 1.84866 0.00642797
8.11011 1.5 1.83888 0.00644735
8.12011 1.5 1.84866 0.00645641
8.13011 1.5 1.83888 0.00645078
8.1401 1.5 1.84866 0.00645193
8.15011 1.5 1.83888 0.00645183
8.16011 1.5 1.83888 0.00645506
8.17011 1.5 1.83888 0.00645146
8.1801 1.5 1.83888 0.00640386
8.19011 1.5 1.83888 0.00645068
8.20011 1.5 1.84866 0.00645084
8.21011 1.5 1.83888 0.0064523
8.22011 1.5 1.84866 0.00645214
8.2301 1.5 1.83888 0.00645058
8.2401 1.5 1.84866 0.0064548
8.25011 1.5 1.83888 0.00645255
8.26016 1.5 1.84866 0.00634766
8.27017 1.5 1.83888 0.00640464
8.28015 1.5 1.84866 0.00631214
8.29015 1.5 1.83888 0.00636641
8.30018 1.5 1.84866 0.00639026
8.31014 1.5 1.83888 0.00643974
8.32012 1.5 1.84866 0.00645031
8.33012 1.5 1.83888 0.00645198
8.34011 1.5 1.84866 0.00645099
8.35011 1.5 1.83888 0.00645031
8.36011 1.5 1.84866 0.00645672
8.37011 1.5 1.83888 0.00645198
8.3801 1.5 1.84866 0.00645157
8.39035 1.5 1.83888 0.00646469
8.4001 1.5 1.84866 0.00646615
8.4101 1.5 1.83888 0.00646625
8.4201 1.5 1.84866 0.00646881
8.4301 1.5 1.83888 0.00546677
8.4401 1.5 1.83888 0.00546438
8.4501 1.5 1.83888 0.00646735
8.4601 1.5 1.83888 0.00542026
8.47011 1.5 1.83888 0.0064649
8.4801 1.5 1.84866 0.00646834
8.4901 1.5 1.83888 0.00644667
8.50011 1.5 1.84866 0.0064511
8.51011 1.5 1.83888 0.00645
8.52011 1.5 1.84866 0.00645021
8.53011 1.5 1.83888 0.00644875
8.54011 1.5 1.84866 0.00645235
8.55011 1.5 1.83888 0.00645089
8.5601 1.5 1.84866 0.00645521
8.57011 1.5 1.83888 0.00645214
8.5801 1.5 1.84866 0.00645032
8.5901 1.5 1.8291 0.0064511
8.60011 1.5 1.84866 0.00645672
8.61011 1.5 1.83888 0.00645261
8.62013 1.5 1.84866 0.00644459
8.63011 1.5 1.83888 0.00644808
8.64011 1.5 1.84866 0.0064525
8.65011 1.5 1.83888 0.00645141
8.6601 1.5 1.84866 0.00645183
8.67013 1.5 1.83888 0.00638203
8.68023 1.5 1.84866 0.00624677
8.69023 1.5 1.83888 0.00634657
8.70021 1.5 1.84866 0.00627365
8.71025 1.5 1.83888 0.00628604
8.7202 1.5 1.84866 0.0063961
8.73014 1.5 1.83888 0.0063849
8.74016 1.5 1.84866 0.00639766
8.75014 1.5 1.83888 0.00639183
8.76014 1.5 1.83888 0.00538938
8.77014 1.5 1.83888 0.00641469
8.78014 1.5 1.84866 0.00639089
8.79014 1.5 1.83888 0.00640417
8.80012 1.5 1.84866 0.00639537
8.81013 1.5 1.8291 0.00642355
8.82012 1.5 1.84866 0.00641542
8.83012 1.5 1.8291 0.00643261
8.84011 1.5 1.84866 0.00642089
8.85012 1.5 1.83888 0.00643568
8.86015 1.5 1.84866 0.00647021
8.87011 1.5 1.8291 0.00648636
8.88009 1.5 1.83888 0.00548865
8.89009 1.5 1.83888 0.00548875
8.90009 1.5 1.83888 0.00549037
8.91009 1.5 1.8291 0.00749099
8.92009 1.5 1.84866 0.00748735
8.93009 1.5 1.83888 0.00549099
8.94009 1.5 1.84866 0.00749032
8.95009 1.5 1.83888 0.00749115
8.96009 1.5 1.84866 0.00749136
8.97009 1.5 1.83888 0.00749052
8.98009 1.5 1.84866 0.00749089
8.99009 1.5 1.83888 0.00749141
9.00009 1.5 1.84866 0.00749157
9.01009 1.5 1.83888 0.00749136
9.02009 1.5 1.84866 0.0074911
9.03009 1.5 1.83888 0.00749136
9.04009 1.5 1.84866 0.00749177
9.05009 1.5 1.8291 0.00749078
9.06009 1.5 1.84866 0.00749094
9.0701 1.5 1.8291 0.00748813
9.08009 1.5 1.83888 0.00548933
9.09009 1.5 1.8291 0.00749005
9.10009 1.5 1.84866 0.00749037
9.11009 1.5 1.8291 0.00749131
9.12009 1.5 1.84866 0.00749063
9.13009 1.5 1.8291 0.0074911
9.14009 1.5 1.84866 0.00749115
9.15009 1.5 1.83888 0.00749058
9.16009 1.5 1.84866 0.0074911
9.17009 1.5 1.83888 0.00749146
9.18009 1.5 1.84866 0.0074874
9.19009 1.5 1.8291 0.00749141
9.20009 1.5 1.84866 0.00749136
9.21009 1.5 1.8291 0.00749131
9.22009 1.5 1.84866 0.00749214
9.23009 1.5 1.8291 0.00749162
9.24009 1.5 1.84866 0.00749125
9.25009 1.5 1.83888 0.0074911
9.26009 1.5 1.84866 0.00749141
9.27009 1.5 1.83888 0.00548969
9.28009 1.5 1.84866 0.00749078
9.29009 1.5 1.8291 0.0074763
9.30009 1.5 1.84866 0.0074899
9.31009 1.5 1.8291 0.00749058
9.32009 1.5 1.84866 0.00749162
9.33009 1.5 1.8291 0.00749151
9.34009 1.5 1.84866 0.00748964
9.35009 1.5 1.8291 0.00749104
9.36009 1.5 1.84866 0.00749131
9.37009 1.5 1.83888 0.00749104
9.38009 1.5 1.85844 0.0074911
9.39009 1.5 1.83888 0.00749177
9.40009 1.5 1.85844 0.00749188
9.41009 1.5 1.83888 0.0074798
9.42009 1.5 1.85844 0.00749089
9.43009 1.5 1.83888 0.0074911
9.44009 1.5 1.84866 0.00749136
9.45009 1.5 1.83888 0.0074911
9.46009 1.5 1.84866 0.00749099
9.47009 1.5 1.83888 0.00548683
9.48009 1.5 1.84866 0.00548922
9.49009 1.5 1.8291 0.00749099
9.50026 1.5 1.84866 0.00644828
9.51011 1.5 1.8291 0.00644922
9.52011 1.5 1.84866 0.00645646
9.53011 1.5 1.8291 0.00645047
9.5401 1.5 1.84866 0.00645125
9.55011 1.5 1.8291 0.00645167
9.5601 1.5 1.84866 0.00645724
9.57011 1.5 1.8291 0.0064525
9.58011 1.5 1.84866 0.00645177
9.5901 1.5 1.8291 0.00644625
9.60015 1.5 1.84866 0.00645386
9.61011 1.5 1.8291 0.00645214
9.62012 1.5 1.85844 0.00645073
9.63011 1.5 1.83888 0.00645245
9.64011 1.5 1.84866 0.00645511
9.65011 1.5 1.83888 0.00644917
9.66011 1.5 1.84866 0.00645058
9.67011 1.5 1.8291 0.00645016
9.68011 1.5 1.84866 0.00645026
9.69011 1.5 1.83888 0.00645094
9.70016 1.5 1.84866 0.00645224
9.71011 1.5 1.8291 0.00644506
9.72011 1.5 1.84866 0.00644927
9.73011 1.5 1.8291 0.00645047
9.7401 1.5 1.84866 0.00645032
9.75011 1.5 1.83888 0.00645214
9.76011 1.5 1.84866 0.0064562
9.77011 1.5 1.8291 0.00645193
9.78011 1.5 1.85844 0.00644802
9.7901 1.5 1.8291 0.00645089
9.80011 1.5 1.84866 0.00644844
9.81012 1.5 1.8291 0.00639125
9.82013 1.5 1.84866 0.00644276
9.83012 1.5 1.8291 0.00645068
9.84011 1.5 1.84866 0.00642412
9.85011 1.5 1.8291 0.00645162
9.86011 1.5 1.84866 0.00644766
9.87012 1.5 1.8291 0.00644875
9.88011 1.5 1.84866 0.00644854
9.89011 1.5 1.8291 0.00644896
9.90011 1.5 1.84866 0.00637714
9.91011 1.5 1.8291 0.00645011
9.92011 1.5 1.84866 0.00645641
9.93011 1.5 1.8291 0.0064523
9.9401 1.5 1.84866 0.00645323
9.95011 1.5 1.8291 0.00645313
9.9601 1.5 1.84866 0.00645693
9.97011 1.5 1.8291 0.00645125
9.98011 1.5 1.84866 0.00645089
9.9901 1.5 1.8291 0.00645339
10.0001 0 0 0.00989339
10.0101 0 0 0.00984761
10.0201 0 0 0.00989495
10.0301 0 0 0.00989693
10.0401 0 0 0.00989802
10.0501 0 0 0.0098923
10.0601 0 0 0.00989568
10.0701 0 0 0.0098874
10.0801 0 0 0.00989308
10.0901 0 0 0.00989704
10.1001 0 0 0.00989724
10.1101 0 0 0.00989829
10.1201 0 0 0.00988938
10.1301 0 0 0.00988709
10.1401 0 0 0.00989547
10.1501 0 0 0.00989761
10.1601 0 0 0.0098973
10.1701 0 0 0.00989172
10.1801 0 0 0.00989844
10.1901 0 0 0.00989719
10.2001 0 0 0.00989688
10.2101 0 0 0.00989313
10.2201 0 0 0.0098574
10.2301 0 0 0.00989573
