3.281e-06 2 0.37188 0.00643505
0.0102754 2 0.4599 0.00649042
0.0201225 2 0.72396 0.00651302
0.0301212 2 1.07604 0.00649766
0.0401064 2 1.5357 0.00650979
0.0501118 2 1.9758 0.0065112
0.0601103 2 2.44524 0.00650802
0.0701659 2 2.83644 0.00651536
0.0801064 2 3.17874 0.00651213
0.0901059 2 3.38412 0.00651208
0.100107 2 3.52104 0.00651391
0.110107 2 3.51126 0.00651427
0.120106 2 3.4428 0.00650729
0.130108 2 3.22764 0.00651255
0.140106 2 3.01248 0.00651385
0.150106 2 2.7093 0.00652
0.160105 2 2.44524 0.00651276
0.170108 2 2.14206 0.00651161
0.180108 2 1.93668 0.00651344
0.190105 2 1.74108 0.00651943
0.200105 2 1.65306 0.00651385
0.2101 2 1.5846 0.00651635
0.220105 2 1.6335 0.00651255
0.230113 2 1.70196 0.00646521
0.240111 2 1.85844 0.00651245
0.250106 2 1.99536 0.00651401
0.260106 2 2.19096 0.00651365
0.270105 2 2.34744 0.00651734
0.280106 2 2.52348 0.00651375
0.290104 2 2.62128 0.00651651
0.300105 2 2.73864 0.00651604
0.310105 2 2.7582 0.00652177
0.320105 2 2.78754 0.00651604
0.330105 2 2.73864 0.00651682
0.340104 2 2.68974 0.00651698
0.350104 2 2.58216 0.00652146
0.360103 2 2.49414 0.00651224
0.370106 2 2.367 0.00646703
0.380107 2 2.27898 0.00651698
0.390108 2 2.1714 0.00651781
0.400105 2 2.13228 0.00651568
0.410104 2 2.05404 0.00651792
0.420105 2 2.06382 0.00651391
0.430108 2 2.05404 0.00651078
0.440108 2 2.11272 0.00651427
0.450107 2 2.13228 0.00651656
0.460106 2 2.2203 0.00651516
0.470104 2 2.2692 0.00652073
0.480158 2 2.35722 0.00651422
0.490106 2 2.38656 0.0065138
0.500105 2 2.4648 0.00651521
0.510104 2 2.47458 0.00652214
0.520105 2 2.5137 0.00651266
0.530106 2 2.49414 0.00651271
0.540104 2 2.50392 0.00651698
0.550105 2 2.45502 0.00651932
0.560105 2 2.44524 0.00651656
0.570104 2 2.37678 0.00651552
0.580104 2 2.367 0.0065125
0.590107 2 2.29854 0.00652073
0.600103 2 2.28876 0.00651672
0.610104 2 2.23986 0.00651667
0.620102 2 2.24964 0.00651479
0.630112 2 2.21052 0.006515
0.640105 2 2.23986 0.00651203
0.650104 2 2.23008 0.00651771
0.660106 2 2.2692 0.00651443
0.670104 2 2.27898 0.00651974
0.680105 2 2.32788 0.00651182
0.690104 2 2.32788 0.00651464
0.700106 2 2.367 0.00651427
0.710104 2 2.367 0.00652182
0.720104 2 2.40612 0.00651693
0.730105 2 2.38656 0.00651719
0.740104 2 2.40612 0.00647854
0.750107 2 2.37678 0.00651948
0.760109 2 2.39634 0.00651812
0.770106 2 2.35722 0.00651615
0.780106 2 2.367 0.00647375
0.790107 2 2.32788 0.00652198
0.800108 2 2.33766 0.00651719
0.810105 2 2.29854 0.00651484
0.820107 2 2.30832 0.0065163
0.830113 2 2.27898 0.00651062
0.840107 2 2.30832 0.00640672
0.85011 2 2.28876 0.00651479
0.86011 2 2.30832 0.00650974
0.870111 2 2.28876 0.00651854
0.880106 2 2.32788 0.00651729
0.890162 2 2.30832 0.00651474
0.900107 2 2.34744 0.00651193
0.910107 2 2.32788 0.00652026
0.920104 2 2.367 0.00650729
0.930105 2 2.34744 0.0065174
0.940106 2 2.367 0.0065162
0.950105 2 2.34744 0.00652167
0.960106 2 2.367 0.00651755
0.970107 2 2.33766 0.00651
0.980108 2 2.35722 0.00651438
0.990106 2 2.32788 0.00651651
1.00011 2 2.34744 0.00651484
1.01011 2 2.3181 0.00651635
1.02011 2 2.33766 0.00651698
1.03011 2 2.30832 0.00651547
1.04011 2 2.32788 0.00651328
1.05011 2 2.30832 0.00651344
1.06011 2 2.32788 0.00651495
1.07011 2 2.30832 0.00652089
1.08011 2 2.33766 0.00651453
1.0901 2 2.3181 0.0064675
1.10011 2 2.34744 0.00651526
1.11011 2 2.32788 0.00651865
1.12011 2 2.34744 0.00651625
1.13011 2 2.32788 0.00651667
1.14011 2 2.35722 0.00651688
1.15011 2 2.32788 0.00652182
1.16011 2 2.35722 0.00650927
1.17011 2 2.32788 0.00651672
1.18011 2 2.35722 0.00651162
1.19011 2 2.32788 0.00651964
1.20016 2 2.34744 0.00651302
1.21011 2 2.3181 0.00651781
1.22011 2 2.34744 0.00651495
1.23012 2 2.3181 0.00650974
1.24011 2 2.34744 0.00650797
1.25011 2 2.3181 0.00651495
1.26011 2 2.34744 0.00651328
1.27011 2 2.3181 0.00652287
1.28011 2 2.34744 0.006515
1.29011 2 2.3181 0.00651755
1.30011 2 2.34744 0.00651214
1.3101 2 2.3181 0.0065212
1.32011 2 2.34744 0.00651276
1.33011 2 2.32788 0.00651385
1.34011 2 2.34744 0.00651339
1.35011 2 2.32788 0.00652083
1.36011 2 2.34744 0.00651458
1.37011 2 2.32788 0.00651318
1.38011 2 2.34744 0.00651479
1.39011 2 2.32788 0.00652229
1.40011 2 2.34744 0.00647438
1.41011 2 2.32788 0.00651526
1.42011 2 2.34744 0.00651703
1.43011 2 2.3181 0.00651537
1.44014 2 2.34744 0.00649214
1.45012 2 2.3181 0.00651042
1.46011 2 2.34744 0.00651
1.47011 2 2.3181 0.00651937
1.4801 2 2.34744 0.00649068
1.49011 2 2.3181 0.00646068
1.50011 2 2.34744 0.00645193
1.51011 2 2.3181 0.00651349
1.52011 2 2.34744 0.00651412
1.53011 2 2.3181 0.00651141
1.54011 2 2.34744 0.00650391
1.55011 2 2.32788 0.00651714
1.56011 2 2.34744 0.00651453
1.57011 2 2.32788 0.00651385
1.58011 2 2.34744 0.00651495
1.59011 2 2.3181 0.00651974
1.6001 2 2.34744 0.00651385
1.61016 2 2.32788 0.00650609
1.62011 2 2.34744 0.00651281
1.63011 2 2.3181 0.00650849
1.64011 2 2.34744 0.00651495
1.6501 2 2.3181 0.0065088
1.66011 2 2.34744 0.00651344
1.67011 2 2.32788 0.00651823
1.68011 2 2.34744 0.00651542
1.6901 2 2.32788 0.00651734
1.70011 2 2.34744 0.00651359
1.71016 2 2.32788 0.00651953
1.7201 2 2.34744 0.00651651
1.7301 2 2.32788 0.0065175
1.7401 2 2.34744 0.00651198
1.75011 2 2.3181 0.00652193
1.7601 2 2.34744 0.00651698
1.77014 2 2.3181 0.0063963
1.78022 2 2.34744 0.00641625
1.79022 2 2.3181 0.00644526
1.80021 2 2.34744 0.00638787
1.81052 2 2.3181 0.00541537
1.8202 2 2.34744 0.00648563
1.83017 2 2.32788 0.00646615
1.84017 2 2.34744 0.00643583
1.85013 2 2.3181 0.00646974
1.86013 2 2.34744 0.00645599
1.87013 2 2.32788 0.00645198
1.88014 2 2.34744 0.00644339
1.89013 2 2.3181 0.00646662
1.90013 2 2.34744 0.00647734
1.91013 2 2.3181 0.00647823
1.92012 2 2.34744 0.00649089
1.93012 2 2.3181 0.00648802
1.94011 2 2.34744 0.00650026
1.95013 2 2.32788 0.00651995
1.9601 2 2.34744 0.00755641
1.97009 2 2.3181 0.00753911
1.98009 2 2.34744 0.00755787
1.99009 2 2.3181 0.00751839
2.00014 2 2.34744 0.00648511
2.01011 2 2.32788 0.00655271
2.02009 2 2.34744 0.00755667
2.03009 2 2.32788 0.00653865
2.04009 2 2.34744 0.00756068
2.0501 2 2.32788 0.007555
2.06009 2 2.34744 0.00755693
2.07009 2 2.3181 0.00755557
2.08009 2 2.34744 0.00755781
2.09009 2 2.3181 0.00755776
2.10009 2 2.34744 0.00755885
2.11009 2 2.32788 0.00755667
2.12009 2 2.34744 0.00755849
2.13009 2 2.3181 0.00755667
2.14009 2 2.34744 0.00755787
2.15009 2 2.3181 0.00755859
2.16009 2 2.34744 0.00755656
2.17009 2 2.3181 0.00755797
2.18009 2 2.34744 0.00755849
2.19009 2 2.3181 0.00755656
2.20009 2 2.34744 0.00755839
2.21009 2 2.3181 0.00756031
2.22009 2 2.34744 0.00756125
2.23009 2 2.3181 0.00753896
2.24009 2 2.34744 0.00755776
2.25009 2 2.3181 0.00755813
2.26009 2 2.34744 0.00755896
2.27009 2 2.3181 0.00755823
2.28009 2 2.34744 0.0075599
2.29009 2 2.3181 0.00755823
2.30009 2 2.34744 0.00756016
2.31009 2 2.32788 0.00755896
2.32009 2 2.34744 0.00755969
2.33009 2 2.3181 0.00755922
2.34009 2 2.34744 0.00755906
2.35009 2 2.3181 0.00755896
2.36009 2 2.34744 0.00755818
2.37009 2 2.3181 0.00755932
2.38009 2 2.34744 0.00755865
2.39009 2 2.32788 0.00755708
2.40009 2 2.34744 0.00755948
2.41009 2 2.3181 0.00755813
2.42009 2 2.34744 0.00755938
2.43009 2 2.3181 0.0075363
2.44009 2 2.34744 0.00755932
2.45009 2 2.32788 0.00755839
2.46009 2 2.34744 0.00755828
2.47009 2 2.3181 0.00755917
2.48009 2 2.34744 0.00755922
2.49009 2 2.32788 0.00755787
2.50009 2 2.34744 0.0075599
2.51009 2 2.32788 0.00755922
2.52009 2 2.34744 0.00755932
2.53009 2 2.3181 0.00755906
2.54009 2 2.34744 0.00755781
2.55009 2 2.32788 0.00755927
2.56009 2 2.34744 0.00756011
2.57009 2 2.3181 0.00755854
2.58009 2 2.34744 0.00755854
2.59009 2 2.32788 0.00755797
2.6001 2 2.34744 0.00755703
2.61009 2 2.32788 0.00755865
2.62029 2 2.34744 0.00650625
2.63011 2 2.3181 0.00649224
2.64011 2 2.34744 0.00650969
2.65011 2 2.32788 0.00646729
2.66011 2 2.34744 0.00651261
2.67011 2 2.3181 0.00651865
2.6801 2 2.34744 0.00651448
2.6901 2 2.32788 0.00651563
2.7001 2 2.34744 0.00651557
2.7101 2 2.3181 0.00652177
2.72016 2 2.34744 0.00651448
2.7301 2 2.3181 0.00651641
2.7401 2 2.34744 0.00651531
2.7501 2 2.32788 0.00652229
2.7601 2 2.34744 0.00651677
2.7701 2 2.3181 0.00651672
2.7801 2 2.34744 0.00651375
2.7901 2 2.3181 0.0065186
2.8001 2 2.34744 0.00651688
2.81011 2 2.3181 0.00651438
2.82015 2 2.34744 0.00651359
2.83011 2 2.3181 0.00649901
2.84011 2 2.34744 0.00646552
2.85011 2 2.32788 0.00651615
2.86011 2 2.34744 0.00651094
2.87011 2 2.32788 0.0065213
2.8801 2 2.34744 0.00651188
2.8901 2 2.3181 0.00651323
2.90011 2 2.34744 0.00651625
2.91011 2 2.3181 0.00652188
2.9201 2 2.34744 0.00640365
2.93011 2 2.32788 0.00651083
2.94011 2 2.34744 0.00651547
2.9501 2 2.3181 0.00652307
2.9601 2 2.34744 0.00651682
2.97011 2 2.3181 0.00649412
2.98011 2 2.34744 0.00651646
2.99011 2 2.32788 0.00652099
3.0001 2 2.34744 0.00651485
3.01011 2 2.3181 0.00651927
3.0201 2 2.34744 0.00647745
3.03011 2 2.32788 0.00652297
3.04012 2 2.34744 0.00651938
3.0501 2 2.32788 0.00651891
3.0601 2 2.34744 0.00652115
3.0701 2 2.3181 0.0065201
3.08011 2 2.34744 0.00651531
3.09011 2 2.3181 0.006515
3.10011 2 2.34744 0.00651662
3.1101 2 2.32788 0.00651938
3.12011 2 2.34744 0.00646375
3.13011 2 2.32788 0.00651464
3.14011 2 2.34744 0.00651594
3.15011 2 2.3181 0.00651948
3.16011 2 2.34744 0.00651776
3.17011 2 2.3181 0.00651734
3.18011 2 2.34744 0.00651745
3.19011 2 2.3181 0.00652063
3.20011 2 2.34744 0.00651776
3.2101 2 2.32788 0.00649646
3.22011 2 2.34744 0.00646922
3.23011 2 2.32788 0.00652193
3.24011 2 2.34744 0.00651031
3.2501 2 2.3181 0.00651755
3.2601 2 2.34744 0.00652266
3.2701 2 2.32788 0.00651849
3.28011 2 2.34744 0.00651849
3.29011 2 2.3181 0.00651682
3.30011 2 2.34744 0.00651557
3.31011 2 2.3181 0.00652208
3.32011 2 2.34744 0.00651432
3.33011 2 2.32788 0.00651719
3.34011 2 2.34744 0.00651693
3.35011 2 2.3181 0.00652198
3.3601 2 2.34744 0.0065186
3.37011 2 2.3181 0.00651729
3.3801 2 2.34744 0.00651714
3.39011 2 2.3181 0.00652281
3.40011 2 2.34744 0.00649865
3.41011 2 2.32788 0.00651932
3.42011 2 2.34744 0.00650495
3.43016 2 2.32788 0.00652224
3.44011 2 2.34744 0.0065149
3.4501 2 2.3181 0.00652229
3.4601 2 2.34744 0.00652063
3.4701 2 2.32788 0.00652234
3.48011 2 2.34744 0.00651719
3.49011 2 2.3181 0.00651573
3.50011 2 2.34744 0.00651708
3.51011 2 2.32788 0.00652167
3.52011 2 2.34744 0.0065175
3.53011 2 2.3181 0.00651162
3.54011 2 2.34744 0.00651641
3.55011 2 2.32788 0.00651958
3.5601 2 2.34744 0.0065137
3.57011 2 2.32788 0.00651693
3.58011 2 2.34744 0.00651693
3.59011 2 2.32788 0.00650313
3.60011 2 2.34744 0.00651235
3.6101 2 2.3181 0.00651505
3.62011 2 2.34744 0.00651734
3.6301 2 2.32788 0.00652172
3.64011 2 2.34744 0.00651526
3.6501 2 2.32788 0.00652104
3.6601 2 2.34744 0.00651906
3.6701 2 2.3181 0.0065186
3.68011 2 2.34744 0.00651781
3.6901 2 2.32788 0.0065161
3.7001 2 2.34744 0.00651839
3.71011 2 2.32788 0.00652422
3.72011 2 2.34744 0.00651344
3.73011 2 2.32788 0.00646854
3.74011 2 2.34744 0.00651651
3.75011 2 2.3181 0.00652136
3.76011 2 2.34744 0.00651943
3.77011 2 2.3181 0.00651834
3.7801 2 2.34744 0.0065188
3.7901 2 2.32788 0.00652271
3.8001 2 2.34744 0.00651849
3.81011 2 2.32788 0.00651823
3.82011 2 2.34744 0.00651839
3.83011 2 2.32788 0.00652427
3.84011 2 2.34744 0.00651938
3.8501 2 2.32788 0.00651818
3.86011 2 2.34744 0.00652307
3.8701 2 2.3181 0.00651896
3.88011 2 2.34744 0.00651828
3.8901 2 2.32788 0.00651417
3.90011 2 2.34744 0.00651823
3.91011 2 2.32788 0.00652156
3.92011 2 2.34744 0.00651771
3.93011 2 2.32788 0.0065187
3.94016 2 2.34744 0.00651729
3.95011 2 2.32788 0.0065226
3.96011 2 2.34744 0.00651995
3.9701 2 2.32788 0.00649969
3.98011 2 2.34744 0.00651813
3.99011 2 2.32788 0.00652333
4.0001 2 2.34744 0.0065199
4.01011 2 2.32788 0.00649932
4.02013 2 2.34744 0.0064986
4.03012 2 2.32788 0.00652177
4.04019 2 2.34744 0.00651287
4.05011 2 2.32788 0.00651406
4.0601 2 2.34744 0.00648537
4.07011 2 2.32788 0.00651839
4.0801 2 2.34744 0.00651807
4.0901 2 2.3181 0.00651443
4.10011 2 2.34744 0.00651656
4.1101 2 2.32788 0.00651891
4.12011 2 2.34744 0.00651636
4.13011 2 2.32788 0.00651854
4.14011 2 2.34744 0.00651495
4.1501 2 2.32788 0.00652125
4.16011 2 2.34744 0.00649646
4.17011 2 2.32788 0.00651672
4.18011 2 2.34744 0.00651755
4.19011 2 2.32788 0.00652323
4.20011 2 2.34744 0.00651818
4.2101 2 2.32788 0.00651917
4.22011 2 2.34744 0.00651766
4.23011 2 2.32788 0.00651953
4.24012 2 2.34744 0.00651344
4.25011 2 2.32788 0.00652005
4.2601 2 2.34744 0.0065199
4.2701 2 2.32788 0.0065263
4.2801 2 2.34744 0.0065087
4.29011 2 2.32788 0.0065075
4.30011 2 2.34744 0.00651656
4.31011 2 2.32788 0.00652146
4.32011 2 2.34744 0.00651641
4.33011 2 2.32788 0.00651682
4.34011 2 2.34744 0.00646922
4.35011 2 2.32788 0.00650328
4.3601 2 2.34744 0.00651646
4.3701 2 2.32788 0.00651719
4.3801 2 2.34744 0.00651714
4.39011 2 2.32788 0.00651839
4.40011 2 2.34744 0.00651886
4.41011 2 2.32788 0.00651745
4.4201 2 2.34744 0.00651693
4.43013 2 2.32788 0.00649448
4.44014 2 2.34744 0.00650771
4.45011 2 2.32788 0.00651854
4.4601 2 2.34744 0.00651391
4.4701 2 2.32788 0.00651453
4.48011 2 2.34744 0.00650906
4.49011 2 2.32788 0.0065137
4.50011 2 2.34744 0.00651646
4.51011 2 2.32788 0.00652078
4.52011 2 2.34744 0.0065175
4.53011 2 2.32788 0.00651636
4.54011 2 2.34744 0.00649229
4.55016 2 2.32788 0.00652021
4.56011 2 2.34744 0.0065163
4.57011 2 2.32788 0.00651594
4.58011 2 2.34744 0.00651656
4.59011 2 2.32788 0.00651964
4.60011 2 2.34744 0.00651787
4.6101 2 2.3181 0.00651063
4.62011 2 2.34744 0.00651688
4.63011 2 2.32788 0.00652484
4.64011 2 2.34744 0.00651302
4.65016 2 2.32788 0.00651005
4.6601 2 2.34744 0.00652323
4.6701 2 2.32788 0.00652396
4.6801 2 2.34744 0.00651552
4.69011 2 2.32788 0.00651818
4.7001 2 2.34744 0.0065186
4.7101 2 2.32788 0.00652333
4.7201 2 2.34744 0.00651797
4.73011 2 2.32788 0.00649745
4.74011 2 2.34744 0.00651761
4.75011 2 2.32788 0.00652125
4.7601 2 2.34744 0.00651792
4.77011 2 2.32788 0.00651839
4.78011 2 2.34744 0.00651865
4.7901 2 2.32788 0.00652333
4.8001 2 2.34744 0.00651735
4.81011 2 2.32788 0.00651615
4.82011 2 2.34744 0.00651828
4.83011 2 2.32788 0.00652307
4.84011 2 2.34744 0.00651511
4.8501 2 2.32788 0.00652063
4.86011 2 2.34744 0.00650719
4.87011 2 2.32788 0.0065162
4.88011 2 2.34744 0.0065162
4.8901 2 2.32788 0.00651521
4.90011 2 2.34744 0.00651672
4.91011 2 2.32788 0.00652047
4.92011 2 2.34744 0.00651849
4.93011 2 2.32788 0.00651807
4.9401 2 2.34744 0.0065175
4.9501 2 2.32788 0.00647688
4.96011 2 2.34744 0.00651875
4.9701 2 2.32788 0.0064986
4.98011 2 2.33766 0.00651594
4.99011 2 2.32788 0.00651818
5.0001 2.5 2.34744 0.00650797
5.01011 2.5 2.34744 0.00651781
5.02011 2.5 2.43546 0.00651891
5.0301 2.5 2.5137 0.0065238
5.04011 2.5 2.64084 0.00651458
5.0501 2.5 2.74842 0.00652261
5.06015 2.5 2.87556 0.00652115
5.0701 2.5 2.97336 0.00651807
5.08011 2.5 3.07116 0.00651714
5.09011 2.5 3.11028 0.00651636
5.1001 2.5 3.1494 0.00650073
5.1101 2.5 3.12984 0.00652083
5.1201 2.5 3.11028 0.00651714
5.13011 2.5 3.0516 0.00651802
5.14011 2.5 2.99292 0.00651839
5.1501 2.5 2.9049 0.00652209
5.16015 2.5 2.84622 0.00651708
5.17011 2.5 2.7582 0.00651724
5.1801 2.5 2.7093 0.00651735
5.19011 2.5 2.65062 0.00652349
5.20011 2.5 2.64084 0.00651849
5.21011 2.5 2.62128 0.00651823
5.22011 2.5 2.65062 0.00651964
5.2301 2.5 2.6604 0.00652151
5.24011 2.5 2.7093 0.00651995
5.2501 2.5 2.73864 0.00652156
5.2601 2.5 2.8071 0.00551979
5.2701 2.5 2.83644 0.00651927
5.28011 2.5 2.89512 0.00651708
5.29011 2.5 2.9049 0.00650808
5.30011 2.5 2.94402 0.00651651
5.3101 2.5 2.94402 0.00651979
5.3201 2.5 2.9538 0.00650709
5.33011 2.5 2.93424 0.00651229
5.34011 2.5 2.92446 0.00651802
5.35011 2.5 2.88534 0.00649406
5.3601 2.5 2.86578 0.00651146
5.37011 2.5 2.82666 0.00651802
5.3801 2.5 2.81688 0.00651787
5.3901 2.5 2.77776 0.00652203
5.4001 2.5 2.77776 0.00651834
5.41011 2.5 2.74842 0.00651828
5.4201 2.5 2.7582 0.00651558
5.43011 2.5 2.74842 0.00652469
5.44011 2.5 2.77776 0.00651672
5.4501 2.5 2.76798 0.00651844
5.4601 2.5 2.79732 0.00651839
5.4701 2.5 2.81688 0.00651078
5.48011 2.5 2.83644 0.00651115
5.49011 2.5 2.84622 0.00651406
5.50011 2.5 2.86578 0.00651677
5.51011 2.5 2.86578 0.00651146
5.5201 2.5 2.87556 0.00651542
5.53011 2.5 2.86578 0.00651599
5.54011 2.5 2.87556 0.00650938
5.55011 2.5 2.856 0.00652167
5.56011 2.5 2.856 0.0064711
5.57011 2.5 2.82666 0.0065174
5.58011 2.5 2.83644 0.00651563
5.59011 2.5 2.81688 0.00652089
5.60011 2.5 2.81688 0.00651735
5.6101 2.5 2.79732 0.00651896
5.62011 2.5 2.8071 0.00651823
5.63011 2.5 2.79732 0.00652344
5.64025 2.5 2.8071 0.00651068
5.6501 2.5 2.79732 0.00652292
5.6601 2.5 2.81688 0.00652151
5.67015 2.5 2.81688 0.00652037
5.68011 2.5 2.82666 0.00651594
5.69011 2.5 2.82666 0.00651531
5.70011 2.5 2.83644 0.00651584
5.71011 2.5 2.83644 0.00652209
5.72011 2.5 2.84622 0.00651834
5.7301 2.5 2.83644 0.00650125
5.74011 2.5 2.84622 0.00651792
5.75011 2.5 2.83644 0.00652276
5.76011 2.5 2.84622 0.00651651
5.7701 2.5 2.83644 0.00651214
5.78011 2.5 2.83644 0.0065186
5.79011 2.5 2.82666 0.00652209
5.80011 2.5 2.82666 0.00651688
5.81011 2.5 2.81688 0.00651766
5.82011 2.5 2.82666 0.00651917
5.8301 2.5 2.81688 0.00652433
5.8401 2.5 2.82666 0.0065136
5.8501 2.5 2.81688 0.00652203
5.86011 2.5 2.82666 0.00651558
5.8701 2.5 2.81688 0.00651521
5.88011 2.5 2.82666 0.00651781
5.89011 2.5 2.81688 0.00651558
5.90011 2.5 2.83644 0.00651584
5.91011 2.5 2.82666 0.00652214
5.9201 2.5 2.83644 0.00651313
5.93011 2.5 2.82666 0.00651662
5.9401 2.5 2.83644 0.00651573
5.95011 2.5 2.82666 0.00652271
5.96011 2.5 2.83644 0.00652021
5.9701 2.5 2.82666 0.00645563
5.98011 2.5 2.83644 0.00651688
5.99011 2.5 2.82666 0.00652136
6.00011 2.5 2.82666 0.0065187
6.01011 2.5 2.82666 0.00651907
6.02011 2.5 2.83644 0.00651844
6.03011 2.5 2.81688 0.00652427
6.04013 2.5 2.83644 0.00541349
6.05021 2.5 2.81688 0.00639229
6.06023 2.5 2.82666 0.00641865
6.0702 2.5 2.82666 0.00519021
6.0802 2.5 2.82666 0.00640235
6.09021 2.5 2.82666 0.00645068
6.10016 2.5 2.82666 0.00648141
6.11015 2.5 2.82666 0.00643157
6.12014 2.5 2.83644 0.00646302
6.13013 2.5 2.82666 0.00645964
6.14015 2.5 2.82666 0.00644927
6.15014 2.5 2.82666 0.00645422
6.16013 2.5 2.83644 0.00645849
6.17012 2.5 2.82666 0.00647005
6.18012 2.5 2.82666 0.00647755
6.19012 2.5 2.82666 0.00646479
6.20012 2.5 2.82666 0.00648542
6.21012 2.5 2.82666 0.00646302
6.22011 2.5 2.82666 0.00648589
6.23014 2.5 2.82666 0.00654255
6.2401 2.5 2.82666 0.00652375
6.25009 2.5 2.82666 0.00756281
6.26008 2.5 2.82666 0.00756537
6.27008 2.5 2.82666 0.00756542
6.28008 2.5 2.82666 0.00756589
6.29009 2.5 2.82666 0.00756151
6.30009 2.5 2.82666 0.00756068
6.31009 2.5 2.82666 0.00755917
6.32009 2.5 2.82666 0.0075575
6.33009 2.5 2.82666 0.00756136
6.34009 2.5 2.82666 0.00756224
6.35009 2.5 2.82666 0.00756183
6.36009 2.5 2.82666 0.00756438
6.37009 2.5 2.82666 0.00755844
6.38009 2.5 2.82666 0.00756157
6.39009 2.5 2.82666 0.00756146
6.40009 2.5 2.82666 0.00756214
6.41009 2.5 2.82666 0.00756157
6.42009 2.5 2.82666 0.00756146
6.43009 2.5 2.82666 0.00755943
6.44009 2.5 2.82666 0.00749334
6.4501 2.5 2.82666 0.00654808
6.4601 2.5 2.82666 0.00756505
6.47008 2.5 2.82666 0.00756125
6.48009 2.5 2.82666 0.00755745
6.49009 2.5 2.82666 0.00755943
6.50009 2.5 2.82666 0.00756089
6.51009 2.5 2.82666 0.00756089
6.52009 2.5 2.82666 0.00756115
6.53009 2.5 2.82666 0.00756094
6.54009 2.5 2.82666 0.00756063
6.55009 2.5 2.82666 0.00756188
6.56009 2.5 2.82666 0.00756167
6.57009 2.5 2.82666 0.00756641
6.58009 2.5 2.82666 0.00755974
6.59009 2.5 2.82666 0.00756157
6.60009 2.5 2.82666 0.00756078
6.61009 2.5 2.82666 0.0075662
6.62009 2.5 2.82666 0.00756229
6.63009 2.5 2.82666 0.00756
6.64009 2.5 2.82666 0.00721318
6.65009 2.5 2.82666 0.00756474
6.66009 2.5 2.82666 0.00756479
6.67008 2.5 2.82666 0.00756485
6.68009 2.5 2.82666 0.00755943
6.69009 2.5 2.82666 0.00756078
6.70009 2.5 2.82666 0.00756073
6.71009 2.5 2.82666 0.00755818
6.72009 2.5 2.82666 0.00755896
6.73009 2.5 2.82666 0.00756094
6.74009 2.5 2.82666 0.00756141
6.75009 2.5 2.82666 0.00756151
6.76009 2.5 2.82666 0.00756141
6.77009 2.5 2.82666 0.00756209
6.78009 2.5 2.82666 0.00756438
6.79009 2.5 2.82666 0.00755766
6.80009 2.5 2.82666 0.00756266
6.81009 2.5 2.82666 0.00755922
6.82009 2.5 2.82666 0.00756188
6.83009 2.5 2.82666 0.00756193
6.84009 2.5 2.82666 0.00756136
6.8501 2.5 2.82666 0.00756495
6.8601 2.5 2.82666 0.00756063
6.87009 2.5 2.82666 0.00756464
6.88028 2.5 2.82666 0.00651068
6.89011 2.5 2.82666 0.00651766
6.90011 2.5 2.82666 0.00651818
6.91011 2.5 2.82666 0.00652443
6.92011 2.5 2.82666 0.00651797
6.93011 2.5 2.82666 0.00652037
6.9401 2.5 2.82666 0.00651891
6.9501 2.5 2.82666 0.00652406
6.96011 2.5 2.82666 0.00651547
6.97011 2.5 2.82666 0.00637099
6.98016 2.5 2.82666 0.00651381
6.9901 2.5 2.82666 0.00651662
7.00011 2.5 2.82666 0.00651896
7.01014 2.5 2.82666 0.00650375
7.02012 2.5 2.82666 0.0065187
7.03011 2.5 2.82666 0.00652021
7.04011 2.5 2.82666 0.00651886
7.05012 2.5 2.82666 0.00651412
7.0601 2.5 2.82666 0.00649557
7.0701 2.5 2.82666 0.0065174
7.0801 2.5 2.82666 0.0064836
7.09011 2.5 2.82666 0.00651552
7.10011 2.5 2.82666 0.00651724
7.1101 2.5 2.82666 0.0065099
7.12011 2.5 2.82666 0.00651776
7.13011 2.5 2.82666 0.00651828
7.14011 2.5 2.82666 0.00651797
7.15011 2.5 2.82666 0.00652391
7.16011 2.5 2.82666 0.00651792
7.17011 2.5 2.82666 0.0065188
7.18011 2.5 2.82666 0.00646912
7.19011 2.5 2.82666 0.00652198
7.2001 2.5 2.82666 0.00651224
7.21011 2.5 2.82666 0.00651834
7.2201 2.5 2.82666 0.00651683
7.23011 2.5 2.83644 0.00652292
7.2401 2.5 2.82666 0.00651907
7.25012 2.5 2.82666 0.00551422
7.2601 2.5 2.82666 0.00651943
7.2701 2.5 2.82666 0.00652797
7.2801 2.5 2.82666 0.00645886
7.29011 2.5 2.82666 0.00651599
7.30011 2.5 2.82666 0.00651792
7.31011 2.5 2.82666 0.00652349
7.32011 2.5 2.82666 0.00651828
7.33011 2.5 2.83644 0.00651854
7.34011 2.5 2.82666 0.00651912
7.35011 2.5 2.82666 0.00652344
7.3601 2.5 2.82666 0.0065188
7.37011 2.5 2.82666 0.00651901
7.38011 2.5 2.82666 0.00651964
7.39015 2.5 2.83644 0.00652084
7.4001 2.5 2.82666 0.0065211
7.4101 2.5 2.82666 0.00651698
7.42011 2.5 2.82666 0.00651979
7.4301 2.5 2.82666 0.00652287
7.44011 2.5 2.82666 0.00652084
7.45011 2.5 2.82666 0.00651443
7.4601 2.5 2.82666 0.00652099
7.4701 2.5 2.83644 0.00653167
7.4801 2.5 2.82666 0.00651531
7.49016 2.5 2.82666 0.00651683
7.50011 2.5 2.82666 0.00651854
7.5101 2.5 2.82666 0.00652193
7.52011 2.5 2.82666 0.00651938
7.53011 2.5 2.82666 0.00651839
7.54011 2.5 2.82666 0.00651865
7.55011 2.5 2.82666 0.00652396
7.56011 2.5 2.82666 0.00651912
7.57011 2.5 2.82666 0.00651823
7.5801 2.5 2.82666 0.0065174
7.5901 2.5 2.82666 0.00551714
7.60011 2.5 2.82666 0.00651802
7.6101 2.5 2.83644 0.00652375
7.6201 2.5 2.82666 0.00651834
7.63011 2.5 2.82666 0.00652386
7.64011 2.5 2.82666 0.00651896
7.65011 2.5 2.82666 0.00651979
7.6601 2.5 2.82666 0.0065238
7.6701 2.5 2.82666 0.00652162
7.6801 2.5 2.82666 0.00651865
7.69011 2.5 2.82666 0.00651542
7.7001 2.5 2.82666 0.00651578
7.7101 2.5 2.83644 0.00652177
7.7201 2.5 2.82666 0.00651505
7.73011 2.5 2.82666 0.00651792
7.74011 2.5 2.82666 0.00651828
7.75011 2.5 2.82666 0.00652386
7.76011 2.5 2.82666 0.00651099
7.77011 2.5 2.83644 0.00651745
7.78011 2.5 2.82666 0.00651886
7.79011 2.5 2.83644 0.00647875
7.80011 2.5 2.82666 0.00651693
7.81011 2.5 2.83644 0.00651907
7.82011 2.5 2.82666 0.00651922
7.8301 2.5 2.83644 0.00652334
7.84011 2.5 2.82666 0.00652078
7.85011 2.5 2.82666 0.00651933
7.8601 2.5 2.82666 0.00651401
7.8701 2.5 2.83644 0.00651568
7.8801 2.5 2.82666 0.00651969
7.89011 2.5 2.83644 0.00646209
7.90011 2.5 2.82666 0.00651657
7.91011 2.5 2.83644 0.0065238
7.92011 2.5 2.82666 0.00651964
7.9301 2.5 2.83644 0.00651912
7.94011 2.5 2.82666 0.00651719
7.95011 2.5 2.82666 0.00651865
7.9601 2.5 2.82666 0.00651271
7.97011 2.5 2.83644 0.00652136
7.98012 2.5 2.82666 0.00651584
7.99011 2.5 2.82666 0.00652219
8.00016 2.5 2.82666 0.00651714
8.01012 2.5 2.83644 0.00650115
8.02011 2.5 2.82666 0.00651412
8.03011 2.5 2.83644 0.0065148
8.0401 2.5 2.82666 0.00651344
8.05012 2.5 2.82666 0.00551599
8.0601 2.5 2.82666 0.00651896
8.0701 2.5 2.82666 0.00652688
8.0801 2.5 2.82666 0.00651578
8.09011 2.5 2.82666 0.00651693
8.10016 2.5 2.82666 0.00651641
8.1101 2.5 2.83644 0.00651849
8.12011 2.5 2.82666 0.00651631
8.1301 2.5 2.83644 0.00651969
8.14011 2.5 2.82666 0.00651834
8.15011 2.5 2.83644 0.00652401
8.16011 2.5 2.81688 0.00651927
8.17011 2.5 2.83644 0.00651964
8.18011 2.5 2.82666 0.0065188
8.19011 2.5 2.83644 0.00652375
8.20015 2.5 2.82666 0.00651396
8.21011 2.5 2.83644 0.0065186
8.2201 2.5 2.82666 0.0065186
8.23011 2.5 2.83644 0.00652453
8.24011 2.5 2.82666 0.00651995
8.25011 2.5 2.83644 0.0065223
8.26011 2.5 2.82666 0.0065211
8.2701 2.5 2.83644 0.00652828
8.2801 2.5 2.82666 0.00651558
8.29011 2.5 2.83644 0.00651646
8.30011 2.5 2.82666 0.00651766
8.31011 2.5 2.83644 0.00652245
8.32011 2.5 2.82666 0.0065175
8.33011 2.5 2.83644 0.00651703
8.34011 2.5 2.81688 0.00651745
8.35011 2.5 2.83644 0.00652292
8.3601 2.5 2.82666 0.00651235
8.37011 2.5 2.83644 0.00651886
8.38011 2.5 2.81688 0.00651948
8.39011 2.5 2.83644 0.00651177
8.40011 2.5 2.82666 0.00651417
8.41011 2.5 2.82666 0.00651797
8.42011 2.5 2.82666 0.00651792
8.43011 2.5 2.83644 0.00652365
8.4401 2.5 2.82666 0.00651625
8.45011 2.5 2.83644 0.00651459
8.4601 2.5 2.81688 0.00652469
8.4701 2.5 2.83644 0.00652542
8.4801 2.5 2.81688 0.00651693
8.49011 2.5 2.83644 0.00651735
8.50011 2.5 2.82666 0.00646917
8.51011 2.5 2.83644 0.00651636
8.52011 2.5 2.81688 0.00651792
8.53011 2.5 2.83644 0.00651745
8.54011 2.5 2.81688 0.00651917
8.55011 2.5 2.83644 0.0065237
8.56011 2.5 2.82666 0.00651839
8.57011 2.5 2.83644 0.00651797
8.58011 2.5 2.82666 0.00651584
8.59011 2.5 2.83644 0.00652323
8.60011 2.5 2.82666 0.00647495
8.6101 2.5 2.83644 0.00651834
8.62011 2.5 2.82666 0.00652
8.63011 2.5 2.83644 0.00652167
8.6401 2.5 2.81688 0.0065213
8.65011 2.5 2.83644 0.00652084
8.6601 2.5 2.81688 0.00652433
8.6701 2.5 2.83644 0.00652969
8.6801 2.5 2.81688 0.00651787
8.69011 2.5 2.83644 0.00651855
8.70011 2.5 2.81688 0.0064724
8.71011 2.5 2.83644 0.00652146
8.7201 2.5 2.81688 0.00651907
8.7301 2.5 2.83644 0.00652037
8.7401 2.5 2.82666 0.00652068
8.7501 2.5 2.83644 0.00652433
8.7601 2.5 2.82666 0.00652006
8.7701 2.5 2.83644 0.00651313
8.78011 2.5 2.81688 0.00651969
8.79011 2.5 2.83644 0.00652391
8.8001 2.5 2.81688 0.00651896
8.8101 2.5 2.82666 0.00651896
8.8201 2.5 2.81688 0.00651948
8.83011 2.5 2.83644 0.00652297
8.84011 2.5 2.81688 0.00651292
8.85011 2.5 2.83644 0.00652
8.8601 2.5 2.81688 0.00650677
8.87011 2.5 2.83644 0.00652355
8.8801 2.5 2.82666 0.00651615
8.89011 2.5 2.83644 0.00651808
8.9001 2.5 2.81688 0.00651818
8.91011 2.5 2.83644 0.00652375
8.92011 2.5 2.82666 0.0065199
8.9301 2.5 2.83644 0.00651969
8.94011 2.5 2.81688 0.00652016
8.95011 2.5 2.83644 0.00652443
8.9601 2.5 2.81688 0.00651094
8.9701 2.5 2.83644 0.00652104
8.98011 2.5 2.81688 0.00651511
8.99011 2.5 2.83644 0.00652433
9.00011 2.5 2.81688 0.00651995
9.01015 2.5 2.83644 0.00652
9.02031 2.5 2.82666 0.00649688
9.03012 2.5 2.83644 0.00652078
9.04011 2.5 2.81688 0.00651776
9.05012 2.5 2.83644 0.00650865
9.06011 2.5 2.81688 0.00652094
9.0701 2.5 2.83644 0.00652479
9.0801 2.5 2.81688 0.0065224
9.0901 2.5 2.83644 0.00651
9.10011 2.5 2.81688 0.00651573
9.11016 2.5 2.83644 0.0065175
9.12011 2.5 2.81688 0.00651766
9.13011 2.5 2.83644 0.00651834
9.14011 2.5 2.81688 0.00651839
9.15011 2.5 2.83644 0.00651719
9.1601 2.5 2.81688 0.00651157
9.17011 2.5 2.83644 0.00651797
9.18011 2.5 2.81688 0.00651829
9.19011 2.5 2.83644 0.0065186
9.20011 2.5 2.81688 0.0065174
9.21011 2.5 2.83644 0.00651776
9.22011 2.5 2.81688 0.00651839
9.2301 2.5 2.83644 0.00652427
9.2401 2.5 2.81688 0.006515
9.25047 2.5 2.83644 0.00651459
9.2601 2.5 2.81688 0.00652537
9.2701 2.5 2.83644 0.00652313
9.2801 2.5 2.81688 0.00651901
9.29011 2.5 2.83644 0.00651745
9.3001 2.5 2.81688 0.00651391
9.31011 2.5 2.83644 0.00651891
9.32011 2.5 2.81688 0.00651787
9.33011 2.5 2.83644 0.00651891
9.34011 2.5 2.81688 0.0065186
9.35011 2.5 2.83644 0.00652276
9.3601 2.5 2.81688 0.00651802
9.37011 2.5 2.83644 0.00651985
9.38011 2.5 2.81688 0.00651969
9.39011 2.5 2.83644 0.00650407
9.40011 2.5 2.81688 0.00651875
9.4101 2.5 2.83644 0.00647677
9.42011 2.5 2.81688 0.00651912
9.4301 2.5 2.83644 0.0065188
9.44013 2.5 2.81688 0.00650787
9.45012 2.5 2.83644 0.00647183
9.46011 2.5 2.81688 0.00651829
9.4701 2.5 2.83644 0.00652552
9.4801 2.5 2.81688 0.00650599
9.49012 2.5 2.83644 0.00650995
9.50011 2.5 2.81688 0.00651485
9.5101 2.5 2.83644 0.00651417
9.52016 2.5 2.81688 0.0065136
9.53011 2.5 2.83644 0.00651693
9.54011 2.5 2.81688 0.00651761
9.55011 2.5 2.83644 0.00652146
9.56011 2.5 2.81688 0.00651787
9.57011 2.5 2.83644 0.00651766
9.58011 2.5 2.81688 0.00651604
9.5901 2.5 2.83644 0.00652089
9.60011 2.5 2.81688 0.00651599
9.6101 2.5 2.83644 0.00651813
9.62011 2.5 2.81688 0.00651641
9.63011 2.5 2.83644 0.00652261
9.64011 2.5 2.81688 0.00651922
9.6501 2.5 2.83644 0.00648657
9.66011 2.5 2.81688 0.00652032
9.6701 2.5 2.83644 0.00651615
9.6801 2.5 2.81688 0.00651953
9.6901 2.5 2.83644 0.00652256
9.7001 2.5 2.81688 0.00651214
9.71011 2.5 2.83644 0.00652032
9.7201 2.5 2.81688 0.00651375
9.73011 2.5 2.83644 0.00651745
9.74011 2.5 2.81688 0.0065173
9.75011 2.5 2.83644 0.00652214
9.76011 2.5 2.81688 0.00651756
9.77011 2.5 2.83644 0.00651506
9.78011 2.5 2.81688 0.0065173
9.79011 2.5 2.83644 0.0065225
9.8001 2.5 2.81688 0.00651485
9.81012 2.5 2.83644 0.00651058
9.82012 2.5 2.81688 0.00644834
9.83011 2.5 2.83644 0.00652079
9.84011 2.5 2.81688 0.00651922
9.8501 2.5 2.83644 0.00648875
9.86011 2.5 2.81688 0.00649839
9.87011 2.5 2.83644 0.00651829
9.8801 2.5 2.81688 0.00651464
9.89011 2.5 2.83644 0.00650776
9.90011 2.5 2.81688 0.00651547
9.91011 2.5 2.83644 0.00652188
9.92011 2.5 2.81688 0.00651594
9.93016 2.5 2.83644 0.00651573
9.94011 2.5 2.81688 0.00651823
9.9501 2.5 2.83644 0.00652313
9.96011 2.5 2.81688 0.00651823
9.97011 2.5 2.83644 0.00629073
9.98012 2.5 2.81688 0.00651714
9.99011 2.5 2.83644 0.00652334
10.0001 0 0 0.00989323
10.0101 0 0 0.00989604
10.0201 0 0 0.00989594
10.0301 0 0 0.00989537
10.0401 0 0 0.00989667
10.0501 0 0 0.00989771
10.0601 0 0 0.00988396
10.0701 0 0 0.00989339
10.0801 0 0 0.00989844
10.0901 0 0 0.00989891
10.1001 0 0 0.00988865
10.1101 0 0 0.00989287
10.1201 0 0 0.00989104
10.1301 0 0 0.00989495
10.1402 0 0 0.00984396
10.1501 0 0 0.00989209
10.1601 0 0 0.00989443
10.1701 0 0 0.00989417
10.1801 0 0 0.00989719
10.1901 0 0 0.00989573
10.2001 0 0 0.00989636
10.2101 0 0 0.00989688
10.2201 0 0 0.00989672
10.2301 0 0 0.00989688
