1.146e-06 2 0.37188 0.00708187
0.0102324 2 0.45012 0.00714026
0.020099 2 0.72396 0.0071524
0.0300899 2 1.07604 0.00715339
0.0400899 2 1.52592 0.00715135
0.050088 2 1.9758 0.00713927
0.0600912 2 2.44524 0.00714135
0.0700911 2 2.82666 0.00715755
0.0800901 2 3.16896 0.00715318
0.0900894 2 3.38412 0.00715516
0.100087 2 3.52104 0.00715208
0.110092 2 3.51126 0.00715292
0.120092 2 3.43302 0.00715307
0.130091 2 3.23742 0.00715438
0.140086 2 3.01248 0.00715469
0.150091 2 2.7093 0.0071549
0.16009 2 2.44524 0.0071549
0.170096 2 2.15184 0.00715208
0.180088 2 1.93668 0.00715443
0.19009 2 1.74108 0.00715479
0.20009 2 1.65306 0.00715464
0.210087 2 1.5846 0.00715385
0.220088 2 1.64328 0.00715339
0.230087 2 1.70196 0.00714943
0.24009 2 1.85844 0.00715396
0.250091 2 1.99536 0.00715339
0.260091 2 2.19096 0.00714995
0.27009 2 2.33766 0.00715479
0.280088 2 2.5137 0.00715302
0.290094 2 2.62128 0.00714448
0.30009 2 2.73864 0.00715375
0.310093 2 2.7582 0.00714333
0.320094 2 2.78754 0.00715354
0.330092 2 2.73864 0.00715266
0.340087 2 2.68974 0.00715271
0.350092 2 2.58216 0.00715318
0.360091 2 2.49414 0.00715354
0.370091 2 2.367 0.00715432
0.380087 2 2.28876 0.00715422
0.39009 2 2.1714 0.00715495
0.40009 2 2.13228 0.00715412
0.41009 2 2.05404 0.00715464
0.420087 2 2.06382 0.00715375
0.43009 2 2.05404 0.00715474
0.440091 2 2.11272 0.00715422
0.450088 2 2.13228 0.00715385
0.46009 2 2.2203 0.00715057
0.470093 2 2.2692 0.00715641
0.480089 2 2.34744 0.00715307
0.490087 2 2.38656 0.00715734
0.500088 2 2.45502 0.00715125
0.510092 2 2.47458 0.00715307
0.520089 2 2.5137 0.00711062
0.530116 2 2.49414 0.00711099
0.540105 2 2.50392 0.00711328
0.550111 2 2.45502 0.00711385
0.560111 2 2.44524 0.00711479
0.57011 2 2.37678 0.00711307
0.580105 2 2.367 0.00711375
0.590109 2 2.29854 0.0071149
0.60011 2 2.28876 0.0071138
0.610109 2 2.23986 0.00711552
0.620155 2 2.24964 0.00711385
0.630111 2 2.21052 0.0071162
0.640109 2 2.23986 0.00711526
0.650109 2 2.23008 0.00711432
0.660104 2 2.2692 0.00710844
0.670109 2 2.2692 0.00711958
0.680105 2 2.3181 0.00711281
0.690106 2 2.32788 0.00712021
0.700104 2 2.367 0.0071113
0.710111 2 2.367 0.0071063
0.720164 2 2.39634 0.00611854
0.730112 2 2.38656 0.00711323
0.740114 2 2.4159 0.00709083
0.750134 2 2.37678 0.00710974
0.760115 2 2.39634 0.00711401
0.770106 2 2.35722 0.00711031
0.780107 2 2.367 0.00711448
0.790111 2 2.32788 0.00711511
0.80011 2 2.33766 0.00711261
0.810111 2 2.29854 0.00711453
0.820104 2 2.3181 0.00710823
0.830111 2 2.28876 0.00711464
0.84011 2 2.30832 0.00710708
0.850118 2 2.27898 0.00711224
0.860109 2 2.30832 0.0071063
0.87011 2 2.28876 0.00711917
0.880107 2 2.32788 0.00711141
0.890108 2 2.3181 0.00711911
0.900107 2 2.34744 0.00711396
0.910111 2 2.32788 0.0071137
0.92011 2 2.367 0.00705979
0.930111 2 2.33766 0.00711417
0.940105 2 2.367 0.00711443
0.95011 2 2.34744 0.00711391
0.96011 2 2.367 0.00711505
0.970111 2 2.33766 0.00711354
0.980105 2 2.367 0.00711464
0.990111 2 2.32788 0.00708344
1.00013 2 2.34744 0.00711052
1.01011 2 2.3181 0.00711448
1.02011 2 2.33766 0.00705854
1.03011 2 2.30832 0.00711083
1.04011 2 2.32788 0.00711417
1.05011 2 2.30832 0.00711505
1.06011 2 2.32788 0.00709943
1.07011 2 2.30832 0.00711891
1.08011 2 2.33766 0.00710802
1.09011 2 2.3181 0.00711547
1.10011 2 2.34744 0.00711182
1.11011 2 2.3181 0.00712
1.1201 2 2.34744 0.00703594
1.13012 2 2.32788 0.00711386
1.14011 2 2.35722 0.00711438
1.15011 2 2.32788 0.00711469
1.16011 2 2.35722 0.00711443
1.17011 2 2.32788 0.00711479
1.1801 2 2.34744 0.00709833
1.19011 2 2.32788 0.00711521
1.20011 2 2.34744 0.00711469
1.21011 2 2.3181 0.00711474
1.2201 2 2.34744 0.00711453
1.23015 2 2.3181 0.0071149
1.24011 2 2.34744 0.00711542
1.25011 2 2.3181 0.00710516
1.26011 2 2.34744 0.00711042
1.27011 2 2.3181 0.00711537
1.2801 2 2.34744 0.00711203
1.29011 2 2.3181 0.00712016
1.30011 2 2.34744 0.00710662
1.31011 2 2.32788 0.00711427
1.32011 2 2.34744 0.00711375
1.33016 2 2.32788 0.00711313
1.3401 2 2.34744 0.00711505
1.35011 2 2.32788 0.00711469
1.36011 2 2.34744 0.00711474
1.37011 2 2.32788 0.00711411
1.3801 2 2.34744 0.00711396
1.39011 2 2.3181 0.00711417
1.40011 2 2.34744 0.0071149
1.41011 2 2.3181 0.00711401
1.42011 2 2.34744 0.00710891
1.43016 2 2.3181 0.00711385
1.44011 2 2.34744 0.00711359
1.45011 2 2.3181 0.00711391
1.46011 2 2.34744 0.00711224
1.47011 2 2.3181 0.00712083
1.4801 2 2.34744 0.0071125
1.4901 2 2.3181 0.00711938
1.5001 2 2.34744 0.00711297
1.51011 2 2.3181 0.00712245
1.5201 2 2.34744 0.00711401
1.53011 2 2.3181 0.00711255
1.5401 2 2.34744 0.00711427
1.55011 2 2.3181 0.00711547
1.56011 2 2.34744 0.00711448
1.57011 2 2.3181 0.00711411
1.5801 2 2.34744 0.00711516
1.59011 2 2.32788 0.00711292
1.60011 2 2.34744 0.00711479
1.61011 2 2.3181 0.00711469
1.62011 2 2.34744 0.00711511
1.63011 2 2.3181 0.00707422
1.64011 2 2.34744 0.00711464
1.65011 2 2.32788 0.00711339
1.66011 2 2.34744 0.00711005
1.6701 2 2.3181 0.00711917
1.68011 2 2.34744 0.0071138
1.6901 2 2.3181 0.00712089
1.70011 2 2.34744 0.00711396
1.71011 2 2.32788 0.00711474
1.72012 2 2.34744 0.00711354
1.73011 2 2.3181 0.00706526
1.74011 2 2.34744 0.00711016
1.75012 2 2.32788 0.00711385
1.76011 2 2.34744 0.00711349
1.77011 2 2.3181 0.0070912
1.78011 2 2.34744 0.00711161
1.79011 2 2.3181 0.00711422
1.80011 2 2.34744 0.00711453
1.81011 2 2.3181 0.00711443
1.8201 2 2.34744 0.00711479
1.83011 2 2.3181 0.00711511
1.84013 2 2.34744 0.00705104
1.85015 2 2.3181 0.00710807
1.86012 2 2.34744 0.00709979
1.87011 2 2.32788 0.00711943
1.88011 2 2.34744 0.00711146
1.89011 2 2.3181 0.00708948
1.90011 2 2.34744 0.00711167
1.91011 2 2.3181 0.007115
1.92011 2 2.34744 0.00711188
1.93011 2 2.3181 0.0071137
1.94017 2 2.34744 0.00611443
1.95011 2 2.3181 0.00710604
1.96011 2 2.34744 0.00711406
1.97011 2 2.32788 0.00711417
1.98011 2 2.34744 0.00711323
1.99011 2 2.3181 0.00711443
2.00012 2 2.34744 0.00588083
2.01017 2 2.3181 0.0070987
2.02011 2 2.34744 0.00710932
2.03011 2 2.3181 0.00711146
2.04011 2 2.34744 0.00711073
2.05012 2 2.3181 0.00711307
2.06011 2 2.34744 0.00710443
2.07011 2 2.3181 0.00711511
2.08011 2 2.34744 0.00710891
2.09011 2 2.3181 0.00711927
2.10011 2 2.34744 0.00710438
2.11011 2 2.3181 0.00711401
2.12011 2 2.34744 0.00711391
2.13011 2 2.3181 0.00711349
2.14011 2 2.34744 0.00710724
2.15011 2 2.3181 0.00711479
2.16011 2 2.34744 0.00711401
2.17011 2 2.3181 0.00711464
2.1801 2 2.34744 0.00711287
2.19011 2 2.3181 0.00711422
2.20011 2 2.34744 0.00711438
2.2101 2 2.3181 0.00711396
2.2201 2 2.34744 0.00711484
2.2301 2 2.3181 0.00711474
2.24011 2 2.34744 0.00707203
2.25011 2 2.3181 0.00710995
2.26012 2 2.34744 0.00711292
2.27011 2 2.3181 0.00710985
2.28011 2 2.34744 0.00712037
2.29011 2 2.3181 0.00710552
2.30011 2 2.34744 0.00711958
2.31011 2 2.3181 0.00710938
2.32011 2 2.34744 0.00711438
2.33011 2 2.3181 0.00711464
2.3401 2 2.34744 0.007115
2.35011 2 2.3181 0.00711266
2.36011 2 2.34744 0.00711354
2.37011 2 2.3181 0.00710906
2.38011 2 2.34744 0.00711464
2.39011 2 2.3181 0.00711412
2.40011 2 2.34744 0.00711412
2.41011 2 2.3181 0.00711464
2.4201 2 2.34744 0.00711443
2.43011 2 2.3181 0.00711307
2.44011 2 2.34744 0.00711552
2.45015 2 2.3181 0.00711484
2.46011 2 2.34744 0.00711031
2.47011 2 2.3181 0.0071124
2.48011 2 2.34744 0.00711964
2.4901 2 2.3181 0.00710641
2.50011 2 2.34744 0.00712037
2.51011 2 2.3181 0.00711281
2.52011 2 2.34744 0.00711333
2.53011 2 2.3181 0.00711401
2.54011 2 2.34744 0.00711521
2.55011 2 2.32788 0.00710755
2.56011 2 2.34744 0.00711453
2.57011 2 2.32788 0.00711375
2.5801 2 2.34744 0.00711375
2.59011 2 2.3181 0.00711412
2.60011 2 2.34744 0.00711469
2.61011 2 2.32788 0.00711328
2.6201 2 2.34744 0.00711474
2.63011 2 2.3181 0.00711438
2.64011 2 2.34744 0.00711453
2.65011 2 2.3181 0.0070674
2.6601 2 2.34744 0.00710839
2.67011 2 2.3181 0.00710464
2.68011 2 2.34744 0.00711984
2.6901 2 2.3181 0.00711349
2.7001 2 2.34744 0.00711959
2.7101 2 2.3181 0.00710875
2.72011 2 2.34744 0.00711453
2.73011 2 2.32788 0.00710953
2.74012 2 2.34744 0.00710912
2.75012 2 2.3181 0.00711349
2.76011 2 2.34744 0.00711458
2.77011 2 2.3181 0.00711443
2.78011 2 2.34744 0.007115
2.79011 2 2.32788 0.00711964
2.80011 2 2.34744 0.00711016
2.81011 2 2.32788 0.0071149
2.8201 2 2.34744 0.00711505
2.83011 2 2.3181 0.00711495
2.84011 2 2.34744 0.00711443
2.85011 2 2.3181 0.00711495
2.8601 2 2.34744 0.00709177
2.87011 2 2.32788 0.00710667
2.88011 2 2.34744 0.00711964
2.8901 2 2.32788 0.00710948
2.90011 2 2.34744 0.00712
2.91011 2 2.3181 0.00711193
2.92011 2 2.34744 0.00711432
2.93011 2 2.32788 0.00711334
2.9401 2 2.34744 0.00711469
2.95011 2 2.3181 0.00711458
2.96016 2 2.34744 0.00711406
2.97011 2 2.3181 0.00711297
2.98011 2 2.34744 0.00711458
2.99011 2 2.3181 0.00711464
3.00011 2 2.34744 0.00711422
3.01011 2 2.3181 0.00711297
3.02011 2 2.34744 0.00711453
3.03011 2 2.3181 0.00711453
3.04011 2 2.34744 0.00711318
3.05011 2 2.32788 0.00711334
3.0601 2 2.34744 0.007095
3.07011 2 2.3181 0.00710885
3.08011 2 2.34744 0.00711886
3.0901 2 2.32788 0.00711094
3.10011 2 2.34744 0.00711839
3.11011 2 2.32788 0.0071137
3.12011 2 2.34744 0.00711422
3.13011 2 2.32788 0.00711417
3.1401 2 2.34744 0.00711474
3.15011 2 2.32788 0.00711401
3.16011 2 2.34744 0.00706615
3.17011 2 2.3181 0.00711261
3.1801 2 2.34744 0.00711479
3.19011 2 2.32788 0.00711469
3.20011 2 2.34744 0.00711464
3.21011 2 2.32788 0.00711412
3.2201 2 2.34744 0.00711318
3.23011 2 2.32788 0.00711406
3.24011 2 2.34744 0.00711349
3.25011 2 2.32788 0.00711438
3.2601 2 2.34744 0.00704761
3.27012 2 2.3181 0.00709198
3.28012 2 2.34744 0.0071175
3.29011 2 2.3181 0.00711302
3.30011 2 2.34744 0.00712141
3.31011 2 2.3181 0.00711307
3.32011 2 2.34744 0.00711386
3.33011 2 2.3181 0.00710813
3.34011 2 2.34744 0.00711432
3.35011 2 2.3181 0.00711542
3.36011 2 2.34744 0.00711469
3.37016 2 2.32788 0.00710521
3.38011 2 2.34744 0.00711219
3.39011 2 2.32788 0.00709432
3.40011 2 2.34744 0.00711469
3.41011 2 2.3181 0.00711484
3.42011 2 2.34744 0.0071149
3.43011 2 2.32788 0.0071149
3.44011 2 2.34744 0.00711557
3.45011 2 2.32788 0.00709797
3.4601 2 2.34744 0.00711422
3.47011 2 2.32788 0.00710625
3.48011 2 2.34744 0.00712052
3.49011 2 2.32788 0.00711271
3.50011 2 2.34744 0.00711948
3.5101 2 2.32788 0.00711401
3.5201 2 2.34744 0.00711365
3.53011 2 2.3181 0.00711349
3.54011 2 2.34744 0.00711521
3.55011 2 2.32788 0.00711375
3.56011 2 2.34744 0.00711521
3.57011 2 2.32788 0.00706708
3.58011 2 2.34744 0.00711542
3.59011 2 2.32788 0.00711542
3.6001 2 2.34744 0.00711432
3.61011 2 2.3181 0.00711432
3.62011 2 2.34744 0.00711474
3.63011 2 2.32788 0.00711068
3.64011 2 2.34744 0.00711318
3.65011 2 2.3181 0.00711516
3.6601 2 2.34744 0.0071149
3.67011 2 2.3181 0.00705526
3.68011 2 2.34744 0.00711959
3.69011 2 2.3181 0.00710854
3.70011 2 2.34744 0.00711974
3.71011 2 2.3181 0.00711136
3.72011 2 2.34744 0.00711412
3.73011 2 2.32788 0.00711458
3.74011 2 2.34744 0.00710969
3.75012 2 2.32788 0.00711229
3.76011 2 2.34744 0.0071137
3.77011 2 2.32788 0.00711354
3.78016 2 2.34744 0.00711261
3.79011 2 2.32788 0.0071111
3.80011 2 2.34744 0.007115
3.81011 2 2.32788 0.00711016
3.82011 2 2.34744 0.00711438
3.83011 2 2.32788 0.00711464
3.84011 2 2.34744 0.00711412
3.85014 2 2.32788 0.00710313
3.86012 2 2.34744 0.00707443
3.87011 2 2.32788 0.00710656
3.88018 2 2.34744 0.00711136
3.89011 2 2.3181 0.0071112
3.90011 2 2.34744 0.00711938
3.91011 2 2.32788 0.00711141
3.92011 2 2.34744 0.0071199
3.93011 2 2.3181 0.00711417
3.94037 2 2.34744 0.00602813
3.95015 2 2.3181 0.00700432
3.96018 2 2.34744 0.0060136
3.97014 2 2.32788 0.00596016
3.98198 2 2.34744 0.00497464
3.99017 2 2.32788 0.00703234
4.00012 2 2.34744 0.00709906
4.01012 2 2.3181 0.00707401
4.02015 2 2.34744 0.00706021
4.03014 2 2.3181 0.00706031
4.04014 2 2.34744 0.00705281
4.05012 2 2.3181 0.00504125
4.06017 2 2.34744 0.00705302
4.07012 2 2.32788 0.00704438
4.08012 2 2.34744 0.00710193
4.09011 2 2.32788 0.00709417
4.10011 2 2.34744 0.00709625
4.11011 2 2.32788 0.00710349
4.12012 2 2.34744 0.00710375
4.13011 2 2.32788 0.00710797
4.14011 2 2.34744 0.00711052
4.1501 2 2.32788 0.00715141
4.16009 2 2.34744 0.00714932
4.1701 2 2.32788 0.00715323
4.18009 2 2.34744 0.00715406
4.19009 2 2.3181 0.00715401
4.20009 2 2.34744 0.00715323
4.21009 2 2.3181 0.00715438
4.22009 2 2.34744 0.00715453
4.23009 2 2.32788 0.00715427
4.24009 2 2.34744 0.00715375
4.25009 2 2.32788 0.00715458
4.26009 2 2.34744 0.00715599
4.27009 2 2.32788 0.00715094
4.28009 2 2.34744 0.00715276
4.29009 2 2.32788 0.0071438
4.30009 2 2.34744 0.0071575
4.31009 2 2.32788 0.00715125
4.32009 2 2.34744 0.00715432
4.33009 2 2.32788 0.00715427
4.34009 2 2.34744 0.0071536
4.35009 2 2.32788 0.00715417
4.36009 2 2.34744 0.00715427
4.37009 2 2.32788 0.00715432
4.38009 2 2.34744 0.00714969
4.39009 2 2.3181 0.00715208
4.40009 2 2.34744 0.00715354
4.41009 2 2.32788 0.00715313
4.42009 2 2.34744 0.00715422
4.43009 2 2.32788 0.00715438
4.44009 2 2.34744 0.00715438
4.45009 2 2.32788 0.0071537
4.46009 2 2.34744 0.00715432
4.47009 2 2.32788 0.00715386
4.48009 2 2.34744 0.00715761
4.49008 2 2.32788 0.00715656
4.50008 2 2.34744 0.00715719
4.51009 2 2.3181 0.00715406
4.52009 2 2.34744 0.0071574
4.53009 2 2.32788 0.00715443
4.54009 2 2.34744 0.00715412
4.55009 2 2.32788 0.00715422
4.56009 2 2.34744 0.00715453
4.57009 2 2.32788 0.00715417
4.58009 2 2.34744 0.00715391
4.59009 2 2.32788 0.00715365
4.60009 2 2.34744 0.00715412
4.61009 2 2.32788 0.00715417
4.62009 2 2.34744 0.00715354
4.63009 2 2.32788 0.00715339
4.64009 2 2.34744 0.00715167
4.65009 2 2.32788 0.00715422
4.66009 2 2.34744 0.00715537
4.67009 2 2.32788 0.00715339
4.68009 2 2.34744 0.00715823
4.69008 2 2.32788 0.00715708
4.70008 2 2.34744 0.0071574
4.71009 2 2.32788 0.00714625
4.7201 2 2.34744 0.00715672
4.73009 2 2.3181 0.0071524
4.7401 2 2.34744 0.00714792
4.7501 2 2.32788 0.00715172
4.76009 2 2.34744 0.00715417
4.77009 2 2.32788 0.00715417
4.78009 2 2.34744 0.00715412
4.79028 2 2.32788 0.00710563
4.80012 2 2.34744 0.00711229
4.81011 2 2.32788 0.00711531
4.8201 2 2.34744 0.00711412
4.83011 2 2.32788 0.00711318
4.84011 2 2.34744 0.0071136
4.85011 2 2.32788 0.00711485
4.8601 2 2.34744 0.00709719
4.87011 2 2.32788 0.00711823
4.8801 2 2.34744 0.00711901
4.8901 2 2.32788 0.00711865
4.9001 2 2.34744 0.00711854
4.9101 2 2.32788 0.00711401
4.92011 2 2.34744 0.00711281
4.93011 2 2.32788 0.00711391
4.9401 2 2.34744 0.00711443
4.95011 2 2.32788 0.00711417
4.96011 2 2.34744 0.00711453
4.97011 2 2.32788 0.00711594
4.9801 2 2.34744 0.00711464
4.99011 2 2.32788 0.00711365
5.00011 3.5 2.34744 0.00711422
5.01011 3.5 2.40612 0.00708396
5.02011 3.5 2.6115 0.00711203
5.03011 3.5 2.87556 0.00711235
5.04011 3.5 3.23742 0.00711276
5.05011 3.5 3.56994 0.00711433
5.0601 3.5 3.94158 0.00711271
5.0701 3.5 4.2252 0.00711469
5.0801 3.5 4.49904 0.00712052
5.0901 3.5 4.64574 0.00706115
5.1001 3.5 4.75332 0.00712016
5.11011 3.5 4.73376 0.00711386
5.12011 3.5 4.67508 0.00711407
5.13011 3.5 4.50882 0.00711464
5.1401 3.5 4.33278 0.00711386
5.1501 3.5 4.08828 0.00711172
5.16011 3.5 3.8829 0.00711349
5.17011 3.5 3.64818 0.00711458
5.1801 3.5 3.48192 0.00711297
5.19011 3.5 3.32544 0.0071125
5.20016 3.5 3.26676 0.00711375
5.21011 3.5 3.21786 0.00711438
5.2201 3.5 3.26676 0.0071137
5.23011 3.5 3.30588 0.00711323
5.24011 3.5 3.4428 0.00711485
5.25011 3.5 3.56016 0.00711469
5.2601 3.5 3.72642 0.00711615
5.27011 3.5 3.84378 0.00711208
5.2801 3.5 3.99048 0.00712
5.2901 3.5 4.06872 0.00712052
5.3001 3.5 4.15674 0.00711453
5.31011 3.5 4.16652 0.00711459
5.32011 3.5 4.19586 0.0071149
5.33011 3.5 4.14696 0.00711485
5.3401 3.5 4.10784 0.00711349
5.35011 3.5 4.01004 0.00712032
5.36011 3.5 3.94158 0.00710849
5.37011 3.5 3.834 0.00711433
5.3801 3.5 3.76554 0.00711386
5.39011 3.5 3.67752 0.00711328
5.40011 3.5 3.6384 0.00711407
5.41011 3.5 3.57972 0.00711427
5.4201 3.5 3.59928 0.00710875
5.43011 3.5 3.57972 0.007115
5.44011 3.5 3.62862 0.00711459
5.45011 3.5 3.64818 0.00711427
5.4601 3.5 3.72642 0.00711755
5.4701 3.5 3.76554 0.00711776
5.4801 3.5 3.84378 0.00711969
5.4901 3.5 3.87312 0.00711927
5.5001 3.5 3.9318 0.00707302
5.5101 3.5 3.9318 0.00712016
5.5201 3.5 3.97092 0.00712068
5.5301 3.5 3.95136 0.00711375
5.54011 3.5 3.96114 0.00711375
5.55012 3.5 3.92202 0.00709292
5.56013 3.5 3.91224 0.00711313
5.57011 3.5 3.85356 0.00711276
5.58011 3.5 3.834 0.00711386
5.59011 3.5 3.77532 0.00711407
5.60011 3.5 3.77532 0.00705157
5.61011 3.5 3.7362 0.00711417
5.62011 3.5 3.7362 0.00711505
5.63011 3.5 3.71664 0.00711479
5.64011 3.5 3.7362 0.00711365
5.65011 3.5 3.7362 0.00710318
5.66011 3.5 3.77532 0.00711474
5.67012 3.5 3.76554 0.007115
5.68011 3.5 3.80466 0.00711839
5.6901 3.5 3.81444 0.00711891
5.7001 3.5 3.85356 0.00712057
5.7101 3.5 3.84378 0.00711979
5.7201 3.5 3.8829 0.0071186
5.7301 3.5 3.86334 0.00711974
5.74041 3.5 3.8829 0.00611099
5.75012 3.5 3.85356 0.00711365
5.76011 3.5 3.87312 0.00711401
5.77011 3.5 3.84378 0.00711459
5.78011 3.5 3.84378 0.00711188
5.79011 3.5 3.81444 0.00711495
5.8001 3.5 3.81444 0.00710755
5.81011 3.5 3.7851 0.00711979
5.82011 3.5 3.79488 0.0071138
5.8301 3.5 3.77532 0.00712084
5.8401 3.5 3.7851 0.00711464
5.85011 3.5 3.77532 0.00711474
5.8601 3.5 3.79488 0.00689839
5.87011 3.5 3.77532 0.00711235
5.8801 3.5 3.80466 0.00711875
5.8901 3.5 3.80466 0.00711959
5.9001 3.5 3.834 0.00695125
5.91011 3.5 3.81444 0.00711375
5.92011 3.5 3.84378 0.00711422
5.93011 3.5 3.834 0.00711448
5.9401 3.5 3.84378 0.00711422
5.95011 3.5 3.834 0.00711407
5.96011 3.5 3.84378 0.00711422
5.97011 3.5 3.82422 0.00711443
5.98011 3.5 3.84378 0.00711245
5.99011 3.5 3.81444 0.00711302
6.00011 3.5 3.834 0.00711511
6.01016 3.5 3.80466 0.00711313
6.02011 3.5 3.81444 0.00711438
6.03011 3.5 3.79488 0.00711266
6.04011 3.5 3.81444 0.00711401
6.05011 3.5 3.79488 0.00711375
6.0601 3.5 3.81444 0.00711349
6.07012 3.5 3.79488 0.00711594
6.0801 3.5 3.81444 0.00711906
6.0901 3.5 3.80466 0.00711912
6.1001 3.5 3.82422 0.00712032
6.1101 3.5 3.80466 0.00711313
6.1201 3.5 3.82422 0.00711318
6.13011 3.5 3.81444 0.00712032
6.1401 3.5 3.834 0.00711328
6.15012 3.5 3.81444 0.00711052
6.16011 3.5 3.834 0.00711417
6.17011 3.5 3.81444 0.00711307
6.18011 3.5 3.834 0.00711469
6.1901 3.5 3.81444 0.00710844
6.20011 3.5 3.82422 0.00711469
6.21011 3.5 3.80466 0.0070649
6.22011 3.5 3.82422 0.00711375
6.23011 3.5 3.80466 0.00711464
6.24011 3.5 3.82422 0.00711469
6.25011 3.5 3.80466 0.00711433
6.2601 3.5 3.81444 0.00711396
6.27039 3.5 3.80466 0.00711823
6.2801 3.5 3.82422 0.00711729
6.2901 3.5 3.80466 0.00711193
6.3001 3.5 3.82422 0.00711901
6.3101 3.5 3.80466 0.00706391
6.32011 3.5 3.82422 0.00711209
6.33011 3.5 3.80466 0.00711407
6.3401 3.5 3.82422 0.00711422
6.35011 3.5 3.81444 0.00711433
6.36011 3.5 3.834 0.0071138
6.37011 3.5 3.81444 0.00711073
6.3801 3.5 3.82422 0.00711558
6.39011 3.5 3.80466 0.00711427
6.40011 3.5 3.82422 0.00711407
6.41011 3.5 3.80466 0.00711433
6.42015 3.5 3.82422 0.00711459
6.43011 3.5 3.80466 0.00711485
6.44011 3.5 3.82422 0.00711506
6.45011 3.5 3.80466 0.00711448
6.4601 3.5 3.82422 0.00711407
6.47011 3.5 3.80466 0.00611625
6.4801 3.5 3.82422 0.00712011
6.4901 3.5 3.80466 0.0071174
6.5001 3.5 3.82422 0.00711938
6.5101 3.5 3.80466 0.00711792
6.52015 3.5 3.82422 0.00711396
6.53011 3.5 3.80466 0.00711141
6.54011 3.5 3.82422 0.00711365
6.55011 3.5 3.81444 0.00710808
6.56012 3.5 3.82422 0.00711308
6.57011 3.5 3.81444 0.00711089
6.5801 3.5 3.82422 0.00711448
6.59011 3.5 3.81444 0.00711417
6.60011 3.5 3.82422 0.00711422
6.61011 3.5 3.80466 0.00711479
6.6201 3.5 3.82422 0.00711339
6.63011 3.5 3.80466 0.00711823
6.64011 3.5 3.82422 0.00711412
6.65011 3.5 3.80466 0.00711401
6.66011 3.5 3.82422 0.00711474
6.67011 3.5 3.80466 0.00609948
6.6801 3.5 3.82422 0.00711927
6.6901 3.5 3.80466 0.00712006
6.7001 3.5 3.82422 0.00712078
6.7101 3.5 3.80466 0.00711412
6.7201 3.5 3.82422 0.0070599
6.73012 3.5 3.80466 0.00711203
6.7401 3.5 3.82422 0.00708282
6.75011 3.5 3.80466 0.00711198
6.76012 3.5 3.82422 0.0071138
6.77011 3.5 3.80466 0.00711433
6.78011 3.5 3.82422 0.00711469
6.79011 3.5 3.80466 0.00711422
6.80011 3.5 3.82422 0.00711464
6.81011 3.5 3.80466 0.00711417
6.8201 3.5 3.82422 0.00711479
6.83016 3.5 3.80466 0.00711495
6.84011 3.5 3.82422 0.00711396
6.85016 3.5 3.80466 0.00709813
6.86012 3.5 3.82422 0.00711131
6.87013 3.5 3.80466 0.00609453
6.8801 3.5 3.82422 0.00711339
6.89011 3.5 3.80466 0.00711959
6.9001 3.5 3.82422 0.0071175
6.9101 3.5 3.80466 0.00711813
6.9201 3.5 3.82422 0.00711391
6.93019 3.5 3.80466 0.00711188
6.94011 3.5 3.81444 0.00711469
6.95011 3.5 3.81444 0.00711391
6.96011 3.5 3.82422 0.00711412
6.97011 3.5 3.81444 0.00711438
6.9801 3.5 3.82422 0.00711448
6.99011 3.5 3.80466 0.0071149
7.00011 3.5 3.82422 0.00711573
7.01014 3.5 3.80466 0.0070974
7.02012 3.5 3.82422 0.00710969
7.03019 3.5 3.80466 0.0071087
7.04011 3.5 3.82422 0.00711255
7.05011 3.5 3.80466 0.00711974
7.06011 3.5 3.82422 0.00710344
7.07012 3.5 3.80466 0.00709698
7.08011 3.5 3.82422 0.0071174
7.0901 3.5 3.80466 0.00711578
7.1001 3.5 3.82422 0.00711948
7.1101 3.5 3.80466 0.00711922
7.12011 3.5 3.82422 0.00711183
7.13011 3.5 3.81444 0.00710886
7.14011 3.5 3.81444 0.00711323
7.15011 3.5 3.80466 0.00711328
7.16011 3.5 3.82422 0.00711031
7.1701 3.5 3.80466 0.00711255
7.18011 3.5 3.82422 0.00711245
7.19011 3.5 3.81444 0.00711261
7.20011 3.5 3.82422 0.00711339
7.21011 3.5 3.80466 0.00712063
7.2201 3.5 3.82422 0.00711474
7.23011 3.5 3.81444 0.0071125
7.24011 3.5 3.82422 0.00711323
7.25011 3.5 3.80466 0.00711453
7.2601 3.5 3.82422 0.00711485
7.2701 3.5 3.81444 0.00709136
7.2801 3.5 3.81444 0.00711927
7.2901 3.5 3.80466 0.00712042
7.3001 3.5 3.82422 0.00711896
7.3101 3.5 3.80466 0.00711927
7.3201 3.5 3.82422 0.00711313
7.33011 3.5 3.81444 0.00705959
7.34011 3.5 3.81444 0.00711464
7.35011 3.5 3.81444 0.00711292
7.36011 3.5 3.82422 0.00711459
7.37011 3.5 3.81444 0.00711453
7.3801 3.5 3.82422 0.00711355
7.39011 3.5 3.81444 0.0071137
7.40011 3.5 3.82422 0.00711433
7.41011 3.5 3.81444 0.00711344
7.42011 3.5 3.82422 0.00711448
7.43011 3.5 3.81444 0.00711469
7.44015 3.5 3.82422 0.00711375
7.45011 3.5 3.81444 0.00711058
7.4601 3.5 3.82422 0.00711433
7.47011 3.5 3.81444 0.00709542
7.4801 3.5 3.82422 0.00711927
7.4901 3.5 3.80466 0.00712078
7.5001 3.5 3.82422 0.00711985
7.5101 3.5 3.81444 0.00711532
7.5201 3.5 3.82422 0.00711334
7.53011 3.5 3.80466 0.00711125
7.5401 3.5 3.82422 0.00711292
7.55011 3.5 3.81444 0.00711412
7.56011 3.5 3.81444 0.00711552
7.57011 3.5 3.81444 0.00711042
7.5801 3.5 3.82422 0.00711433
7.59011 3.5 3.81444 0.00711417
7.60011 3.5 3.81444 0.00711271
7.61011 3.5 3.81444 0.0071148
7.6201 3.5 3.81444 0.00711474
7.63011 3.5 3.81444 0.00709901
7.64011 3.5 3.82422 0.00711391
7.65011 3.5 3.80466 0.00711099
7.66011 3.5 3.81444 0.00711157
7.67011 3.5 3.81444 0.00692037
7.6801 3.5 3.81444 0.00711782
7.6901 3.5 3.81444 0.00711578
7.70012 3.5 3.82422 0.00711245
7.71012 3.5 3.81444 0.0071175
7.7201 3.5 3.81444 0.00711787
7.7301 3.5 3.80466 0.00711979
7.7401 3.5 3.82422 0.00711167
7.75013 3.5 3.81444 0.00710688
7.76012 3.5 3.81444 0.00711417
7.77011 3.5 3.81444 0.00711104
7.78011 3.5 3.81444 0.00711422
7.79011 3.5 3.81444 0.0071148
7.80011 3.5 3.81444 0.00711292
7.81011 3.5 3.81444 0.00711292
7.8201 3.5 3.81444 0.00711412
7.83014 3.5 3.81444 0.00710782
7.84012 3.5 3.81444 0.00710782
7.85011 3.5 3.81444 0.0071137
7.8601 3.5 3.81444 0.00710709
7.87013 3.5 3.81444 0.00696979
7.88011 3.5 3.81444 0.00712026
7.8901 3.5 3.81444 0.00711844
7.9001 3.5 3.81444 0.00712073
7.9101 3.5 3.81444 0.00712599
7.92011 3.5 3.81444 0.00711412
7.93011 3.5 3.81444 0.00710828
7.94011 3.5 3.82422 0.00705438
7.95011 3.5 3.81444 0.00710964
7.96011 3.5 3.82422 0.00711386
7.97011 3.5 3.81444 0.00710735
7.98011 3.5 3.81444 0.00711308
7.99011 3.5 3.81444 0.00711334
8.00011 3.5 3.81444 0.00711433
8.01011 3.5 3.81444 0.00711459
8.0201 3.5 3.81444 0.00711375
8.03011 3.5 3.81444 0.00711433
8.04011 3.5 3.81444 0.00711448
8.05015 3.5 3.81444 0.00711433
8.0601 3.5 3.81444 0.00711292
8.07011 3.5 3.81444 0.007115
8.08011 3.5 3.81444 0.00711245
8.0901 3.5 3.81444 0.00712032
8.1001 3.5 3.82422 0.00711922
8.1101 3.5 3.81444 0.00712177
8.1201 3.5 3.81444 0.00711401
8.13011 3.5 3.81444 0.00711396
8.1401 3.5 3.81444 0.00711386
8.15011 3.5 3.81444 0.00711151
8.16011 3.5 3.81444 0.00711401
8.17011 3.5 3.81444 0.00711354
8.1801 3.5 3.81444 0.00711474
8.19011 3.5 3.81444 0.00711354
8.20011 3.5 3.82422 0.00711459
8.21011 3.5 3.81444 0.00711417
8.2201 3.5 3.81444 0.00711474
8.23012 3.5 3.80466 0.00503271
8.24016 3.5 3.81444 0.00700511
8.25016 3.5 3.81444 0.0059811
8.26018 3.5 3.81444 0.00584912
8.27384 3.5 3.80466 0.00297922
8.28016 3.5 3.82422 0.00702058
8.29015 3.5 3.81444 0.00707547
8.30013 3.5 3.81444 0.00705938
8.31016 3.5 3.81444 0.00704349
8.32014 3.5 3.81444 0.00705542
8.33013 3.5 3.81444 0.00705459
8.34013 3.5 3.81444 0.00705422
8.35014 3.5 3.81444 0.00700688
8.36016 3.5 3.81444 0.0070511
8.37014 3.5 3.81444 0.0070761
8.38014 3.5 3.82422 0.00706183
8.39014 3.5 3.81444 0.00704157
8.40012 3.5 3.82422 0.00506792
8.41012 3.5 3.81444 0.00705125
8.42013 3.5 3.82422 0.00508745
8.43012 3.5 3.81444 0.00707808
8.44012 3.5 3.81444 0.0070812
8.45012 3.5 3.81444 0.0070862
8.46013 3.5 3.81444 0.00714526
8.4701 3.5 3.81444 0.00715204
8.48009 3.5 3.81444 0.0071525
8.49009 3.5 3.81444 0.00715454
8.50008 3.5 3.81444 0.00715808
8.51008 3.5 3.81444 0.00715849
8.52009 3.5 3.81444 0.00715396
8.53009 3.5 3.81444 0.00715287
8.54009 3.5 3.81444 0.00715318
8.55009 3.5 3.81444 0.00715443
8.56009 3.5 3.81444 0.00715464
8.57009 3.5 3.81444 0.00715323
8.58009 3.5 3.81444 0.00713979
8.59009 3.5 3.81444 0.0071536
8.60009 3.5 3.81444 0.00715443
8.61009 3.5 3.81444 0.00715427
8.62009 3.5 3.81444 0.00715438
8.63009 3.5 3.81444 0.00715334
8.64009 3.5 3.81444 0.00715235
8.65009 3.5 3.81444 0.00715365
8.66009 3.5 3.81444 0.00715448
8.67009 3.5 3.81444 0.00715438
8.68009 3.5 3.81444 0.00715297
8.69009 3.5 3.81444 0.00715464
8.70008 3.5 3.81444 0.00715886
8.71008 3.5 3.81444 0.00714719
8.72009 3.5 3.81444 0.00715417
8.73009 3.5 3.81444 0.00715131
8.74009 3.5 3.81444 0.00715422
8.7501 3.5 3.81444 0.00715073
8.7601 3.5 3.81444 0.00715276
8.77009 3.5 3.81444 0.00715245
8.78009 3.5 3.81444 0.00715459
8.79009 3.5 3.81444 0.00715474
8.80009 3.5 3.81444 0.00715459
8.81009 3.5 3.81444 0.00715381
8.82009 3.5 3.81444 0.00715438
8.83009 3.5 3.81444 0.00713261
8.84012 3.5 3.81444 0.00714776
8.8501 3.5 3.81444 0.00699334
8.86011 3.5 3.81444 0.00712485
8.8701 3.5 3.81444 0.00715266
8.88009 3.5 3.81444 0.00715157
8.89009 3.5 3.81444 0.00715761
8.90008 3.5 3.81444 0.00715808
8.91008 3.5 3.81444 0.00715698
8.92009 3.5 3.81444 0.00715354
8.93009 3.5 3.81444 0.00714724
8.94009 3.5 3.81444 0.00715287
8.95009 3.5 3.81444 0.00715375
8.96009 3.5 3.81444 0.00715459
8.97009 3.5 3.81444 0.00715261
8.98009 3.5 3.81444 0.00714099
8.99009 3.5 3.81444 0.00715454
9.00009 3.5 3.81444 0.00715448
9.01009 3.5 3.81444 0.00715386
9.02009 3.5 3.81444 0.00610079
9.03011 3.5 3.81444 0.00714808
9.0401 3.5 3.81444 0.0071312
9.05009 3.5 3.81444 0.00715172
9.06009 3.5 3.81444 0.00714443
9.07009 3.5 3.81444 0.00715365
9.08009 3.5 3.81444 0.00714855
9.09009 3.5 3.81444 0.0071562
9.10009 3.5 3.81444 0.00713579
9.11009 3.5 3.81444 0.00715766
9.12009 3.5 3.81444 0.00715438
9.13009 3.5 3.81444 0.00715407
9.14009 3.5 3.81444 0.00715391
9.15009 3.5 3.81444 0.00715318
9.16028 3.5 3.81444 0.00710151
9.17011 3.5 3.81444 0.00711365
9.1801 3.5 3.81444 0.00711349
9.19011 3.5 3.81444 0.00711813
9.20011 3.5 3.81444 0.00711401
9.21011 3.5 3.81444 0.00711349
9.2201 3.5 3.81444 0.00710761
9.23011 3.5 3.81444 0.0071137
9.24011 3.5 3.81444 0.00711453
9.2501 3.5 3.81444 0.00711256
9.26015 3.5 3.81444 0.00711261
9.27011 3.5 3.81444 0.00711204
9.2801 3.5 3.81444 0.00710875
9.29011 3.5 3.81444 0.0071187
9.30011 3.5 3.81444 0.00711188
9.3101 3.5 3.81444 0.00711912
9.3201 3.5 3.81444 0.00711318
9.33011 3.5 3.81444 0.00711386
9.34011 3.5 3.81444 0.00708875
9.35012 3.5 3.81444 0.00711131
9.36017 3.5 3.81444 0.00711329
9.37011 3.5 3.81444 0.00711339
9.3801 3.5 3.81444 0.00711422
9.39011 3.5 3.81444 0.00711344
9.40011 3.5 3.81444 0.00711375
9.41011 3.5 3.81444 0.00711391
9.4201 3.5 3.81444 0.00711365
9.43011 3.5 3.81444 0.00711381
9.44011 3.5 3.81444 0.00711459
9.45011 3.5 3.81444 0.00711443
9.4601 3.5 3.81444 0.00709823
9.47011 3.5 3.81444 0.00711443
9.48011 3.5 3.81444 0.00710917
9.49011 3.5 3.81444 0.00711928
9.50011 3.5 3.81444 0.00711256
9.51011 3.5 3.81444 0.00711849
9.5201 3.5 3.81444 0.00711386
9.53011 3.5 3.81444 0.00710917
9.5401 3.5 3.81444 0.00711204
9.5501 3.5 3.81444 0.00711011
9.56011 3.5 3.81444 0.00711078
9.57011 3.5 3.81444 0.00711344
9.5801 3.5 3.81444 0.00711443
9.59011 3.5 3.81444 0.00711438
9.60011 3.5 3.81444 0.00711235
9.61011 3.5 3.81444 0.00711381
9.6201 3.5 3.81444 0.0071148
9.63011 3.5 3.81444 0.00711292
9.64011 3.5 3.81444 0.00711391
9.65011 3.5 3.81444 0.0071112
9.6601 3.5 3.81444 0.00707396
9.67011 3.5 3.81444 0.00711417
9.6801 3.5 3.81444 0.00710927
9.69011 3.5 3.81444 0.00711969
9.7001 3.5 3.81444 0.00710808
9.71011 3.5 3.81444 0.00711756
9.7201 3.5 3.81444 0.00711006
9.73011 3.5 3.81444 0.00711417
9.7401 3.5 3.81444 0.0071173
9.75013 3.5 3.81444 0.00711011
9.76012 3.5 3.81444 0.00705683
9.77011 3.5 3.81444 0.00711344
9.7801 3.5 3.81444 0.00711245
9.79011 3.5 3.81444 0.00711453
9.80011 3.5 3.81444 0.0071123
9.81011 3.5 3.81444 0.00711412
9.8201 3.5 3.81444 0.00711433
9.83011 3.5 3.81444 0.00711417
9.84011 3.5 3.81444 0.00711375
9.85011 3.5 3.81444 0.00711344
9.8601 3.5 3.81444 0.00711464
9.87011 3.5 3.81444 0.00711334
9.88011 3.5 3.81444 0.00710881
9.89011 3.5 3.81444 0.00711849
9.90011 3.5 3.81444 0.00711084
9.91011 3.5 3.81444 0.00712011
9.9201 3.5 3.81444 0.00711256
9.93011 3.5 3.82422 0.00712063
9.9401 3.5 3.81444 0.00711219
9.95011 3.5 3.81444 0.0071137
9.96011 3.5 3.81444 0.00711198
9.97016 3.5 3.81444 0.00711401
9.9801 3.5 3.81444 0.00711412
9.99011 3.5 3.81444 0.0071136
10.0001 0 0 0.00988855
10.0101 0 0 0.00989297
10.0201 0 0 0.0098962
10.0301 0 0 0.00989776
10.0401 0 0 0.00989349
10.0501 0 0 0.00989417
10.0601 0 0 0.00989813
10.0701 0 0 0.00989204
10.0801 0 0 0.00989016
10.0901 0 0 0.00989417
10.1001 0 0 0.00989667
10.1101 0 0 0.00989714
10.1201 0 0 0.00989698
10.1301 0 0 0.0098973
10.1401 0 0 0.00989537
10.1501 0 0 0.00989704
10.1601 0 0 0.00989261
10.1701 0 0 0.00989313
10.1801 0 0 0.00985188
10.1901 0 0 0.00989006
10.2001 0 0 0.00989334
10.2101 0 0 0.00989407
10.2201 0 0 0.00989865
10.2301 0 0 0.00989401
