1.615e-06 2 0.37188 0.00701937
0.0102602 2 0.48924 0.00510875
0.020187 2 0.72396 0.00712656
0.0301102 2 1.07604 0.00712979
0.0401051 2 1.52592 0.00713734
0.0501077 2 1.9758 0.00712969
0.0601067 2 2.43546 0.00713094
0.0701072 2 2.81688 0.00713135
0.0801077 2 3.15918 0.00713047
0.0901059 2 3.37434 0.00713042
0.10011 2 3.51126 0.00713276
0.110105 2 3.51126 0.00713146
0.120116 2 3.43302 0.00712156
0.130111 2 3.23742 0.00712963
0.140107 2 3.01248 0.0071301
0.150106 2 2.71908 0.00713052
0.160105 2 2.45502 0.00713219
0.170105 2 2.1714 0.00712901
0.180106 2 1.94646 0.00713146
0.190105 2 1.75086 0.00713208
0.200105 2 1.65306 0.00713052
0.210105 2 1.59438 0.00713854
0.220107 2 1.6335 0.00708474
0.230107 2 1.70196 0.00713099
0.240107 2 1.84866 0.00713214
0.250105 2 1.98558 0.00713198
0.26011 2 2.18118 0.00713229
0.270105 2 2.33766 0.00713229
0.280105 2 2.50392 0.0071324
0.290105 2 2.6115 0.00713271
0.300111 2 2.71908 0.00713318
0.310105 2 2.7582 0.00713312
0.320113 2 2.78754 0.00707724
0.330111 2 2.73864 0.00712953
0.340106 2 2.68974 0.00713245
0.350105 2 2.58216 0.00713167
0.360105 2 2.50392 0.00713172
0.370104 2 2.37678 0.00713266
0.380111 2 2.28876 0.00713229
0.390105 2 2.18118 0.00713411
0.400104 2 2.13228 0.00713271
0.410104 2 2.0736 0.0071299
0.420111 2 2.06382 0.00713208
0.430151 2 2.05404 0.00713854
0.440108 2 2.10294 0.00713208
0.450105 2 2.13228 0.00713125
0.46011 2 2.21052 0.0071326
0.470105 2 2.25942 0.00712932
0.480105 2 2.33766 0.00713214
0.490105 2 2.38656 0.00713281
0.50011 2 2.44524 0.00713276
0.510106 2 2.47458 0.00713208
0.520112 2 2.50392 0.00712734
0.53016 2 2.49414 0.00710833
0.540108 2 2.50392 0.00713188
0.550105 2 2.45502 0.0071324
0.560105 2 2.44524 0.00713229
0.570108 2 2.38656 0.00713229
0.580113 2 2.367 0.00713276
0.590104 2 2.30832 0.00711656
0.600104 2 2.28876 0.00713219
0.610105 2 2.24964 0.00713151
0.620124 2 2.24964 0.00712479
0.630163 2 2.2203 0.00712912
0.640106 2 2.23986 0.0071324
0.650108 2 2.23008 0.00713182
0.660114 2 2.2692 0.00712932
0.670105 2 2.27898 0.00713073
0.680107 2 2.3181 0.00713208
0.690105 2 2.32788 0.00713307
0.700111 2 2.367 0.00713276
0.710105 2 2.367 0.00711505
0.720113 2 2.39634 0.00712786
0.730107 2 2.38656 0.00712651
0.740106 2 2.40612 0.00713208
0.750105 2 2.38656 0.00713245
0.760106 2 2.39634 0.00713193
0.770108 2 2.367 0.00713271
0.780114 2 2.367 0.00713203
0.790105 2 2.33766 0.00713214
0.800104 2 2.33766 0.00713214
0.810104 2 2.30832 0.0071324
0.820107 2 2.30832 0.00711375
0.830106 2 2.28876 0.00712995
0.840106 2 2.29854 0.00713234
0.850105 2 2.28876 0.00713172
0.860105 2 2.30832 0.00713115
0.870105 2 2.29854 0.00713052
0.880105 2 2.32788 0.00713208
0.890105 2 2.3181 0.00713162
0.900111 2 2.33766 0.00713203
0.910105 2 2.32788 0.00713214
0.920113 2 2.35722 0.00712792
0.930107 2 2.34744 0.00708
0.940116 2 2.367 0.00713037
0.950107 2 2.34744 0.00712875
0.960106 2 2.367 0.00713245
0.970106 2 2.34744 0.00713214
0.980112 2 2.35722 0.00713281
0.990105 2 2.33766 0.00713365
1.0001 2 2.34744 0.00713292
1.01011 2 2.3181 0.00713198
1.02011 2 2.33766 0.00713208
1.03011 2 2.3181 0.00713292
1.04015 2 2.32788 0.00613292
1.05011 2 2.30832 0.00713182
1.06011 2 2.32788 0.00711984
1.07011 2 2.30832 0.00713245
1.08011 2 2.32788 0.00713208
1.09011 2 2.3181 0.00713198
1.10011 2 2.33766 0.00713208
1.1101 2 2.32788 0.00713276
1.12012 2 2.34744 0.0071176
1.13011 2 2.32788 0.00713203
1.14016 2 2.34744 0.00713094
1.15011 2 2.32788 0.00713266
1.16011 2 2.34744 0.00713287
1.1701 2 2.32788 0.00713307
1.18011 2 2.34744 0.00712714
1.19011 2 2.32788 0.0071325
1.2001 2 2.34744 0.00713266
1.2101 2 2.32788 0.00713344
1.22011 2 2.33766 0.0071324
1.2301 2 2.32788 0.00713271
1.2401 2 2.33766 0.00711557
1.25011 2 2.3181 0.0071326
1.26011 2 2.33766 0.00713167
1.2701 2 2.32788 0.00713526
1.28011 2 2.33766 0.00713167
1.29011 2 2.32788 0.00713271
1.30011 2 2.33766 0.00711651
1.3101 2 2.3181 0.00713328
1.3201 2 2.34744 0.00712859
1.33011 2 2.32788 0.0071312
1.34011 2 2.34744 0.00708234
1.35011 2 2.32788 0.00713208
1.3601 2 2.34744 0.00713224
1.37011 2 2.32788 0.00713229
1.38011 2 2.34744 0.00713182
1.39011 2 2.32788 0.00713099
1.4001 2 2.34744 0.00713193
1.4101 2 2.32788 0.00713276
1.42011 2 2.34744 0.00713214
1.43011 2 2.32788 0.00713214
1.44011 2 2.34744 0.00713214
1.45015 2 2.32788 0.00713198
1.46011 2 2.33766 0.00712885
1.47011 2 2.3181 0.00713219
1.4801 2 2.33766 0.00712656
1.49011 2 2.3181 0.00706734
1.50016 2 2.33766 0.00711672
1.51012 2 2.3181 0.00712802
1.52011 2 2.33766 0.00710849
1.53011 2 2.32788 0.00712448
1.54011 2 2.34744 0.00712625
1.55019 2 2.32788 0.00712818
1.56011 2 2.34744 0.00713198
1.57011 2 2.32788 0.00713188
1.58011 2 2.34744 0.00713162
1.59011 2 2.32788 0.00713151
1.60011 2 2.34744 0.00712578
1.61011 2 2.32788 0.00713172
1.62012 2 2.34744 0.00712641
1.63011 2 2.32788 0.00713214
1.64011 2 2.34744 0.00713208
1.6501 2 2.32788 0.0071313
1.66011 2 2.34744 0.00712667
1.67011 2 2.32788 0.00713229
1.68011 2 2.34744 0.00713208
1.6901 2 2.3181 0.00713266
1.70011 2 2.34744 0.00713208
1.71011 2 2.3181 0.00713458
1.72011 2 2.34744 0.00712406
1.73011 2 2.3181 0.00713062
1.74011 2 2.34744 0.00713151
1.75011 2 2.3181 0.00707344
1.76011 2 2.34744 0.00713219
1.7701 2 2.32788 0.00713172
1.78011 2 2.34744 0.00713292
1.7901 2 2.32788 0.00713146
1.80011 2 2.34744 0.00713162
1.8101 2 2.32788 0.00713266
1.82011 2 2.34744 0.00713287
1.8301 2 2.32788 0.00713219
1.84011 2 2.34744 0.00713261
1.85011 2 2.32788 0.00713297
1.86015 2 2.34744 0.00613167
1.87011 2 2.3181 0.00712964
1.88011 2 2.34744 0.00713182
1.89011 2 2.3181 0.00713266
1.90011 2 2.33766 0.00713208
1.91011 2 2.3181 0.0071313
1.92011 2 2.34744 0.00711636
1.93011 2 2.3181 0.00712948
1.94011 2 2.34744 0.00712979
1.9501 2 2.32788 0.00713151
1.9601 2 2.34744 0.00712958
1.97011 2 2.32788 0.00713271
1.98011 2 2.34744 0.00713219
1.9901 2 2.32788 0.00713234
2.0001 2 2.34744 0.00704255
2.01014 2 2.32788 0.0051162
2.02014 2 2.34744 0.00712604
2.03011 2 2.32788 0.00713255
2.04011 2 2.34744 0.00713115
2.05011 2 2.3181 0.00713016
2.06011 2 2.34744 0.00705875
2.07011 2 2.32788 0.00712995
2.08011 2 2.34744 0.00713078
2.09011 2 2.3181 0.00713208
2.10011 2 2.34744 0.00713214
2.11011 2 2.32788 0.00713255
2.12011 2 2.34744 0.00710036
2.13011 2 2.32788 0.00712865
2.14011 2 2.34744 0.007125
2.15011 2 2.32788 0.00713255
2.16011 2 2.34744 0.00713109
2.17011 2 2.32788 0.00712953
2.18011 2 2.34744 0.00712964
2.19011 2 2.32788 0.00713146
2.20013 2 2.34744 0.00705375
2.21019 2 2.32788 0.00591203
2.2202 2 2.34744 0.00599833
2.23022 2 2.32788 0.00581969
2.24022 2 2.34744 0.0059676
2.25023 2 2.32788 0.00589662
2.26015 2 2.34744 0.00708208
2.27014 2 2.32788 0.00698214
2.28016 2 2.34744 0.00706385
2.29013 2 2.32788 0.00694474
2.30013 2 2.34744 0.0070638
2.31013 2 2.32788 0.00706458
2.32014 2 2.34744 0.00705875
2.33013 2 2.32788 0.00708354
2.34013 2 2.34744 0.00708786
2.35013 2 2.32788 0.00709787
2.36013 2 2.34744 0.00705938
2.37013 2 2.32788 0.00708802
2.38012 2 2.34744 0.00709375
2.39011 2 2.32788 0.00711865
2.40012 2 2.34744 0.00712203
2.41012 2 2.32788 0.00716188
2.4201 2 2.34744 0.00716927
2.43009 2 2.3181 0.00716943
2.44009 2 2.34744 0.0071663
2.45009 2 2.3181 0.00717255
2.46009 2 2.33766 0.00717276
2.47009 2 2.32788 0.00717297
2.48009 2 2.34744 0.00717266
2.49009 2 2.32788 0.00717255
2.50009 2 2.34744 0.00717104
2.51009 2 2.32788 0.00717261
2.52009 2 2.34744 0.0071724
2.53009 2 2.32788 0.00716776
2.54009 2 2.34744 0.00717146
2.55009 2 2.32788 0.00717089
2.56009 2 2.34744 0.00716651
2.57009 2 2.32788 0.00717193
2.58009 2 2.34744 0.00717261
2.59009 2 2.32788 0.00717307
2.60009 2 2.34744 0.0071725
2.61009 2 2.32788 0.0071725
2.6201 2 2.34744 0.00716536
2.63009 2 2.3181 0.00717182
2.64009 2 2.34744 0.0071713
2.65009 2 2.3181 0.00717235
2.66009 2 2.34744 0.00717313
2.67009 2 2.32788 0.00717266
2.68009 2 2.33766 0.00715969
2.69009 2 2.3181 0.00717167
2.70009 2 2.34744 0.00717135
2.71009 2 2.32788 0.00717214
2.72009 2 2.34744 0.00717255
2.73009 2 2.32788 0.00717089
2.74009 2 2.34744 0.0071675
2.75009 2 2.3181 0.00717167
2.76009 2 2.34744 0.00717219
2.77009 2 2.3181 0.00717287
2.78009 2 2.34744 0.00717255
2.79009 2 2.3181 0.00717245
2.80009 2 2.34744 0.00715886
2.81009 2 2.32788 0.00717229
2.82009 2 2.34744 0.00717276
2.83009 2 2.32788 0.0071712
2.84009 2 2.34744 0.00717219
2.85009 2 2.32788 0.00717208
2.86009 2 2.34744 0.00716115
2.87009 2 2.32788 0.00717224
2.88009 2 2.34744 0.00717208
2.89009 2 2.32788 0.00717292
2.90009 2 2.34744 0.00717208
2.91009 2 2.32788 0.00715802
2.92009 2 2.34744 0.00717208
2.93012 2 2.32788 0.00612912
2.9401 2 2.34744 0.00717109
2.95009 2 2.32788 0.00717453
2.96009 2 2.34744 0.00717359
2.97008 2 2.3181 0.00717521
2.98009 2 2.34744 0.00717375
2.99008 2 2.3181 0.00717255
3.00009 2 2.34744 0.00717229
3.01009 2 2.3181 0.00717193
3.02009 2 2.34744 0.00717177
3.03009 2 2.3181 0.00716922
3.04009 2 2.34744 0.00717266
3.05009 2 2.32788 0.00717266
3.06009 2 2.34744 0.00717224
3.07009 2 2.32788 0.00712266
3.08011 2 2.34744 0.00713208
3.09011 2 2.32788 0.00712813
3.10011 2 2.34744 0.00713214
3.1101 2 2.32788 0.00713167
3.12011 2 2.34744 0.00713276
3.13011 2 2.32788 0.00712865
3.14011 2 2.34744 0.00713047
3.1501 2 2.3181 0.00713016
3.16011 2 2.34744 0.00713203
3.17011 2 2.3181 0.00712885
3.18011 2 2.34744 0.00713125
3.1901 2 2.3181 0.00713193
3.2001 2 2.34744 0.00713182
3.2101 2 2.3181 0.00712703
3.22011 2 2.34744 0.00713115
3.23011 2 2.3181 0.00713208
3.2401 2 2.34744 0.00713214
3.2501 2 2.3181 0.00713214
3.26011 2 2.34744 0.00713219
3.2701 2 2.3181 0.00708807
3.28011 2 2.34744 0.00713214
3.2901 2 2.3181 0.00713203
3.30011 2 2.34744 0.00713297
3.3101 2 2.3181 0.0071325
3.3201 2 2.34744 0.00713261
3.33011 2 2.3181 0.00712224
3.34011 2 2.34744 0.00713276
3.3501 2 2.32788 0.00713292
3.3601 2 2.34744 0.00713266
3.3701 2 2.32788 0.00708151
3.38011 2 2.34744 0.00713162
3.3901 2 2.32788 0.00712865
3.4001 2 2.34744 0.0071312
3.4101 2 2.32788 0.00713099
3.42011 2 2.34744 0.00713344
3.4301 2 2.32788 0.00713219
3.4401 2 2.34744 0.00713224
3.4501 2 2.32788 0.00713271
3.46011 2 2.34744 0.00713167
3.4701 2 2.3181 0.00708761
3.4801 2 2.34744 0.00713224
3.4901 2 2.32788 0.00713281
3.50011 2 2.34744 0.00713344
3.51012 2 2.3181 0.00711719
3.52012 2 2.34744 0.00712948
3.53012 2 2.3181 0.00712865
3.54011 2 2.34744 0.00712953
3.55011 2 2.3181 0.00713167
3.56011 2 2.34744 0.00712703
3.57011 2 2.3181 0.00706896
3.58011 2 2.34744 0.00713109
3.5901 2 2.3181 0.00713141
3.60011 2 2.35722 0.0071325
3.6101 2 2.32788 0.00713214
3.62011 2 2.34744 0.00712865
3.63011 2 2.32788 0.00712636
3.64011 2 2.35722 0.00713245
3.6501 2 2.32788 0.00713047
3.66011 2 2.35722 0.00713193
3.6701 2 2.32788 0.00713292
3.68015 2 2.34744 0.00713334
3.6901 2 2.32788 0.00711427
3.70011 2 2.34744 0.00712943
3.71011 2 2.3181 0.00713229
3.7201 2 2.34744 0.00713089
3.73011 2 2.3181 0.00712698
3.74011 2 2.34744 0.00713182
3.75011 2 2.3181 0.00711385
3.76011 2 2.34744 0.00713198
3.7701 2 2.3181 0.00713068
3.7801 2 2.34744 0.00712714
3.79011 2 2.3181 0.00713172
3.80011 2 2.34744 0.00713255
3.8101 2 2.32788 0.00713193
3.82011 2 2.34744 0.00713073
3.8301 2 2.32788 0.00713214
3.8401 2 2.34744 0.00713307
3.8501 2 2.3181 0.00713214
3.86011 2 2.34744 0.00713245
3.8701 2 2.3181 0.0071263
3.88011 2 2.34744 0.00713063
3.89011 2 2.3181 0.0071324
3.90011 2 2.34744 0.00713214
3.9101 2 2.32788 0.0071325
3.92011 2 2.34744 0.00713214
3.93011 2 2.3181 0.00713016
3.94011 2 2.34744 0.00712985
3.9501 2 2.32788 0.0071325
3.9601 2 2.35722 0.00713281
3.9701 2 2.32788 0.0071325
3.9801 2 2.35722 0.00708
3.99011 2 2.32788 0.00713208
4.0001 2 2.35722 0.00713089
4.01011 2 2.32788 0.00713
4.02011 2 2.34744 0.00713115
4.0301 2 2.32788 0.0071324
4.0401 2 2.34744 0.00713354
4.0501 2 2.32788 0.00713209
4.0601 2 2.34744 0.00713209
4.07011 2 2.3181 0.00713261
4.0801 2 2.34744 0.00713188
4.09015 2 2.3181 0.00713307
4.10011 2 2.33766 0.00713188
4.1101 2 2.3181 0.00713255
4.1201 2 2.33766 0.00713224
4.13011 2 2.3181 0.00713089
4.14011 2 2.34744 0.00713068
4.15011 2 2.3181 0.00713172
4.1601 2 2.34744 0.00713287
4.1701 2 2.3181 0.00713276
4.1801 2 2.35722 0.00713182
4.19015 2 2.32788 0.00713281
4.20011 2 2.35722 0.00713214
4.2101 2 2.32788 0.00713255
4.22011 2 2.35722 0.00713219
4.2301 2 2.32788 0.00713198
4.2401 2 2.34744 0.00713214
4.25011 2 2.32788 0.00713162
4.26011 2 2.34744 0.00713104
4.2701 2 2.3181 0.00713797
4.2801 2 2.34744 0.00713214
4.2901 2 2.3181 0.00713011
4.30011 2 2.34744 0.0071313
4.3101 2 2.3181 0.00713266
4.3201 2 2.34744 0.00713214
4.33011 2 2.3181 0.00712646
4.34011 2 2.34744 0.00713052
4.3501 2 2.32788 0.00713167
4.3601 2 2.34744 0.00712948
4.37011 2 2.32788 0.00713156
4.38011 2 2.34744 0.00713021
4.3901 2 2.3181 0.00708323
4.40011 2 2.34744 0.00713172
4.4101 2 2.3181 0.00713261
4.42011 2 2.34744 0.00712886
4.4301 2 2.3181 0.00713214
4.4401 2 2.34744 0.0071312
4.4501 2 2.3181 0.00713198
4.46011 2 2.34744 0.00713214
4.4701 2 2.3181 0.00713214
4.4801 2 2.34744 0.00712787
4.4901 2 2.32788 0.00713235
4.50015 2 2.34744 0.00713188
4.5101 2 2.32788 0.00713224
4.5201 2 2.34744 0.00713219
4.53011 2 2.32788 0.0071274
4.54011 2 2.34744 0.00712771
4.55011 2 2.32788 0.00713209
4.5601 2 2.34744 0.00713266
4.5701 2 2.32788 0.00713214
4.5801 2 2.34744 0.00713203
4.5901 2 2.32788 0.00713214
4.6001 2 2.34744 0.00712693
4.6101 2 2.32788 0.00713208
4.62011 2 2.34744 0.00712985
4.63011 2 2.3181 0.00713208
4.64011 2 2.34744 0.00712979
4.6501 2 2.3181 0.00713203
4.66011 2 2.34744 0.00712255
4.67011 2 2.3181 0.00713037
4.68011 2 2.34744 0.00713208
4.69011 2 2.3181 0.00713208
4.70011 2 2.34744 0.00712891
4.71011 2 2.3181 0.00713151
4.7201 2 2.34744 0.00713203
4.73011 2 2.3181 0.00712917
4.74011 2 2.34744 0.00712922
4.7501 2 2.3181 0.00713219
4.7601 2 2.34744 0.00713328
4.7701 2 2.32788 0.00713182
4.78011 2 2.35722 0.00713313
4.79011 2 2.32788 0.00713281
4.8001 2 2.35722 0.00708229
4.81011 2 2.32788 0.00713224
4.82011 2 2.34744 0.00713235
4.8301 2 2.32788 0.00713214
4.8401 2 2.34744 0.00713203
4.8501 2 2.3181 0.00713271
4.86011 2 2.34744 0.00713229
4.8701 2 2.3181 0.00713182
4.8801 2 2.34744 0.00713261
4.8901 2 2.3181 0.0071325
4.90011 2 2.34744 0.00713224
4.9101 2 2.3181 0.00713193
4.9201 2 2.34744 0.00713292
4.93011 2 2.3181 0.00712688
4.94011 2 2.34744 0.00705781
4.95013 2 2.32788 0.00511984
4.96011 2 2.34744 0.00712396
4.97011 2 2.3181 0.00712849
4.98011 2 2.34744 0.00712901
4.99012 2 2.32788 0.00712688
5.0001 0.5 2.34744 0.00713047
5.01016 0.5 2.23986 0.00712688
5.02013 0.5 2.0736 0.00712406
5.03011 0.5 1.76064 0.00713136
5.0401 0.5 1.45746 0.00713229
5.05011 0.5 1.07604 0.00713209
5.06011 0.5 0.76308 0.00713255
5.07011 0.5 0.44034 0.00712886
5.0801 0.5 0.23496 0.00713271
5.09011 0.5 0.04914 0.00713177
5.10011 0.5 0.04914 0.00713177
5.1101 0.5 0.05892 0.00712583
5.1201 0.5 0.15672 0.0071312
5.13012 0.5 0.25452 0.00712156
5.14011 0.5 0.43056 0.00712906
5.15011 0.5 0.58704 0.00713198
5.16011 0.5 0.79242 0.00713224
5.17011 0.5 0.93912 0.00713208
5.1801 0.5 1.11516 0.00713193
5.1901 0.5 1.1934 0.00712761
5.20011 0.5 1.28142 0.00713224
5.2101 0.5 1.28142 0.007075
5.22011 0.5 1.2912 0.00713151
5.2301 0.5 1.22274 0.00713214
5.24011 0.5 1.16406 0.00713281
5.2501 0.5 1.03692 0.00713219
5.26011 0.5 0.95868 0.0071336
5.27011 0.5 0.83154 0.00713203
5.2801 0.5 0.76308 0.00713302
5.2901 0.5 0.66528 0.00713287
5.30011 0.5 0.64572 0.00713203
5.3101 0.5 0.59682 0.00708136
5.32011 0.5 0.6066 0.00713156
5.3301 0.5 0.6066 0.00712573
5.34011 0.5 0.66528 0.00713162
5.35011 0.5 0.69462 0.00713151
5.3601 0.5 0.78264 0.00713167
5.3701 0.5 0.81198 0.00713271
5.3801 0.5 0.9 0.00713219
5.3901 0.5 0.91956 0.00713235
5.4001 0.5 0.97824 0.00713219
5.4101 0.5 0.97824 0.00713214
5.42016 0.5 1.01736 0.00713245
5.4301 0.5 0.98802 0.00713297
5.4401 0.5 0.98802 0.00713214
5.4501 0.5 0.93912 0.00713344
5.46011 0.5 0.93912 0.00713198
5.4701 0.5 0.88044 0.00713219
5.48011 0.5 0.87066 0.00713203
5.4901 0.5 0.81198 0.00713193
5.50011 0.5 0.81198 0.00713224
5.51011 0.5 0.77286 0.00713255
5.5201 0.5 0.78264 0.00712958
5.53011 0.5 0.76308 0.00711724
5.54011 0.5 0.79242 0.00713193
5.55011 0.5 0.77286 0.00713808
5.56011 0.5 0.82176 0.00713078
5.57011 0.5 0.8022 0.00713188
5.5801 0.5 0.86088 0.00713208
5.5901 0.5 0.8511 0.00713297
5.6001 0.5 0.89022 0.00713219
5.6101 0.5 0.88044 0.0071324
5.62011 0.5 0.90978 0.00706844
5.63011 0.5 0.89022 0.00713188
5.6401 0.5 0.90978 0.00713271
5.6501 0.5 0.88044 0.00713417
5.66011 0.5 0.9 0.00713276
5.6701 0.5 0.86088 0.00713214
5.6801 0.5 0.88044 0.00713214
5.69011 0.5 0.84132 0.00713214
5.70011 0.5 0.86088 0.00713084
5.71011 0.5 0.82176 0.00713354
5.7201 0.5 0.84132 0.00713235
5.73015 0.5 0.81198 0.0071262
5.74011 0.5 0.84132 0.00713193
5.75011 0.5 0.81198 0.00713245
5.7601 0.5 0.84132 0.00713219
5.7701 0.5 0.82176 0.0071325
5.78011 0.5 0.86088 0.00713219
5.7901 0.5 0.83154 0.00713308
5.8001 0.5 0.87066 0.00713261
5.8101 0.5 0.84132 0.0071324
5.82011 0.5 0.88044 0.00713214
5.83015 0.5 0.8511 0.00713214
5.8401 0.5 0.88044 0.00713219
5.8501 0.5 0.8511 0.00713219
5.86011 0.5 0.88044 0.00713214
5.87011 0.5 0.8511 0.00712698
5.88011 0.5 0.88044 0.00713162
5.8901 0.5 0.84132 0.00713365
5.90011 0.5 0.87066 0.00713214
5.9101 0.5 0.84132 0.00713386
5.9201 0.5 0.86088 0.0071324
5.93015 0.5 0.83154 0.00711792
5.94011 0.5 0.86088 0.00713146
5.95011 0.5 0.83154 0.00713266
5.9601 0.5 0.86088 0.00713094
5.9701 0.5 0.83154 0.00713271
5.9801 0.5 0.86088 0.00712891
5.99011 0.5 0.83154 0.00713276
6.0001 0.5 0.86088 0.00713193
6.0101 0.5 0.84132 0.0071313
6.02011 0.5 0.87066 0.00713401
6.0301 0.5 0.84132 0.00713245
6.0401 0.5 0.87066 0.00712854
6.05011 0.5 0.84132 0.00713271
6.0601 0.5 0.87066 0.0071324
6.0701 0.5 0.84132 0.00713214
6.08011 0.5 0.87066 0.00713214
6.0901 0.5 0.84132 0.00713224
6.10011 0.5 0.87066 0.00713136
6.1101 0.5 0.84132 0.00713146
6.1201 0.5 0.87066 0.00713334
6.1301 0.5 0.84132 0.00712167
6.14011 0.5 0.86088 0.00713016
6.15011 0.5 0.84132 0.00713235
6.1601 0.5 0.86088 0.0071288
6.1701 0.5 0.83154 0.00713308
6.1801 0.5 0.87066 0.00713209
6.1901 0.5 0.83154 0.00713229
6.2001 0.5 0.86088 0.00713219
6.2101 0.5 0.84132 0.00713318
6.22011 0.5 0.87066 0.00713058
6.2301 0.5 0.84132 0.0070786
6.24011 0.5 0.87066 0.00713089
6.2501 0.5 0.84132 0.00713214
6.26011 0.5 0.87066 0.00713255
6.2701 0.5 0.84132 0.00713344
6.2801 0.5 0.87066 0.0071162
6.2901 0.5 0.84132 0.00713214
6.30011 0.5 0.87066 0.00713391
6.3101 0.5 0.84132 0.00713235
6.32011 0.5 0.87066 0.00713245
6.3301 0.5 0.84132 0.00707219
6.34011 0.5 0.87066 0.00712396
6.35011 0.5 0.84132 0.00713172
6.3601 0.5 0.87066 0.00713219
6.3701 0.5 0.84132 0.0071325
6.3801 0.5 0.87066 0.00713297
6.3901 0.5 0.84132 0.0071313
6.4001 0.5 0.87066 0.00713214
6.4101 0.5 0.84132 0.00713214
6.42011 0.5 0.87066 0.00713214
6.43011 0.5 0.84132 0.0071337
6.44015 0.5 0.87066 0.00713172
6.4501 0.5 0.84132 0.00713214
6.46011 0.5 0.87066 0.0071337
6.4701 0.5 0.84132 0.00713235
6.4801 0.5 0.87066 0.0071325
6.4901 0.5 0.84132 0.00713235
6.50018 0.5 0.86088 0.00603157
6.5102 0.5 0.84132 0.00591365
6.52023 0.5 0.87066 0.00599183
6.53023 0.5 0.84132 0.00585844
6.54054 0.5 0.87066 0.00600292
6.55019 0.5 0.84132 0.00604162
6.56013 0.5 0.86088 0.00711834
6.57016 0.5 0.83154 0.0070699
6.58014 0.5 0.87066 0.00704828
6.59014 0.5 0.84132 0.00707787
6.60013 0.5 0.87066 0.00708151
6.61013 0.5 0.84132 0.00706922
6.62013 0.5 0.87066 0.00708141
6.63013 0.5 0.84132 0.00708063
6.64013 0.5 0.87066 0.00710662
6.65011 0.5 0.84132 0.00710198
6.66012 0.5 0.87066 0.00709896
6.67013 0.5 0.84132 0.00709714
6.68014 0.5 0.87066 0.00704625
6.69012 0.5 0.84132 0.00710818
6.70013 0.5 0.87066 0.00713896
6.7101 0.5 0.84132 0.00716886
6.72009 0.5 0.87066 0.00717125
6.73009 0.5 0.84132 0.00717026
6.7401 0.5 0.87066 0.00716922
6.75009 0.5 0.84132 0.00717261
6.76009 0.5 0.87066 0.00717261
6.77009 0.5 0.84132 0.0071725
6.78009 0.5 0.87066 0.00717276
6.79009 0.5 0.84132 0.00717313
6.80009 0.5 0.87066 0.00717256
6.81009 0.5 0.84132 0.00717235
6.82009 0.5 0.86088 0.00717281
6.83009 0.5 0.83154 0.00717136
6.84009 0.5 0.86088 0.00717271
6.85009 0.5 0.83154 0.00717276
6.86009 0.5 0.86088 0.00717229
6.87009 0.5 0.83154 0.00717157
6.88009 0.5 0.87066 0.00717256
6.89009 0.5 0.84132 0.00717209
6.90009 0.5 0.87066 0.00717297
6.91009 0.5 0.84132 0.00717292
6.92009 0.5 0.87066 0.00717255
6.93009 0.5 0.84132 0.00717193
6.94009 0.5 0.88044 0.00716891
6.95009 0.5 0.84132 0.00716938
6.96009 0.5 0.87066 0.00717229
6.97009 0.5 0.84132 0.00717224
6.98009 0.5 0.87066 0.00717261
6.99009 0.5 0.84132 0.00717266
7.00009 0.5 0.87066 0.00717235
7.01009 0.5 0.84132 0.00717235
7.02009 0.5 0.87066 0.00717235
7.03009 0.5 0.83154 0.00717261
7.04009 0.5 0.87066 0.00717235
7.05009 0.5 0.83154 0.00717235
7.06009 0.5 0.87066 0.00717193
7.07009 0.5 0.84132 0.00717193
7.08009 0.5 0.87066 0.0071725
7.09009 0.5 0.84132 0.00717183
7.10009 0.5 0.87066 0.00717266
7.11009 0.5 0.84132 0.00717245
7.12009 0.5 0.87066 0.00717271
7.13009 0.5 0.84132 0.00717261
7.14009 0.5 0.87066 0.00717016
7.15009 0.5 0.84132 0.00717188
7.16009 0.5 0.87066 0.00717245
7.17009 0.5 0.83154 0.0071724
7.18009 0.5 0.86088 0.00717214
7.19009 0.5 0.83154 0.00717224
7.20009 0.5 0.86088 0.00717157
7.21009 0.5 0.83154 0.00717255
7.22009 0.5 0.86088 0.00717245
7.23009 0.5 0.84132 0.00717261
7.24009 0.5 0.87066 0.00717266
7.25009 0.5 0.84132 0.00717292
7.26009 0.5 0.87066 0.00717271
7.27009 0.5 0.84132 0.00717266
7.28009 0.5 0.87066 0.00717255
7.29009 0.5 0.84132 0.00717302
7.30009 0.5 0.87066 0.00717219
7.31009 0.5 0.84132 0.00717229
7.32009 0.5 0.87066 0.00717266
7.33009 0.5 0.84132 0.00717219
7.34009 0.5 0.86088 0.00717131
7.3502 0.5 0.83154 0.00712427
7.36011 0.5 0.86088 0.00712844
7.3701 0.5 0.83154 0.00713183
7.38011 0.5 0.86088 0.00713099
7.39011 0.5 0.83154 0.00713084
7.4001 0.5 0.8511 0.00713349
7.4101 0.5 0.83154 0.00713318
7.42011 0.5 0.86088 0.00713172
7.43011 0.5 0.84132 0.00713302
7.4401 0.5 0.87066 0.00713266
7.45015 0.5 0.84132 0.00713162
7.46011 0.5 0.88044 0.00713271
7.4701 0.5 0.8511 0.00713193
7.4801 0.5 0.88044 0.00713266
7.4901 0.5 0.8511 0.00713271
7.50011 0.5 0.88044 0.00713229
7.51011 0.5 0.84132 0.00713193
7.5201 0.5 0.87066 0.00713172
7.5301 0.5 0.84132 0.0071325
7.54011 0.5 0.86088 0.00712714
7.55015 0.5 0.84132 0.00713104
7.5601 0.5 0.87066 0.00713157
7.57011 0.5 0.83154 0.00713235
7.58011 0.5 0.87066 0.00713209
7.5901 0.5 0.84132 0.00713157
7.6001 0.5 0.87066 0.00713115
7.6101 0.5 0.83154 0.00713209
7.62011 0.5 0.87066 0.00712688
7.63011 0.5 0.83154 0.00713188
7.64011 0.5 0.86088 0.00713318
7.6501 0.5 0.83154 0.00713
7.66011 0.5 0.86088 0.00713214
7.6701 0.5 0.83154 0.00713203
7.6801 0.5 0.86088 0.00713219
7.6901 0.5 0.83154 0.00713183
7.70011 0.5 0.86088 0.00712386
7.71011 0.5 0.83154 0.00713073
7.7201 0.5 0.86088 0.00713308
7.73011 0.5 0.83154 0.00713255
7.74011 0.5 0.87066 0.00712542
7.75011 0.5 0.84132 0.00707802
7.76011 0.5 0.87066 0.00713089
7.7701 0.5 0.84132 0.00713261
7.78011 0.5 0.87066 0.00712974
7.79011 0.5 0.84132 0.00713193
7.8001 0.5 0.87066 0.00713266
7.8101 0.5 0.84132 0.00713261
7.82011 0.5 0.88044 0.00713224
7.8301 0.5 0.84132 0.00713313
7.8401 0.5 0.88044 0.00713261
7.8501 0.5 0.84132 0.00713297
7.86015 0.5 0.88044 0.00713203
7.8701 0.5 0.84132 0.00713078
7.88011 0.5 0.87066 0.00713209
7.8901 0.5 0.83154 0.00713214
7.90011 0.5 0.86088 0.00713151
7.9101 0.5 0.83154 0.00713214
7.9201 0.5 0.86088 0.00713256
7.9301 0.5 0.82176 0.00713297
7.94013 0.5 0.8511 0.00711787
7.95012 0.5 0.82176 0.00712927
7.96017 0.5 0.86088 0.00713068
7.97011 0.5 0.83154 0.00713183
7.9801 0.5 0.87066 0.00713193
7.99011 0.5 0.84132 0.00712938
8.00011 0.5 0.88044 0.00712823
8.01011 0.5 0.8511 0.0071323
8.02011 0.5 0.88044 0.00713084
8.0301 0.5 0.86088 0.00713214
8.0401 0.5 0.88044 0.00713287
8.05011 0.5 0.8511 0.00713417
8.0601 0.5 0.88044 0.00713089
8.07011 0.5 0.84132 0.00713214
8.0801 0.5 0.87066 0.00713219
8.09011 0.5 0.84132 0.00713308
8.10011 0.5 0.87066 0.00713261
8.1101 0.5 0.83154 0.00713256
8.1201 0.5 0.86088 0.00713219
8.1301 0.5 0.83154 0.00713214
8.14011 0.5 0.86088 0.00712448
8.15011 0.5 0.83154 0.00713203
8.1601 0.5 0.86088 0.00706959
8.17011 0.5 0.83154 0.00713131
8.1801 0.5 0.87066 0.00713209
8.19011 0.5 0.84132 0.00712828
8.20011 0.5 0.87066 0.00712985
8.2101 0.5 0.84132 0.00713131
8.22011 0.5 0.87066 0.00713104
8.2301 0.5 0.84132 0.00713224
8.2401 0.5 0.87066 0.00713276
8.2501 0.5 0.84132 0.0071336
8.26011 0.5 0.86088 0.0070849
8.27011 0.5 0.83154 0.00713219
8.2801 0.5 0.86088 0.00713261
8.2901 0.5 0.83154 0.00713256
8.30011 0.5 0.87066 0.0071325
8.3101 0.5 0.84132 0.00713235
8.3201 0.5 0.87066 0.00711688
8.3301 0.5 0.84132 0.00713375
8.34012 0.5 0.87066 0.00712735
8.35011 0.5 0.84132 0.00713219
8.3601 0.5 0.87066 0.00713256
8.3701 0.5 0.84132 0.00713235
8.3801 0.5 0.87066 0.00712761
8.39011 0.5 0.84132 0.00713136
8.4001 0.5 0.87066 0.00713219
8.4101 0.5 0.84132 0.00713214
8.42011 0.5 0.87066 0.00713042
8.4301 0.5 0.83154 0.00713183
8.4401 0.5 0.86088 0.00711459
8.4501 0.5 0.83154 0.00713308
8.46011 0.5 0.86088 0.00713219
8.47015 0.5 0.83154 0.00613433
8.48011 0.5 0.86088 0.00713224
8.4901 0.5 0.83154 0.00713271
8.50012 0.5 0.86088 0.00712334
8.51011 0.5 0.84132 0.00702875
8.52013 0.5 0.87066 0.00712157
8.53011 0.5 0.84132 0.00712802
8.54012 0.5 0.88044 0.00712651
8.55011 0.5 0.8511 0.00712927
8.56011 0.5 0.88044 0.0071274
8.57018 0.5 0.8511 0.00713167
8.58011 0.5 0.88044 0.00713115
8.59011 0.5 0.84132 0.00713214
8.6001 0.5 0.88044 0.00713214
8.6101 0.5 0.83154 0.00713214
8.62011 0.5 0.87066 0.00712495
8.63011 0.5 0.83154 0.0071311
8.64011 0.5 0.86088 0.0071324
8.6501 0.5 0.83154 0.00713183
8.66011 0.5 0.86088 0.0071325
8.6701 0.5 0.83154 0.00712855
8.6801 0.5 0.86088 0.0071287
8.69011 0.5 0.83154 0.00713276
8.70011 0.5 0.87066 0.00713219
8.71011 0.5 0.84132 0.00713198
8.72011 0.5 0.87066 0.00713219
8.73011 0.5 0.84132 0.00713151
8.74011 0.5 0.87066 0.00712605
8.75011 0.5 0.84132 0.00713141
8.76011 0.5 0.87066 0.00713162
8.7701 0.5 0.84132 0.00707636
8.7801 0.5 0.87066 0.00713271
8.7901 0.5 0.84132 0.00713177
8.8001 0.5 0.87066 0.0071149
8.8101 0.5 0.84132 0.00713235
8.82011 0.5 0.87066 0.00713203
8.8301 0.5 0.84132 0.00713219
8.8401 0.5 0.87066 0.00713375
8.85011 0.5 0.83154 0.00713282
8.86011 0.5 0.87066 0.00711584
8.87011 0.5 0.84132 0.00713271
8.88015 0.5 0.87066 0.00713193
8.8901 0.5 0.84132 0.0071325
8.90011 0.5 0.87066 0.00713302
8.9101 0.5 0.84132 0.00713261
8.9201 0.5 0.87066 0.00713219
8.9301 0.5 0.84132 0.00713214
8.94011 0.5 0.87066 0.00713177
8.9501 0.5 0.84132 0.0071323
8.9601 0.5 0.87066 0.00713188
8.9701 0.5 0.84132 0.00713115
8.9801 0.5 0.87066 0.00713214
8.9901 0.5 0.83154 0.00713245
9.0001 0.5 0.87066 0.00713219
9.0101 0.5 0.83154 0.00713219
9.02011 0.5 0.86088 0.00713292
9.0301 0.5 0.83154 0.00713282
9.0401 0.5 0.86088 0.00713308
9.0501 0.5 0.83154 0.00713219
9.0601 0.5 0.87066 0.00713209
9.0701 0.5 0.84132 0.00713271
9.0801 0.5 0.87066 0.00713021
9.09011 0.5 0.84132 0.00713058
9.10011 0.5 0.87066 0.00713339
9.1101 0.5 0.84132 0.00713256
9.1201 0.5 0.88044 0.00713308
9.1301 0.5 0.84132 0.00713177
9.14011 0.5 0.88044 0.00712818
9.15011 0.5 0.84132 0.00713177
9.16011 0.5 0.88044 0.00713068
9.1701 0.5 0.84132 0.00713214
9.1801 0.5 0.87066 0.00708292
9.19011 0.5 0.84132 0.00713141
9.2001 0.5 0.87066 0.00713224
9.2101 0.5 0.83154 0.00713214
9.22011 0.5 0.87066 0.00713136
9.2301 0.5 0.84132 0.00713261
9.2401 0.5 0.86088 0.00713271
9.2501 0.5 0.83154 0.00713219
9.2601 0.5 0.86088 0.00713204
9.2701 0.5 0.83154 0.00713287
9.2801 0.5 0.87066 0.0071325
9.29014 0.5 0.84132 0.00713052
9.30011 0.5 0.87066 0.00713261
9.3101 0.5 0.84132 0.00713219
9.3201 0.5 0.87066 0.00713354
9.3301 0.5 0.84132 0.00713282
9.34011 0.5 0.87066 0.00712818
9.35011 0.5 0.84132 0.00713115
9.3601 0.5 0.87066 0.00713063
9.37011 0.5 0.83154 0.00713271
9.3801 0.5 0.87066 0.00713214
9.3901 0.5 0.84132 0.00713834
9.40011 0.5 0.87066 0.00713005
9.4101 0.5 0.83154 0.00713224
9.42011 0.5 0.87066 0.00713219
9.4301 0.5 0.84132 0.00713339
9.4401 0.5 0.87066 0.00713224
9.4501 0.5 0.84132 0.00713214
9.4601 0.5 0.87066 0.00713026
9.4701 0.5 0.84132 0.00713094
9.4801 0.5 0.87066 0.00713308
9.4901 0.5 0.84132 0.00713125
9.50011 0.5 0.87066 0.00713219
9.5101 0.5 0.84132 0.00713104
9.5201 0.5 0.87066 0.00713089
9.5301 0.5 0.84132 0.00713235
9.54011 0.5 0.87066 0.00712766
9.55011 0.5 0.83154 0.00713224
9.56011 0.5 0.86088 0.00713256
9.57011 0.5 0.84132 0.00713219
9.58011 0.5 0.87066 0.00713021
9.5901 0.5 0.84132 0.0070811
9.60011 0.5 0.87066 0.00713214
9.6101 0.5 0.84132 0.0071323
9.62011 0.5 0.87066 0.00710203
9.63011 0.5 0.84132 0.00713084
9.64011 0.5 0.87066 0.00712407
9.65011 0.5 0.84132 0.0071325
9.66011 0.5 0.88044 0.00713219
9.6701 0.5 0.84132 0.00713282
9.68011 0.5 0.87066 0.00713204
9.6901 0.5 0.84132 0.00713334
9.70016 0.5 0.87066 0.00613292
9.71011 0.5 0.84132 0.00713131
9.7201 0.5 0.87066 0.00713297
9.73011 0.5 0.84132 0.0071325
9.74011 0.5 0.87066 0.00712959
9.75011 0.5 0.84132 0.00713224
9.7601 0.5 0.87066 0.00713032
9.77011 0.5 0.83154 0.0071336
9.78011 0.5 0.87066 0.00713162
9.79011 0.5 0.84132 0.00713209
9.8001 0.5 0.87066 0.00713198
9.81011 0.5 0.84132 0.00713204
9.82011 0.5 0.87066 0.00712766
9.83011 0.5 0.84132 0.00713219
9.8401 0.5 0.87066 0.00713198
9.8501 0.5 0.84132 0.00713276
9.86011 0.5 0.87066 0.00713214
9.87011 0.5 0.84132 0.00712391
9.88011 0.5 0.87066 0.00712828
9.89011 0.5 0.84132 0.00713104
9.90011 0.5 0.87066 0.00713052
9.9101 0.5 0.84132 0.00713193
9.9201 0.5 0.87066 0.00713219
9.9301 0.5 0.84132 0.00713214
9.94011 0.5 0.87066 0.00712558
9.95012 0.5 0.84132 0.00711688
9.96012 0.5 0.87066 0.00712771
9.97011 0.5 0.84132 0.00713104
9.9801 0.5 0.87066 0.00712964
9.99011 0.5 0.84132 0.00713006
10.0001 0 0 0.00989209
10.0102 0 0 0.00983818
10.0201 0 0 0.00988693
10.0301 0 0 0.00989646
10.0401 0 0 0.00989756
10.0501 0 0 0.00989849
10.0601 0 0 0.00989651
10.0701 0 0 0.00989828
10.0801 0 0 0.00989849
10.0901 0 0 0.00989875
10.1001 0 0 0.00989599
10.1101 0 0 0.00985599
10.1201 0 0 0.00989438
10.1301 0 0 0.00989693
10.1401 0 0 0.00988448
10.1501 0 0 0.00989516
10.1601 0 0 0.00989542
10.1701 0 0 0.0098975
10.1801 0 0 0.00989771
10.1901 0 0 0.00989625
10.2001 0 0 0.00989761
10.2101 0 0 0.00989839
10.2202 0 0 0.00984662
10.2301 0 0 0.00989542
