1e-07 2 0.0099995
0.0097655 2.00118 0.0102342
0.0207276 2.00476 0.0092718
0.0307106 2.01076 0.0092889
0.0396687 2.01921 0.0103311
0.0506415 2.03009 0.0093581
0.0606112 2.04336 0.0093884
0.0705878 2.05896 0.0094119
0.0805628 2.07679 0.0094367
0.0905319 2.09673 0.0094678
0.100542 2.11863 0.0094575
0.110471 2.14228 0.0095285
0.120454 2.16747 0.0095463
0.130436 2.19392 0.009563
0.140435 2.22136 0.0095645
0.150379 2.24943 0.0096207
0.160321 2.27779 0.0096792
0.169325 2.30603 0.0106744
0.1803 2.33372 0.0096988
0.190267 2.36042 0.0097328
0.200292 2.38564 0.0097076
0.21026 2.4089 0.0097395
0.220185 2.42968 0.00981439
0.230167 2.44747 0.00983269
0.240165 2.46176 0.00983509
0.250144 2.47202 0.00985599
0.260146 2.47777 0.00985329
0.27006 2.47853 0.00993989
0.28003 2.47387 0.00996919
0.290035 2.46338 0.00996449
0.299994 2.44671 0.0100048
0.310916 2.42358 0.00908329
0.319921 2.39377 0.0100783
0.330893 2.35715 0.00910679
0.340863 2.31369 0.00913629
0.350889 2.26343 0.00911019
0.360812 2.20655 0.00918809
0.370834 2.14333 0.00916549
0.38076 2.07418 0.00923909
0.390731 1.99962 0.00926909
0.400749 1.92033 0.00925069
0.410647 1.83709 0.00935169
0.419653 1.75082 0.0103467
0.430659 1.66256 0.00934089
0.440601 1.57348 0.00939889
0.450572 1.48484 0.00942719
0.460515 1.39801 0.00948449
0.469523 1.31442 0.0104768
0.480546 1.23557 0.00945349
0.490463 1.163 0.00953619
0.50045 1.09827 0.00954959
0.5104 1.04291 0.00959909
0.519393 0.998412 0.0106066
0.530359 0.966194 0.00964009
0.540329 0.947563 0.00967069
0.550307 0.943684 0.00969289
0.56028 0.955542 0.00971939
0.570251 0.983907 0.00974869
0.580226 1.02931 0.00977289
0.590251 1.09199 0.00974899
0.600172 1.1719 0.00982709
0.610171 1.26864 0.00982779
0.62012 1.38149 0.00987909
0.630096 1.50935 0.00990399
0.640066 1.65073 0.00993349
0.65004 1.80381 0.00995889
0.660003 1.96639 0.00999609
0.668992 2.13593 0.0110077
0.68096 2.30957 0.00903948
0.690965 2.48419 0.00903508
0.700905 2.65642 0.00909488
0.710928 2.82274 0.00907168
0.720849 2.97951 0.00915068
0.730823 3.12306 0.00917708
0.740797 3.24976 0.00920288
0.750771 3.35614 0.00922838
0.760747 3.43894 0.00925238
0.770716 3.49525 0.00928338
0.780744 3.52254 0.00925468
0.790661 3.51882 0.00933858
0.800637 3.48268 0.00936258
0.810579 3.4134 0.00942038
0.819587 3.31099 0.0104126
0.830557 3.17627 0.00944318
0.840501 3.01087 0.00949868
0.84951 2.81728 0.010489
0.860481 2.59885 0.00951858
0.870451 2.35972 0.00954908
0.88043 2.10483 0.00956948
0.890428 1.83976 0.00957138
0.90037 1.57072 0.00962888
0.910371 1.30434 0.00962858
0.919317 1.04757 0.010683
0.930323 0.807463 0.00967648
0.940263 0.591037 0.00973688
0.950292 0.405027 0.00970758
0.960235 0.255693 0.00976448
0.97018 0.148603 0.00981968
0.980159 0.0884228 0.00984078
0.990133 0.0787211 0.00986648
1.0001 0.121789 0.00989558
1.01008 0.218492 0.00992248
1.01905 0.368146 0.0109461
1.03002 0.576789 0.00997598
1.04006 0.833668 0.00994248
1.05002 1.12574 0.00997718
1.05991 1.4451 0.010087
1.06992 1.7828 0.0100823
1.08096 2.12904 0.00904058
1.09086 2.47346 0.00914018
1.10087 2.80544 0.00913298
1.11081 3.11444 0.00918977
1.11978 3.3903 0.0102179
1.13075 3.62366 0.00924687
1.14072 3.80625 0.00927577
1.15074 3.9312 0.00926047
1.16075 3.99341 0.00925337
1.17064 3.98968 0.00935547
1.18065 3.919 0.00934517
1.1906 3.78264 0.00940397
1.20057 3.58417 0.00943267
1.21059 3.32945 0.00940517
1.21952 3.02652 0.0104782
1.23049 2.68538 0.00951227
1.24049 2.3177 0.00950897
1.25044 1.93645 0.00956187
1.26041 1.55545 0.00959277
1.27042 1.18893 0.00957807
1.28036 0.850929 0.00964277
1.29037 0.55479 0.00962557
1.3003 0.312593 0.00969917
1.31027 0.134633 0.00972567
1.32025 0.0289397 0.00975357
1.33022 0.000865686 0.00977867
1.34023 0.0527696 0.00977277
1.35017 0.183806 0.00982907
1.36014 0.389845 0.00986367
1.36912 0.663519 0.0108795
1.38013 0.994422 0.00987277
1.39006 1.36945 0.00994227
1.40003 1.77325 0.00996677
1.40998 2.18885 0.0100226
1.42095 2.5983 0.00904767
1.43094 2.9835 0.00906167
1.44091 3.32693 0.00908757
1.4509 3.61257 0.00909717
1.46089 3.82659 0.00910857
1.46985 3.95813 0.0101498
1.48082 3.99989 0.00917577
1.49079 3.9486 0.00920857
1.50079 3.80532 0.00920717
1.51071 3.57554 0.00929307
1.5207 3.26906 0.00929637
1.53068 2.89963 0.00932437
1.54065 2.48446 0.00935007
1.5506 2.04343 0.00939957
1.55967 1.59818 0.0103345
1.57066 1.17108 0.00934386
1.58055 0.784125 0.00945226
1.59052 0.457722 0.00948276
1.60055 0.209626 0.00945376
1.61055 0.0538907 0.00944496
1.62044 5.45714e-06 0.00956136
1.63046 0.0522352 0.00953766
1.64045 0.209222 0.00954766
1.65038 0.463877 0.00961666
1.6604 0.803593 0.00959726
1.67031 1.21076 0.00969446
1.67931 1.66362 0.0106908
1.69028 2.13734 0.00971786
1.70026 2.60534 0.00974226
1.71025 3.0408 0.00974606
1.72023 3.41816 0.00976846
1.73017 3.71473 0.00983076
1.74012 3.91204 0.00988296
1.75016 3.99712 0.00983936
1.7601 3.96345 0.00989466
1.77006 3.81153 0.00993706
1.78001 3.54906 0.00998406
1.79004 3.19072 0.00995726
1.80001 2.75741 0.00998816
1.80994 2.27518 0.0100611
1.82096 1.77369 0.00903956
1.83091 1.28446 0.00909156
1.83992 0.838881 0.010081
1.85089 0.466189 0.00910846
1.86083 0.191475 0.00916676
1.86983 0.0339245 0.0101647
1.8808 0.00537145 0.00919476
1.89078 0.10929 0.00921976
1.90072 0.340323 0.00927796
1.91069 0.684391 0.00930646
1.9197 1.11941 0.0102982
1.93068 1.61659 0.00932166
1.94065 2.14224 0.00935306
1.95059 2.66003 0.00941046
1.96057 3.13342 0.00942626
1.96958 3.52834 0.0104235
1.98052 3.81564 0.00948366
1.99051 3.97337 0.00948706
2.00049 3.98856 0.00951056
2.0104 3.85845 0.00959745
2.01944 3.59094 0.0105604
2.03038 3.20433 0.00962385
2.04035 2.72618 0.00964625
2.04936 2.1915 0.0106379
2.06032 1.64029 0.00967805
2.0693 1.11456 0.0106976
2.08024 0.65515 0.00975445
2.09022 0.29853 0.00978345
2.10024 0.0737747 0.00976025
2.1102 9.12929e-05 0.00980285
2.12017 0.0850179 0.00983405
2.13016 0.323513 0.00983875
2.14008 0.698035 0.00992005
2.15009 1.17965 0.00991035
2.16003 1.7301 0.00997145
2.16903 2.30476 0.0109658
2.18001 2.85617 0.00998455
2.19 3.33794 0.00999765
2.19995 3.70873 0.0100451
2.21089 3.93587 0.00910585
2.2199 3.99842 0.0101015
2.23088 3.88924 0.00912325
2.24081 3.61595 0.00918955
2.25082 3.20068 0.00918425
2.26076 2.67846 0.00923595
2.2707 2.09438 0.00930065
2.27973 1.4999 0.0102656
2.29072 0.948276 0.00928055
2.30065 0.489836 0.00934705
2.31063 0.167286 0.00936955
2.32061 0.0115992 0.00938885
2.33058 0.0388651 0.00942285
2.33954 0.248426 0.0104573
2.35051 0.622535 0.00948725
2.36049 1.12762 0.00950585
2.37046 1.7171 0.00953815
2.37948 2.33553 0.0105221
2.38951 2.92374 0.0104917
2.40045 3.4245 0.00954655
2.41043 3.78814 0.00956745
2.41937 3.97762 0.0106343
2.43037 3.9725 0.00963285
2.43937 3.77136 0.0106305
2.45037 3.39239 0.00962955
2.46028 2.87201 0.00972144
2.46929 2.2616 0.0107051
2.48029 1.62256 0.00970744
2.49027 1.02025 0.00973294
2.5002 0.517281 0.00979724
2.51016 0.166959 0.00984094
2.52018 0.0074344 0.00982094
2.53013 0.057352 0.00987274
2.54009 0.313421 0.00990764
2.55008 0.750274 0.00992364
2.56002 1.3227 0.00998084
2.56996 1.97009 0.0100396
2.58099 2.62272 0.00901224
2.59096 3.2092 0.00903624
2.60094 3.66428 0.00905644
2.61089 3.93628 0.00911434
2.61991 3.99316 0.0100892
2.63088 3.82654 0.00912304
2.64085 3.45315 0.00915384
2.65084 2.91354 0.00915744
2.6608 2.26788 0.00919684
2.67078 1.58947 0.00922454
2.68073 0.956568 0.00927004
2.69067 0.443286 0.00933064
2.70068 0.11086 0.00932294
2.71062 0.0001162 0.00938134
2.72062 0.12619 0.00937554
2.7306 0.476167 0.00939604
2.74058 1.01004 0.00941484
2.75055 1.66499 0.00945414
2.76051 2.36252 0.00949194
2.76949 3.01777 0.0105052
2.78048 3.54981 0.00951954
2.79044 3.89176 0.00956424
2.8004 3.99941 0.00959594
2.81041 3.85724 0.00958594
2.81936 3.48095 0.0106375
2.8303 2.91615 0.00970354
2.8403 2.23312 0.00969524
2.85028 1.51831 0.00971894
2.86024 0.863549 0.00975724
2.87018 0.354178 0.00981624
2.87921 0.0578282 0.0107899
2.89019 0.0151638 0.00981184
2.90014 0.233972 0.00986213
2.9101 0.687469 0.00990293
2.9201 1.31718 0.00989913
2.93008 2.04016 0.00991863
2.94005 2.75969 0.00995073
2.95 3.37818 0.0100033
2.961 3.81044 0.00900213
2.97095 3.99562 0.00904883
2.98095 3.90614 0.00905323
2.99089 3.55211 0.00910533
3.00088 2.98073 0.00912453
3.01088 2.27032 0.00912123
3.02082 1.51991 0.00918113
3.03079 0.835562 0.00920983
3.04078 0.315382 0.00921973
3.05074 0.0352741 0.00925703
3.06071 0.0375628 0.00928913
3.07068 0.324206 0.00931813
3.08071 0.855737 0.00929233
3.09065 1.55626 0.00935083
3.10061 2.32396 0.00939123
3.11055 3.04567 0.00945103
3.11955 3.61359 0.0104513
3.13052 3.94148 0.00947633
3.1405 3.97809 0.00950233
3.15047 3.71557 0.00952513
3.16038 3.19149 0.00962163
3.16942 2.48392 0.010577
3.18036 1.70018 0.00964193
3.1903 0.96078 0.00970223
3.19934 0.380921 0.0106553
3.21027 0.0523947 0.00973333
3.21929 0.0287224 0.0107115
3.23026 0.316001 0.00974303
3.24023 0.871065 0.00977243
3.25021 1.60748 0.00979343
3.26018 2.40862 0.00982063
3.27015 3.14592 0.00984903
3.28013 3.69951 0.00987383
3.29012 3.9779 0.00988313
3.30009 3.93344 0.00990553
3.31002 3.57101 0.00998433
3.31902 2.94809 0.0109828
3.32999 2.1662 0.0100047
3.34097 1.35467 0.00903183
3.35093 0.649455 0.00906712
3.36091 0.170263 0.00908772
3.37088 5.07105e-07 0.00911682
3.38082 0.169965 0.00917602
3.38983 0.653582 0.0101725
3.40081 1.36997 0.00918952
3.41077 2.19698 0.00923122
3.41975 2.99172 0.0102474
3.43072 3.61518 0.00927522
3.4407 3.9567 0.00930292
3.45068 3.954 0.00931572
3.46065 3.60505 0.00934822
3.47061 2.96949 0.00939012
3.4806 2.15896 0.00940182
3.49056 1.31798 0.00944092
3.50053 0.598275 0.00946682
3.51045 0.131412 0.00955302
3.51948 0.00438085 0.0105146
3.53047 0.242899 0.00952752
3.54045 0.80563 0.00955202
3.55041 1.59071 0.00959252
3.56039 2.4537 0.00961442
3.56935 3.23386 0.0106479
3.58032 3.78412 0.00967412
3.59029 3.99905 0.00970772
3.60029 3.83555 0.00970912
3.61024 3.32211 0.00976032
3.61923 2.55455 0.0107705
3.63021 1.67866 0.00979322
3.64019 0.86289 0.00980962
3.65014 0.265968 0.00986252
3.66011 0.00579237 0.00988942
3.66908 0.135647 0.0109172
3.68006 0.632657 0.00993722
3.69006 1.40107 0.00993892
3.70001 2.29013 0.00998952
3.70995 3.12323 0.0100453
3.71997 3.73301 0.0100244
3.73092 3.99513 0.00908042
3.74089 3.85423 0.00911092
3.75087 3.33621 0.00913362
3.76086 2.5443 0.00913842
3.77082 1.63906 0.00918412
3.78078 0.806235 0.00921512
3.79076 0.218667 0.00924262
3.80073 0.000137669 0.00926991
3.81071 0.198736 0.00929401
3.81968 0.775572 0.0103197
3.83065 1.6116 0.00934591
3.84063 2.5316 0.00937461
3.8506 3.34052 0.00939701
3.86053 3.8649 0.00946551
3.86955 3.99041 0.0104521
3.88055 3.68738 0.00945281
3.89049 3.01861 0.00950711
3.90047 2.12707 0.00953021
3.91041 1.20594 0.00958411
3.92042 0.457007 0.00957891
3.93041 0.0463213 0.00959171
3.94036 0.0669007 0.00964391
3.95033 0.516945 0.00966601
3.96029 1.29879 0.00970791
3.96925 2.23936 0.0107467
3.98022 3.12798 0.00977551
3.99022 3.76344 0.00977701
4.0002 3.9999 0.00979741
4.01011 3.78091 0.00988901
4.01915 3.15373 0.0108512
4.03012 2.26001 0.00987891
4.04011 1.30446 0.00988571
4.05007 0.508296 0.00993261
4.06001 0.0579472 0.00999121
4.06904 0.0609065 0.0109583
4.07999 0.519304 0.0100113
4.09095 1.32785 0.00904481
4.10095 2.29719 0.00905151
4.11087 3.19775 0.00912471
4.11988 3.814 0.0101233
4.13085 3.99636 0.00915071
4.14082 3.69824 0.00918211
4.15082 2.98882 0.00918071
4.16078 2.03786 0.00922201
4.17074 1.07583 0.00925651
4.18072 0.33825 0.00927851
4.19069 0.00786803 0.00931051
4.20066 0.168729 0.00933711
4.21065 0.783919 0.00934821
4.22063 1.70302 0.00937391
4.23058 2.69812 0.00941571
4.24055 3.51989 0.00944631
4.25053 3.96019 0.0094703
4.26047 3.90533 0.0095291
4.26948 3.36629 0.0105213
4.28045 2.47769 0.0095468
4.29043 1.46508 0.0095706
4.3004 0.588129 0.0096042
4.31031 0.0740728 0.0096939
4.31935 0.0583206 0.0106542
4.33032 0.547905 0.0096805
4.34029 1.41785 0.0097094
4.35027 2.44214 0.0097334
4.36027 3.35186 0.0097266
4.37021 3.90576 0.00979
4.38018 3.95471 0.0098187
4.39018 3.48271 0.0098246
4.40013 2.61307 0.0098721
4.4101 1.57714 0.0099044
4.41908 0.653371 0.0109231
4.43007 0.0925552 0.0099277
4.44002 0.0492315 0.0099766
4.45 0.538188 0.0099944
4.45994 1.42851 0.0100635
4.46994 2.47761 0.0100588
4.48094 3.39672 0.009056
4.49088 3.93036 0.0091158
4.50086 3.92785 0.00914
4.5108 3.38686 0.0091972
4.51981 2.45605 0.0101901
4.53079 1.39522 0.0092082
4.54075 0.503398 0.0092494
4.55075 0.0344755 0.0092486
4.5607 0.124336 0.0092983
4.57067 0.750416 0.0093289
4.58066 1.73608 0.009344
4.59062 2.79947 0.0093797
4.60062 3.63362 0.0093839
4.61053 3.99521 0.0094648
4.61957 3.77631 0.0104345
4.63051 3.03773 0.0094881
4.64049 1.99335 0.0095093
4.65048 0.949124 0.0095199
4.66043 0.213803 0.0095671
4.66941 0.0072891 0.0105903
4.68035 0.393981 0.0096465
4.68935 1.26149 0.0106464
4.70033 2.35209 0.00966569
4.71031 3.3385 0.00969059
4.72027 3.92194 0.00972739
4.73025 3.9232 0.00975239
4.74022 3.33876 0.00978309
4.75016 2.34413 0.00983859
4.76014 1.24225 0.00986369
4.76915 0.371846 0.0108539
4.78014 0.00314022 0.00986339
4.79009 0.253168 0.00991359
4.80006 1.04738 0.00993679
4.81 2.14054 0.00999549
4.81901 3.19143 0.0109927
4.82998 3.86914 0.0100183
4.84094 3.95764 0.00906399
4.84993 3.42578 0.0100715
4.8609 2.4395 0.00910029
4.87089 1.3113 0.00910879
4.88085 0.401908 0.00915229
4.89081 0.00488053 0.00918749
4.90079 0.251002 0.00920529
4.91073 1.06391 0.00926759
4.92076 2.18235 0.00923759
4.93071 3.24312 0.00928829
4.94068 3.89874 0.00931629
4.95066 3.93176 0.00934169
4.96065 3.32811 0.00934689
4.97061 2.28419 0.00939239
4.98052 1.14427 0.00948119
4.98955 0.287576 0.0104459
5.00054 0.00192797 0.00946099
5.01047 0.386049 0.00952469
5.01947 1.31404 0.0105265
5.03045 2.4752 0.00955149
5.04044 3.47712 0.00956339
5.05039 3.9782 0.00961099
5.06037 3.80491 0.00963369
5.07034 3.01319 0.00966159
5.0803 1.87204 0.00969669
5.08929 0.773242 0.0107065
5.10028 0.0972342 0.00972149
5.11025 0.0808548 0.00974859
5.12021 0.733095 0.00979469
5.13017 1.82925 0.00982579
5.14015 2.98699 0.00985058
5.15012 3.7991 0.00987488
5.16008 3.97705 0.00991978
5.16908 3.45465 0.0109231
5.18007 2.41421 0.00992888
5.19003 1.22441 0.00996618
5.19999 0.310444 0.0100069
5.21093 0.00196382 0.00906688
5.21995 0.413098 0.0100497
5.23094 1.39868 0.00905708
5.24088 2.60391 0.00911768
5.25088 3.59112 0.00911998
5.2608 3.99866 0.00919978
5.27081 3.67439 0.00918808
5.2808 2.73401 0.00920218
5.29076 1.52145 0.00923558
5.30072 0.484218 0.00927718
5.31063 0.00831359 0.00936768
5.32065 0.273735 0.00935038
5.32964 1.18481 0.010357
5.34062 2.40294 0.00937698
5.35059 3.47125 0.00940928
5.36052 3.98575 0.00947518
5.36954 3.74898 0.0104592
5.38048 2.84733 0.00952388
5.38949 1.62137 0.0105141
5.40047 0.538436 0.00952808
5.41043 0.0146886 0.00956768
5.41943 0.254357 0.0105667
5.43038 1.16847 0.00961958
5.44035 2.40603 0.00965308
5.45034 3.48757 0.00965818
5.46031 3.99065 0.00969428
5.47027 3.71579 0.00972798
5.48021 2.76725 0.00978748
5.49018 1.51532 0.00981708
5.50019 0.453021 0.00980918
5.51017 0.00210302 0.00983368
5.51915 0.344598 0.0108531
5.53013 1.34759 0.00986638
5.54008 2.61295 0.00991558
5.55006 3.63414 0.00994398
5.56 3.99901 0.00999798
5.569 3.55725 0.0109962
5.57998 2.48411 0.0100158
5.59096 1.21277 0.00903807
5.60094 0.260537 0.00906097
5.61089 0.0182012 0.00910687
5.62086 0.588367 0.00913657
5.63084 1.74011 0.00915917
5.64081 3.0007 0.00919237
5.65079 3.84873 0.00921397
5.66077 3.93018 0.00923307
5.67073 3.20768 0.00926987
5.68068 1.97955 0.00931517
5.68968 0.758322 0.0103201
5.70065 0.0574853 0.00934877
5.71057 0.174933 0.00943407
5.7196 1.06461 0.0103987
5.73058 2.3524 0.00941847
5.74054 3.49194 0.00945677
5.75052 3.99605 0.00947977
5.76046 3.64605 0.00953597
5.76947 2.58853 0.0105293
5.78041 1.27603 0.00959147
5.79035 0.274652 0.00965437
5.79939 0.019828 0.0106075
5.81033 0.625609 0.00966757
5.81934 1.83156 0.0106608
5.83033 3.11278 0.00967237
5.84027 3.90748 0.00972577
5.85026 3.86385 0.00974287
5.86022 2.99751 0.00977877
5.86917 1.68845 0.0108291
5.88022 0.516012 0.00978127
5.89016 0.0029232 0.00983747
5.90014 0.381198 0.00985807
5.91011 1.48519 0.00989407
5.92009 2.82192 0.00991087
5.93004 3.78998 0.00995867
5.94002 3.95022 0.00998107
5.94999 3.22657 0.0100121
5.96095 1.9443 0.00904497
5.97093 0.685785 0.00907247
5.98091 0.0267201 0.00909217
5.99087 0.271949 0.00912617
6.00086 1.31246 0.00914267
6.01083 2.67152 0.00917107
6.02082 3.72157 0.00917827
6.03077 3.97399 0.00922916
6.04074 3.30796 0.00925936
6.05072 2.03054 0.00928076
6.06071 0.737226 0.00928776
6.07068 0.0351608 0.00931506
6.08065 0.257384 0.00935046
6.09061 1.30279 0.00939146
6.10058 2.67968 0.00941496
6.11053 3.73548 0.00947426
6.11954 3.96595 0.0104619
6.13051 3.25762 0.00949396
6.14048 1.94595 0.00952276
6.15047 0.658625 0.00953116
6.16042 0.0159811 0.00957766
6.16941 0.331157 0.0105941
6.18038 1.45534 0.00962166
6.19034 2.84556 0.00965846
6.20032 3.82544 0.00967666
6.21026 3.91446 0.00973986
6.21927 3.06539 0.0107324
6.23023 1.69171 0.00976526
6.24021 0.468302 0.00978596
6.2502 0.000408683 0.00979556
6.26016 0.522959 0.00984116
6.27015 1.78022 0.00985086
6.28012 3.14853 0.00987546
6.29008 3.94446 0.00992266
6.30005 3.76682 0.00994806
6.30999 2.70101 0.0100072
6.32 1.28064 0.0100025
6.33097 0.22213 0.00903376
6.34094 0.0633497 0.00905666
6.35092 0.888551 0.00908226
6.36086 2.28111 0.00913896
6.37088 3.53166 0.00911856
6.38085 3.99885 0.00915046
6.3908 3.43956 0.00919706
6.40078 2.13791 0.00921806
6.41077 0.763496 0.00923026
6.42068 0.0280566 0.00931826
6.4297 0.316132 0.0102962
6.4407 1.48165 0.00930446
6.45065 2.91926 0.00935176
6.46062 3.87708 0.00937506
6.47056 3.85024 0.00943776
6.48057 2.84907 0.00943095
6.49054 1.39842 0.00945895
6.50051 0.264618 0.00948595
6.51046 0.0507766 0.00953525
6.51946 0.874264 0.0105367
6.53044 2.29953 0.00956395
6.5404 3.56612 0.00959465
6.55041 3.99375 0.00958865
6.56036 3.34914 0.00963585
6.57035 1.97596 0.00965315
6.58031 0.614237 0.00969325
6.59028 0.00258077 0.00972415
6.60027 0.476465 0.00973375
6.61019 1.78161 0.00980655
6.61921 3.2076 0.0107945
6.63016 3.97323 0.00983605
6.64016 3.6552 0.00983545
6.65012 2.4247 0.00988385
6.66009 0.958179 0.00991165
6.67008 0.0671839 0.00991995
6.68004 0.248756 0.00996095
6.69003 1.40578 0.00997225
6.69998 2.89586 0.0100163
6.71092 3.88606 0.00907905
6.71993 3.81873 0.0100726
6.7309 2.72784 0.00910205
6.74087 1.22511 0.00913185
6.75084 0.15909 0.00915445
6.76084 0.135989 0.00916105
6.77079 1.17279 0.00920605
6.78079 2.6823 0.00921335
6.79075 3.80345 0.00924585
6.80074 3.89234 0.00926265
6.81069 2.89411 0.00930935
6.81966 1.3798 0.0103401
6.83063 0.222033 0.00936945
6.84057 0.0924282 0.00942935
6.84959 1.06996 0.0104079
6.86053 2.58976 0.00947015
6.86953 3.76708 0.0104693
6.88052 3.91204 0.00947685
6.89047 2.9359 0.00953045
6.90045 1.40851 0.00955375
6.91041 0.228138 0.00958815
6.92039 0.0935219 0.00960625
6.93037 1.08816 0.00963144
6.94036 2.62537 0.00964444
6.95031 3.79184 0.00968704
6.96029 3.88998 0.00971324
6.97026 2.85725 0.00974164
6.98024 1.30918 0.00976414
6.99021 0.174983 0.00979424
7.00015 0.139962 0.00984624
7.00915 1.22917 0.0108455
7.02013 2.78658 0.00987344
7.03012 3.86777 0.00987604
7.04007 3.81264 0.00992854
7.05005 2.65086 0.00995404
7.06002 1.08957 0.00998244
7.07 0.0852623 0.00999964
7.07997 0.257592 0.0100291
7.09093 1.50441 0.00906504
7.10088 3.05881 0.00912034
7.11091 3.95871 0.00908864
7.12085 3.64288 0.00914674
7.13083 2.30375 0.00917274
7.1408 0.77368 0.00920284
7.15075 0.00943408 0.00925124
7.16078 0.493046 0.00922204
7.17073 1.92472 0.00926624
7.18069 3.40526 0.00930614
7.18968 3.99932 0.0103219
7.20064 3.32757 0.00935624
7.21062 1.8122 0.00938004
7.21959 0.414882 0.0104103
7.23056 0.0275621 0.00943704
7.24053 0.90141 0.00946724
7.25052 2.48046 0.00948144
7.26049 3.75226 0.00951214
7.26944 3.89644 0.0105616
7.28043 2.81607 0.00956944
7.29041 1.20638 0.00959434
7.30037 0.110105 0.00962804
7.31029 0.242049 0.00971354
7.31933 1.52031 0.0106717
7.3303 3.11331 0.00970124
7.34026 3.97848 0.00973604
7.35027 3.54524 0.00972894
7.36025 2.09444 0.00975334
7.3702 0.579939 0.00979584
7.38016 0.0032001 0.00983893
7.39012 0.749686 0.00988023
7.4001 2.32773 0.00989703
7.41005 3.68897 0.00994553
7.41906 3.92384 0.010938
7.43002 2.87143 0.00997703
7.44 1.23347 0.0100007
7.45097 0.10938 0.00902653
7.46095 0.258447 0.00905023
7.47092 1.58415 0.00908243
7.48086 3.19266 0.00913603
7.48987 3.99321 0.0101336
7.50084 3.43854 0.00915753
7.51083 1.90245 0.00916793
7.52079 0.431616 0.00921053
7.53076 0.0338518 0.00924053
7.54073 0.98576 0.00926493
7.55071 2.63657 0.00928793
7.56067 3.84977 0.00933133
7.56965 3.78511 0.010345
7.58063 2.48328 0.00937013
7.5906 0.844577 0.00940033
7.60059 0.00879924 0.00940663
7.61053 0.561746 0.00946493
7.61952 2.12112 0.0104819
7.63049 3.597 0.00950843
7.64047 3.95212 0.00953033
7.65046 2.93283 0.00953713
7.66039 1.2542 0.00961443
7.66941 0.101684 0.0105866
7.68038 0.294142 0.00961523
7.6903 1.69906 0.00969873
7.70031 3.31958 0.00969383
7.71029 3.9995 0.00970863
7.71927 3.24937 0.0107338
7.73025 1.60262 0.00975203
7.7402 0.240039 0.00980283
7.75018 0.144069 0.00982163
7.76012 1.38797 0.00988443
7.76912 3.07582 0.0108758
7.7801 3.98493 0.00989563
7.79007 3.45207 0.00993333
7.80004 1.86093 0.00995883
7.80998 0.36995 0.0100169
7.81999 0.0704525 0.010007
7.83098 1.18578 0.00902172
7.84093 2.90052 0.00906862
7.85092 3.95338 0.00907982
7.86088 3.565 0.00911892
7.87085 2.01833 0.00915072
7.88084 0.456735 0.00915742
7.89081 0.040757 0.00919062
7.90078 1.08374 0.00922092
7.9107 2.81157 0.00930302
7.92074 3.93372 0.00926262
7.93069 3.60697 0.00930862
7.94069 2.07245 0.00930632
7.95064 0.482081 0.00936202
7.96058 0.0359619 0.00941942
7.96958 1.07499 0.010416
7.98056 2.81606 0.00944022
7.99054 3.93865 0.00946032
8.00052 3.58623 0.00947552
8.01048 2.02325 0.00952142
8.02045 0.441204 0.00954682
8.03043 0.0523461 0.00956962
8.04039 1.15888 0.00960572
8.05038 2.91367 0.00962272
8.06031 3.9652 0.00968492
8.06932 3.49859 0.0106803
8.08029 1.87077 0.00970792
8.09028 0.341936 0.00971622
8.10024 0.101748 0.00975472
8.11015 1.34128 0.00984822
8.11921 3.09647 0.0107872
8.13016 3.99458 0.00983582
8.14013 3.32839 0.00987262
8.1501 1.61713 0.00989512
8.16002 0.206187 0.00998082
8.16905 0.210638 0.0109456
8.18004 1.63111 0.00995812
8.18999 3.34525 0.0100062
8.20097 3.99168 0.00902482
8.21094 3.05245 0.00905872
8.21992 1.27253 0.0100827
8.23092 0.0730156 0.00908372
8.24086 0.416945 0.00914142
8.25086 2.03257 0.00914272
8.26084 3.62325 0.00915932
8.27078 3.90598 0.00921571
8.28075 2.64848 0.00925251
8.29073 0.864781 0.00927141
8.3007 0.00104538 0.00929971
8.31064 0.762403 0.00935441
8.31967 2.533 0.0103245
8.33062 3.86967 0.00937821
8.34057 3.67722 0.00943211
8.3506 2.10912 0.00940381
8.36051 0.450139 0.00948831
8.36951 0.0662236 0.0104878
8.38049 1.27781 0.00950581
8.39048 3.08753 0.00951981
8.40044 3.99745 0.00956331
8.41037 3.24949 0.00963011
8.41939 1.4613 0.0106093
8.43036 0.120916 0.00964241
8.44033 0.349468 0.00967431
8.4503 1.96002 0.00969701
8.46026 3.60533 0.00973531
8.46925 3.90237 0.0107492
8.48024 2.59716 0.00975461
8.49021 0.786924 0.00978661
8.50019 0.00135849 0.00980461
8.51013 0.909102 0.00987201
8.51914 2.74396 0.0108584
8.53011 3.94709 0.00989401
8.54006 3.49083 0.00993891
8.55003 1.76042 0.00996441
8.55998 0.233863 0.0100227
8.56998 0.221328 0.0100185
8.58095 1.73776 0.00904551
8.59092 3.48119 0.00907771
8.6009 3.94749 0.00909881
8.61085 2.7299 0.00915371
8.61985 0.878924 0.0101533
8.63083 3.71255e-05 0.00916521
8.64079 0.860557 0.00921321
8.65077 2.71504 0.00923141
8.66075 3.94625 0.00925321
8.67073 3.47487 0.00926771
8.68069 1.70967 0.00930651
8.69066 0.198343 0.00934131
8.70065 0.272295 0.00934771
8.71057 1.87057 0.00942521
8.71958 3.58439 0.0104197
8.73057 3.89606 0.0094269
8.74052 2.52519 0.0094745
8.7505 0.68633 0.0095012
8.76043 0.0166684 0.0095648
8.76945 1.11719 0.0105524
8.78042 3.00817 0.0095838
8.7894 3.99687 0.0106045
8.80037 3.193 0.0096249
8.81033 1.3151 0.0096711
8.81931 0.0533843 0.0106852
8.83027 0.549218 0.0097343
8.84024 2.35848 0.0097625
8.84924 3.8439 0.010764
8.86017 3.65493 0.0098243
8.86918 1.9592 0.0108173
8.88015 0.299527 0.0098484
8.89013 0.192827 0.0098714
8.9001 1.74088 0.0098962
8.91007 3.52772 0.0099258
8.91905 3.91142 0.0109515
8.93002 2.53492 0.0099791
8.93999 0.663866 0.0100096
8.95096 0.0269108 0.0090363
8.96094 1.21731 0.0090558
8.97093 3.13495 0.0090739
8.98092 3.99846 0.0090743
8.99085 3.00059 0.0091469
9.00083 1.06802 0.009172
9.01085 0.00581879 0.0091494
9.02078 0.811561 0.0092219
9.03075 2.73359 0.009245
9.04072 3.96685 0.0092805
9.0507 3.34733 0.009299
9.06069 1.45525 0.0093081
9.07065 0.0772603 0.0093506
9.08064 0.520731 0.0093551
9.09061 2.36918 0.0093868
9.10057 3.8676 0.0094312
9.11047 3.58684 0.0095257
9.11951 1.7905 0.010492
9.13052 0.193448 0.0094828
9.14048 0.327081 0.0095221
9.15045 2.06743 0.0095474
9.16034 3.74401 0.0096604
9.16938 3.74048 0.0106216
9.18035 2.05601 0.00964689
9.19032 0.316279 0.00967629
9.2003 0.207638 0.00970229
9.21022 1.83968 0.00977499
9.21924 3.62238 0.0107567
9.23021 3.80616 0.00978469
9.24019 2.23961 0.00981389
9.25017 0.47097 0.00983419
9.26014 0.220627 0.00986129
9.27011 1.70519 0.00989009
9.28008 3.4475 0.00991439
9.29008 3.74268 0.00992079
9.3 2.3287 0.0100015
9.31098 0.621813 0.00901539
9.31998 0.301851 0.0100225
9.33095 1.65688 0.00905019
9.34092 3.32093 0.00908179
9.35089 3.64724 0.00910779
9.36087 2.33986 0.00913079
9.37084 0.724908 0.00916079
9.38083 0.409124 0.00916529
9.39078 1.6794 0.00921879
9.40078 3.23963 0.00921999
9.41074 3.52954 0.00926089
9.41971 2.28692 0.0102647
9.4307 0.786821 0.00930169
9.44065 0.536683 0.00934679
9.45063 1.75962 0.00936769
9.46061 3.19409 0.00939429
9.47058 3.39198 0.00941879
9.48053 2.18246 0.00946789
9.48952 0.819531 0.0104773
9.50049 0.684919 0.00950669
9.51047 1.88528 0.00953029
9.51945 3.17022 0.0105506
9.53042 3.23207 0.00957809
9.54038 2.03878 0.00961569
9.55037 0.838918 0.00963349
9.56032 0.857649 0.00968369
9.56931 2.04356 0.0106906
9.58025 3.15066 0.00974869
9.59025 3.04543 0.00974779
9.60023 1.86966 0.00977299
9.61017 0.863483 0.00983308
9.61918 1.059 0.010823
9.63014 2.21929 0.00985588
9.64014 3.1162 0.00986418
9.65006 2.82908 0.00993608
9.66007 1.69211 0.00993158
9.67004 0.912632 0.00996428
9.68002 1.28991 0.00998268
9.68995 2.39335 0.0100462
9.70096 3.04792 0.00903688
9.7109 2.58501 0.00909838
9.71991 1.52738 0.0100898
9.73089 1.00391 0.00911288
9.74085 1.54459 0.00914968
9.75085 2.54247 0.00915278
9.76082 2.93068 0.00917608
9.77078 2.32354 0.00922268
9.78075 1.40035 0.00925098
9.79071 1.14885 0.00928548
9.80069 1.80764 0.00931128
9.81065 2.64103 0.00934838
9.81964 2.75785 0.0103626
9.83061 2.06545 0.00939058
9.84058 1.33615 0.00941598
9.85056 1.34785 0.00943928
9.8605 2.0531 0.00949848
9.8695 2.66596 0.0104975
9.88048 2.53652 0.00951838
9.89042 1.84114 0.00958118
9.90043 1.35383 0.00957268
9.91034 1.58538 0.00965668
9.91937 2.24737 0.010632
9.93035 2.60448 0.00965078
9.94031 2.29116 0.00968468
9.95028 1.68542 0.00971908
9.95926 1.4576 0.0107352
9.97024 1.82821 0.00975868
9.98023 2.35722 0.00977138
9.98919 2.4631 0.0108127
10.0002 2.06267 0.00983858
10.0101 1.62664 0.00989778
10.0191 1.62853 0.010892
10.0301 2.02997 0.00992188
10.0401 2.36286 0.00994898
10.05 2.27401 0.00997398
10.06 1.89953 0.0100333
10.07 1.67218 0.0100302
10.0809 1.82159 0.00906727
10.0899 2.14456 0.0100565
10.1009 2.27277 0.00909217
10.1109 2.09302 0.00913197
10.1199 1.83994 0.0101416
10.1308 1.79532 0.00919327
10.1408 1.97409 0.00922337
10.1508 2.14762 0.00924517
10.1607 2.13262 0.00925107
10.1707 1.98384 0.00929747
10.1807 1.88873 0.00931427
10.1906 1.93302 0.00935227
10.2006 2.02894 0.00936037
10.2105 2.05851 0.00946597
10.2205 2.01833 0.00946377
10.2305 1.98818 0.00949607
