1e-07 2 0.0099877
0.0095703 2 0.0104294
0.0206054 2 0.0093943
0.0305339 2 0.0094655
0.0405447 2 0.0094547
0.0504599 2 0.0095399
0.060433 2 0.0095667
0.0704085 2 0.0095913
0.0803825 2 0.0096172
0.0904073 2 0.0095924
0.10038 2 0.0096202
0.110268 2 0.0097318
0.119312 2 0.010688
0.130246 2 0.0097535
0.140257 2 0.0097432
0.150225 2 0.0097753
0.160169 2 0.0098305
0.170142 2 0.0098583
0.180169 2 0.0098309
0.19009 2 0.0099092
0.200066 2 0.009934
0.210033 2 0.0099665
0.220038 2 0.0099619
0.228983 2 0.0110164
0.240953 2 0.0090463
0.250925 2 0.0090743
0.260898 2 0.0091023
0.270939 2 0.0090609
0.280814 2 0.0091853
0.290888 2 0.0091109
0.300858 2 0.0091419
0.310785 2 0.0092137
0.32074 2 0.0092596
0.330714 2 0.0092855
0.340684 2 0.0093157
0.350657 2 0.0093429
0.360631 2 0.009369
0.3706 2 0.0093993
0.380638 0 0.0093423
0.390554 0 0.009446
0.400523 0 0.0094763
0.410494 0 0.0095056
0.420503 0 0.0094964
0.430444 0 0.0095556
0.440422 0 0.009578
0.449393 0 0.0106067
0.460364 0 0.0096358
0.470338 0 0.0096619
0.48031 0 0.0096894
0.49034 0 0.00966
0.50029 0 0.0097095
0.51023 0 0.0097694
0.520203 0 0.0097964
0.530176 0 0.0098232
0.54021 0 0.0097896
0.550128 0 0.0098716
0.560128 0 0.0098716
0.570067 0 0.0099325
0.580075 0 0.0099243
0.590024 0 0.0099762
0.599991 0 0.010009
0.610993 0 0.009007
0.620936 0 0.0090637
0.63094 0 0.0090601
0.640882 0 0.009118
0.650855 0 0.0091447
0.66083 0 0.00917
0.670801 0 0.0091986
0.679846 0 0.0101536
0.690802 0 0.0091967
0.700724 0 0.0092755
0.710697 0 0.0093025
0.720702 0 0.009298
0.730642 0 0.0093575
0.740619 0 0.0093809
0.750591 0 0.0094091
0.760563 0 0.009437
0.770536 0 0.0094636
0.780519 0 0.0094803
0.790485 0 0.0095139
0.800457 0 0.0095427
0.810428 0 0.0095715
0.820468 0 0.0095322
0.830408 0 0.0095913
0.840352 0 0.0096475
0.850324 0 0.0096762
0.860294 0 0.0097057
0.87027 0 0.0097299
0.880241 0 0.0097585
0.890217 0 0.0097826
0.90019 0 0.0098101
0.910163 0 0.0098366
0.920134 0 0.0098656
0.930109 0 0.0098906
0.940154 0 0.0098455
0.950116 0 0.0098683
0.960029 0 0.0099703
0.970001 0 0.0099987
0.979976 2 0.0100236
0.990949 2 0.0090508
1.00092 2 0.0090812
1.01093 2 0.0090724
1.02087 2 0.0091343
1.03089 2 0.0091098
1.04082 2 0.0091819
1.05079 2 0.0092144
1.06076 2 0.0092405
1.07077 2 0.0092317
1.08071 2 0.0092916
1.09074 2 0.0092582
1.10065 2 0.0093477
1.11063 2 0.0093704
1.1206 2 0.0093992
1.13058 2 0.0094214
1.14051 2 0.0094855
1.14952 2 0.0104759
1.16049 2 0.0095075
1.17047 2 0.0095332
1.18047 2 0.0095289
1.19041 2 0.0095872
1.20039 2 0.0096126
1.21043 2 0.0095719
1.22037 2 0.0096342
1.23031 2 0.0096914
1.2403 2 0.0097047
1.25025 2 0.0097475
1.26023 2 0.0097737
1.2702 2 0.0098019
1.28014 2 0.0098577
1.29016 2 0.0098427
1.30012 2 0.0098794
1.31009 2 0.0099053
1.32007 2 0.0099337
1.33005 2 0.0099487
1.34001 2 0.009985
1.34999 2 0.0100132
1.36096 2 0.0090438
1.37093 2 0.0090695
1.38091 2 0.0090939
1.39088 2 0.009122
1.40085 2 0.0091448
1.41089 2 0.0091073
1.4208 2 0.0092004
1.43082 2 0.0091759
1.44074 2 0.0092552
1.45072 2 0.009282
1.46069 2 0.0093104
1.47067 2 0.0093342
1.48064 2 0.0093628
1.49065 2 0.0093287
1.50058 2 0.0094149
1.51056 2 0.0094415
1.52058 2 0.0094184
1.53051 2 0.0094943
1.54045 2 0.0095516
1.54945 2 0.0105464
1.56042 2 0.0095769
1.5704 2 0.0096022
1.58037 2 0.009627
1.59034 2 0.0096572
1.60032 2 0.0096835
1.60929 2 0.0107075
1.6203 2 0.0097044
1.63027 2 0.0097314
1.64024 2 0.0097549
1.65018 2 0.0098156
1.66016 2 0.0098418
1.67014 2 0.0098633
1.68014 2 0.0098636
1.69012 2 0.0098754
1.70005 2 0.0099482
1.70999 2 0.0100078
1.72 2 0.0100042
1.73102 2 0.0089829
1.74001 2 0.0099912
1.74989 2 0.0101118
1.75989 2 0.0101093
1.77086 2 0.0091398
1.78089 2 0.0091141
1.79081 2 0.0091904
1.80078 2 0.0092181
1.81079 2 0.0092142
1.82073 2 0.0092665
1.83073 2 0.0092649
1.84067 2 0.0093252
1.85065 2 0.0093527
1.86062 2 0.0093785
1.87065 2 0.0093456
1.88057 2 0.0094334
1.89061 2 0.0093893
1.90051 2 0.009486
1.91057 2 0.00943
1.92056 2 0.0094371
1.93048 0 0.0095157
1.9405 0 0.0095015
1.95046 0 0.0095351
1.96043 0 0.0095733
1.97043 0 0.009572
1.98038 0 0.0096176
1.99036 0 0.0096434
1.99933 0 0.0106678
2.0103 0 0.009698
2.0203 0 0.0097018
2.03022 0 0.0097775
2.04024 0 0.0097544
2.0502 0 0.0097966
2.06017 0 0.0098306
2.07011 0 0.0098888
2.07912 0 0.0108809
2.09009 0 0.0099098
2.10008 0 0.0099188
2.10997 0 0.0100262
2.12003 0 0.0099701
2.12998 0 0.0100173
2.14095 0 0.0090469
2.15093 0 0.0090736
2.1609 0 0.0090976
2.17087 0 0.009125
2.18085 0 0.0091489
2.19082 0 0.0091793
2.20075 0 0.0092452
2.20976 0 0.0102398
2.22071 0 0.0092886
2.23067 0 0.0093252
2.24068 0 0.0093221
2.25062 0 0.0093801
2.26068 0 0.0093155
2.27054 0 0.0094573
2.27955 0 0.0104527
2.29058 0 0.00942
2.30053 0 0.0094707
2.31044 0 0.0095624
2.32046 0 0.0095402
2.33041 0 0.0095874
2.34042 0 0.0095801
2.35037 0 0.0096329
2.36033 0 0.009673
2.36934 0 0.0106619
2.38031 0 0.0096886
2.39023 0 0.0097726
2.40026 0 0.009744
2.4102 0 0.0097949
2.42021 0 0.0097879
2.43017 0 0.0098256
2.44009 0 0.0099089
2.4501 0 0.009903
2.45912 0 0.0108753
2.47006 0 0.0099435
2.47905 0 0.0109508
2.49002 0 0.0099764
2.49999 0 0.0100047
2.51098 0 0.00902
2.52094 0 0.0090624
2.53088 0 0.0091159
2.5409 0 0.0090963
2.55085 0 0.009148
2.56084 0 0.0091616
2.57082 0 0.0091799
2.58077 0 0.0092247
2.59073 0 0.0092701
2.59973 0 0.0102731
2.61071 0 0.0092892
2.62067 0 0.0093322
2.63058 0 0.0094168
2.64064 0 0.0093618
2.65059 0 0.0094091
2.66056 0 0.0094377
2.67051 0 0.0094876
2.68052 0 0.0094838
2.69051 0 0.0094942
2.70048 2 0.0095229
2.71043 2 0.0095666
2.72037 2 0.0096268
2.7294 2 0.0106038
2.74037 2 0.0096302
2.75033 2 0.0096684
2.7603 2 0.0097018
2.77027 2 0.0097259
2.78027 2 0.0097323
2.79022 2 0.0097811
2.80019 2 0.00981
2.81016 2 0.0098359
2.82017 2 0.0098092
2.83011 2 0.0098869
2.8401 2 0.0098971
2.85008 2 0.0099196
2.86003 2 0.0099725
2.87001 2 0.0099944
2.87999 2 0.0100139
2.89097 2 0.0090336
2.90089 2 0.0091103
2.9109 2 0.0091033
2.92088 2 0.0091242
2.93084 2 0.0091558
2.94084 2 0.0091577
2.95079 2 0.0092096
2.96074 2 0.0092602
2.96974 0 0.0102625
2.9807 0 0.0093001
2.99065 0 0.0093504
3.00066 0 0.0093429
3.01065 0 0.0093535
3.02063 0 0.0093743
3.03052 0 0.0094839
3.04054 0 0.0094547
3.05053 0 0.0094717
3.06048 0 0.0095229
3.06949 0 0.0105093
3.08046 0 0.0095434
3.09043 0 0.0095737
3.10038 0 0.0096189
3.11034 0 0.0096622
3.12033 0 0.0096649
3.13033 0 0.0096714
3.1403 0 0.0097029
3.15023 0 0.0097689
3.15923 0 0.0107686
3.17021 0 0.0097893
3.18018 0 0.0098211
3.19015 0 0.0098495
3.20014 0 0.0098567
3.2101 0 0.0098976
3.22008 0 0.0099219
3.23006 0 0.0099377
3.24004 2 0.0099641
3.25001 2 0.0099935
3.25997 2 0.0100323
3.27093 2 0.0090672
3.28084 2 0.0091555
3.29085 2 0.0091456
3.29986 2 0.0101427
3.31082 2 0.0091802
3.3208 2 0.0091994
3.33078 2 0.0092203
3.34075 2 0.0092548
3.35072 2 0.0092783
3.3607 2 0.009297
3.37066 2 0.0093371
3.38064 2 0.0093596
3.39061 2 0.0093879
3.4006 2 0.0093961
3.41056 2 0.0094413
3.42056 2 0.009444
3.43051 2 0.0094886
3.44048 2 0.0095212
3.45045 2 0.009551
3.46044 2 0.0095406
3.4704 2 0.0096022
3.48037 2 0.0096277
3.49036 2 0.0096355
3.50028 2 0.0097158
3.5093 2 0.0107015
3.52023 2 0.00977
3.53018 2 0.009816
3.5402 2 0.0098002
3.54919 2 0.0108095
3.56014 2 0.0098547
3.57009 2 0.0099091
3.5801 2 0.0098996
3.59006 2 0.0099435
3.59999 2 0.0100104
3.61102 2 0.0089803
3.61996 2 0.010042
3.63099 2 0.0090063
3.64091 2 0.0090861
3.65092 2 0.0090829
3.66089 2 0.0091069
3.67083 2 0.0091738
3.67984 2 0.0101571
3.69082 2 0.0091831
3.70075 2 0.0092463
3.71079 2 0.0092106
3.72067 2 0.0093346
3.7307 2 0.0093013
3.7407 2 0.0092974
3.75065 2 0.0093471
3.76063 2 0.0093703
3.7706 2 0.0094042
3.78057 2 0.0094271
3.79052 2 0.0094775
3.79952 2 0.0104788
3.81052 2 0.0094826
3.82049 2 0.0095139
3.8304 2 0.0095991
3.84038 2 0.0096201
3.85038 2 0.0096174
3.86036 2 0.0096412
3.8703 2 0.0097002
3.87931 2 0.0106941
3.8903 2 0.0097029
3.90025 2 0.0097474
3.91021 2 0.0097863
3.9192 2 0.0107964
3.93017 2 0.00983
3.94011 2 0.0098852
3.95009 2 0.0099133
3.95909 2 0.0109082
3.97008 2 0.0099158
3.98004 2 0.0099578
3.98995 2 0.010052
3.99999 2 0.0100091
4.01096 2 0.0090428
4.02093 2 0.0090738
4.03094 2 0.0090556
4.04088 2 0.0091217
4.05085 2 0.0091507
4.06084 2 0.0091587
4.07073 2 0.0092682
4.07977 2 0.0102291
4.09075 2 0.0092485
4.10072 2 0.0092772
4.11062 2 0.0093763
4.11966 2 0.010337
4.13063 2 0.0093661
4.14063 2 0.0093669
4.15055 2 0.0094513
4.15956 2 0.0104436
4.17053 2 0.0094705
4.1805 2 0.0095
4.19044 2 0.0095571
4.19946 0 0.0105428
4.21043 0 0.0095686
4.22041 0 0.0095881
4.23037 0 0.0096321
4.24034 0 0.0096601
4.25033 0 0.0096665
4.26029 0 0.0097136
4.27024 0 0.009762
4.27924 0 0.010755
4.29024 0 0.0097587
4.30022 0 0.0097799
4.31021 0 0.0097925
4.32012 0 0.0098818
4.33008 0 0.009921
4.34006 0 0.0099428
4.34912 0 0.0108812
4.36002 0 0.0099797
4.36997 0 0.0100257
4.38096 0 0.0090385
4.39095 0 0.0090472
4.40089 0 0.0091119
4.41088 0 0.0091213
4.42087 0 0.0091323
4.43084 0 0.0091569
4.44081 0 0.0091855
4.45082 0 0.0091823
4.46078 0 0.0092169
4.47073 0 0.0092735
4.47981 0 0.0101943
4.49078 0 0.009218
4.50071 0 0.0092936
4.51065 0 0.0093524
4.52068 0 0.0093239
4.52963 0 0.0103678
4.54057 0 0.0094262
4.55061 0 0.0093932
4.55955 2 0.0104489
4.57055 2 0.0094472
4.58049 2 0.0095141
4.59043 2 0.0095642
4.59944 2 0.0105559
4.61042 2 0.0095846
4.61953 2 0.0104648
4.63042 2 0.0095781
4.64042 2 0.0095757
4.64944 2 0.0105615
4.66043 2 0.009574
4.67038 2 0.0096154
4.68032 2 0.0096785
4.69034 2 0.009663
4.7003 2 0.0097043
4.71024 2 0.0097567
4.71925 2 0.0107545
4.73022 2 0.0097832
4.74016 2 0.0098396
4.75015 2 0.0098469
4.75914 2 0.01086
4.77011 2 0.0098905
4.78009 2 0.0099088
4.78911 2 0.0108883
4.79912 2 0.010877
4.81011 2 0.0098888
4.82008 2 0.0099149
4.82997 2 0.0100272
4.84097 2 0.0090261
4.84998 2 0.0100195
4.86095 2 0.0090475
4.87092 2 0.0090749
4.87995 2 0.0100456
4.89093 2 0.009065
4.9009 2 0.0090968
4.91087 2 0.0091265
4.92085 2 0.0091528
4.93079 2 0.0092111
4.9398 2 0.0102028
4.95078 2 0.0092217
4.96076 2 0.0092386
4.97068 2 0.009318
4.98069 2 0.0093115
4.99066 2 0.0093392
5.00064 2 0.0093585
5.01061 2 0.0093907
5.02061 2 0.0093942
5.03052 2 0.0094762
5.0395 2 0.0104995
5.0505 2 0.0094995
5.06048 2 0.0095239
5.07045 2 0.009547
5.08042 2 0.0095797
5.09041 2 0.0095853
5.10037 2 0.0096304
5.11036 2 0.0096351
5.12033 2 0.0096681
5.13032 2 0.0096771
5.14027 2 0.0097325
5.15024 2 0.0097589
5.16023 2 0.0097746
5.17018 2 0.0098176
5.18009 2 0.0099105
5.19009 2 0.0099067
5.20007 2 0.0099336
5.20908 2 0.0109234
5.22007 2 0.0099289
5.23002 2 0.0099798
5.24001 2 0.009988
5.24997 2 0.0100308
5.26094 2 0.0090628
5.27091 2 0.0090888
5.28086 2 0.0091418
5.28989 2 0.0101075
5.30085 2 0.0091472
5.3108 2 0.0091986
5.32078 2 0.0092153
5.33076 2 0.009242
5.34072 2 0.0092749
5.3507 2 0.0093018
5.3607 2 0.0093024
5.37065 2 0.0093524
5.38062 2 0.0093762
5.39059 2 0.0094064
5.40058 0 0.0094168
5.41054 0 0.0094556
5.42053 0 0.0094669
5.43048 0 0.0095189
5.44042 0 0.0095781
5.45041 0 0.0095945
5.45941 0 0.0105935
5.47039 0 0.0096084
5.48037 0 0.0096281
5.49033 0 0.0096522
5.5003 0 0.0097032
5.51023 0 0.0097674
5.51925 0 0.0107523
5.53018 0 0.0098154
5.54019 0 0.0098061
5.55014 0 0.0098648
5.55915 0 0.0108545
5.57011 0 0.009889
5.58008 0 0.009916
5.59007 0 0.0099125
5.60003 0 0.0099709
5.60997 0 0.0100256
5.62098 0 0.0090243
5.63092 0 0.0090759
5.64089 0 0.0091083
5.6509 0 0.0090993
5.66087 0 0.0091285
5.67084 0 0.0091617
5.67982 0 0.010182
5.6908 0 0.0092045
5.70076 0 0.0092353
5.71074 0 0.0092573
5.71975 0 0.0102455
5.73072 0 0.0092793
5.7407 0 0.0093028
5.75064 0 0.0093636
5.76064 0 0.0093594
5.77061 0 0.009387
5.78061 0 0.0093911
5.79056 0 0.0094381
5.80053 0 0.0094698
5.81051 0 0.0094934
5.82048 0 0.0095159
5.83046 0 0.0095429
5.83939 0 0.0106051
5.85041 0 0.0095931
5.86038 0 0.0096224
5.87028 0 0.0097156
5.87933 0 0.0106683
5.89032 0 0.0096784
5.90029 0 0.0097147
5.91024 0 0.0097601
5.92024 0 0.0097611
5.93018 0 0.0098149
5.94013 2 0.0098683
5.95013 2 0.0098672
5.96011 2 0.0098912
5.9701 2 0.0098957
5.98005 2 0.0099463
5.99004 2 0.0099548
6 2 0.0099979
6.00997 2 0.0100289
6.02097 2 0.0090328
6.03091 2 0.0090929
6.0399 2 0.0101038
6.05087 2 0.0091345
6.06084 2 0.0091584
6.07081 2 0.009185
6.08079 2 0.0092118
6.09078 2 0.0092178
6.10074 2 0.0092599
6.11071 2 0.0092914
6.12068 2 0.0093182
6.13065 2 0.0093448
6.14065 2 0.0093481
6.1506 2 0.0094
6.16058 2 0.0094223
6.17058 2 0.0094187
6.18052 2 0.0094769
6.19051 2 0.0094705
6.2005 2 0.009503
6.21044 2 0.0095611
6.22038 2 0.0096155
6.23039 2 0.0096137
6.24038 2 0.009617
6.25032 2 0.0096837
6.26024 2 0.0097557
6.26928 2 0.0107192
6.28021 0 0.0097868
6.29018 0 0.0098153
6.29923 0 0.0107732
6.31019 0 0.0098091
6.32015 0 0.0098526
6.33012 0 0.0098767
6.34007 0 0.0099322
6.35006 0 0.0099442
6.35901 0 0.0109873
6.37001 0 0.0099943
6.37995 0 0.0100503
6.38996 0 0.0100434
6.40087 0 0.009134
6.41091 0 0.0090924
6.42088 0 0.0091242
6.43081 0 0.0091925
6.44076 0 0.0092367
6.4498 0 0.0101948
6.46077 0 0.009233
6.47071 0 0.0092896
6.48067 0 0.0093308
6.49065 0 0.0093498
6.50063 0 0.0093672
6.51063 0 0.00937
6.52058 0 0.0094157
6.53052 0 0.0094755
6.54052 0 0.0094793
6.54953 0 0.010465
6.5605 0 0.0094993
6.57048 0 0.009524
6.58047 0 0.0095301
6.59044 0 0.0095645
6.6004 0 0.0095961
6.61044 0 0.0095621
6.62037 0 0.0096327
6.63025 0 0.0097468
6.64023 0 0.0097693
6.65021 0 0.0097927
6.66018 0 0.0098239
6.67015 0 0.0098489
6.67917 0 0.0108266
6.69015 0 0.0098532
6.70013 0 0.0098666
6.71011 0 0.0098929
6.72008 0 0.0099207
6.73005 0 0.0099458
6.73996 0 0.0100358
6.75095 0 0.0090541
6.76091 0 0.0090868
6.77088 0 0.0091177
6.78086 0 0.0091427
6.79083 0 0.0091706
6.80087 0 0.0091327
6.81078 0 0.0092216
6.81978 0 0.0102156
6.83076 0 0.0092401
6.84076 0 0.0092398
6.85066 0 0.009335
6.85967 0 0.0103241
6.87068 0 0.0093216
6.88068 0 0.0093217
6.89061 0 0.0093846
6.90054 0 0.0094617
6.91051 2 0.0094851
6.92048 2 0.0095184
6.92948 2 0.0105191
6.94046 2 0.0095357
6.95043 2 0.0095655
6.96041 2 0.0095919
6.97035 2 0.0096492
6.98033 2 0.0096703
6.99031 2 0.0096838
7.0003 2 0.0096978
7.01026 2 0.0097343
7.01924 2 0.0107571
7.03026 2 0.0097443
7.04026 2 0.0097412
7.0502 0 0.0098026
7.06017 0 0.0098268
7.07014 0 0.0098582
7.08011 0 0.0098852
7.09011 0 0.0098886
7.10006 0 0.0099401
7.11003 0 0.0099665
7.12001 0 0.009994
7.13001 0 0.0099874
7.13993 0 0.0100715
7.14993 0 0.0100718
7.1609 0 0.0091022
7.17085 0 0.009152
7.17987 0 0.0101265
7.19082 0 0.0091821
7.20079 0 0.0092105
7.21077 0 0.0092308
7.22067 0 0.0093267
7.22974 0 0.0102578
7.24069 0 0.0093127
7.25065 0 0.0093543
7.26065 0 0.0093481
7.27057 0 0.0094287
7.28058 0 0.0094161
7.29052 0 0.0094749
7.30048 0 0.0095151
7.3095 0 0.0104987
7.32047 0 0.0095303
7.33047 0 0.009526
7.34042 0 0.0095835
7.35039 0 0.0096103
7.36036 0 0.0096347
7.37034 0 0.0096634
7.38032 0 0.0096774
7.3903 0 0.0096989
7.40028 0 0.0097242
7.41023 0 0.0097656
7.42022 0 0.0097753
7.43018 0 0.0098241
7.44015 0 0.0098469
7.44916 0 0.0108396
7.46007 0 0.0099313
7.47004 0 0.0099587
7.48002 0 0.009983
7.48996 0 0.010041
7.5 0 0.0099966
7.51 0 0.0099953
7.51991 0 0.0100895
7.53088 0 0.0091236
7.54089 0 0.0091136
7.55082 0 0.0091752
7.56085 0 0.0091452
7.57077 0 0.0092344
7.58072 0 0.0092841
7.58976 0 0.0102351
7.60073 0 0.0092719
7.61071 0 0.009289
7.62067 0 0.0093251
7.63066 0 0.0093365
7.64059 0 0.0094124
7.65057 2 0.0094337
7.6605 2 0.0094986
7.66954 2 0.0104598
7.6805 2 0.0094998
7.69049 2 0.0095117
7.70046 2 0.0095424
7.71043 2 0.0095647
7.72042 2 0.0095776
7.73034 2 0.0096573
7.74031 2 0.0096843
7.75026 2 0.009735
7.76027 2 0.0097286
7.77025 2 0.0097447
7.78019 2 0.0098088
7.79016 2 0.0098384
7.79919 2 0.0108084
7.81014 2 0.0098627
7.82008 2 0.0099197
7.82911 2 0.0108875
7.8404 2 0.0095964
7.85005 2 0.0099491
7.86001 2 0.0099932
7.86995 2 0.0100542
7.88091 2 0.0090857
7.8909 2 0.0090994
7.90086 2 0.0091348
7.91084 2 0.0091597
7.92081 2 0.0091901
7.93078 2 0.0092204
7.9408 2 0.009197
7.95073 2 0.0092735
7.95973 2 0.01027
7.97067 2 0.0093293
7.98066 2 0.009342
7.98966 2 0.0103424
8.00063 2 0.0093656
8.0106 2 0.0094013
8.02057 2 0.009431
8.03055 2 0.0094498
8.04052 2 0.0094777
8.04949 2 0.0105063
8.06043 2 0.0095675
8.0695 2 0.0105009
8.08045 2 0.0095514
8.09035 2 0.0096483
8.09939 2 0.0106081
8.1103 2 0.0097014
8.12032 2 0.0096834
8.12928 2 0.0107167
8.14023 2 0.0097665
8.15022 2 0.0097801
8.15923 2 0.0107647
8.17016 2 0.009836
8.18021 2 0.0097896
8.19013 2 0.009867
8.20223 2 0.0077655
8.21089 2 0.0091122
8.22001 2 0.0099872
8.22998 2 0.0100217
8.24095 2 0.0090495
8.24996 2 0.0100378
8.2609 2 0.0090984
8.27087 2 0.0091298
8.28088 2 0.0091232
8.29085 2 0.0091443
8.30082 2 0.009177
8.3108 2 0.0091968
8.32077 2 0.0092286
8.33074 0 0.0092584
8.34071 0 0.0092873
8.35072 0 0.0092783
8.36072 0 0.0092841
8.37066 0 0.0093368
8.38065 0 0.0093443
8.39055 0 0.0094499
8.39961 0 0.0103922
8.41056 0 0.009442
8.42051 0 0.0094908
8.43048 0 0.0095175
8.44042 0 0.0095816
8.44943 0 0.0105739
8.46043 0 0.0095675
8.4704 0 0.009597
8.48038 0 0.0096226
8.49035 0 0.0096513
8.50029 0 0.0097103
8.51023 0 0.0097672
8.5202 0 0.009795
8.53021 0 0.0097918
8.54016 0 0.0098386
8.54919 0 0.0108077
8.56013 0 0.0098674
8.57009 0 0.0099058
8.58005 0 0.009954
8.59002 0 0.0099804
8.59999 0 0.0100084
8.61096 0 0.009036
8.62093 0 0.0090661
8.63099 0 0.0090089
8.64092 0 0.0090839
8.65088 0 0.0091177
8.66083 0 0.0091738
8.6708 0 0.0091985
8.68081 0 0.0091909
8.69075 0 0.009246
8.69976 0 0.0102372
8.71069 0 0.0093044
8.7207 0 0.0092962
8.72968 0 0.0103227
8.74062 0 0.0093792
8.75059 0 0.0094088
8.7606 0 0.0094003
8.77053 0 0.0094665
8.78056 0 0.0094343
8.79051 0 0.0094929
8.80046 0 0.0095412
8.81046 0 0.0095354
8.82047 0 0.0095339
8.83038 0 0.0096233
8.84037 0 0.0096261
8.85032 0 0.0096798
8.86029 0 0.0097049
8.8693 0 0.0106946
8.88024 0 0.0097593
8.89022 0 0.0097824
8.89925 0 0.010745
8.91016 0 0.0098388
8.92013 0 0.0098666
8.93011 0 0.0098934
8.94009 0 0.0099117
8.94912 0 0.0108746
8.96005 0 0.0099462
8.97 0 0.0099998
8.98001 0 0.0099928
8.99001 0 0.0099902
8.99994 0 0.0100621
9.01091 0 0.0090855
9.02088 0 0.0091206
9.03089 0 0.0091112
9.04084 0 0.0091572
9.05081 0 0.0091875
9.06079 0 0.0092072
9.0698 0 0.010201
9.08078 0 0.0092241
9.09074 0 0.009261
9.09973 0 0.0102683
9.1107 0 0.0093018
9.12066 0 0.0093373
9.13063 0 0.0093654
9.1406 0 0.0093953
9.15058 0 0.0094178
9.16055 0 0.0094497
9.17052 0 0.0094753
9.1805 0 0.0095008
9.19048 0 0.0095203
9.20044 0 0.0095571
9.21042 0 0.0095821
9.22042 0 0.0095844
9.23037 0 0.0096347
9.24034 0 0.0096637
9.25034 0 0.009657
9.26028 0 0.0097154
9.27026 0 0.009723
9.28018 0 0.0098181
9.29021 0 0.009785
9.30018 0 0.0098162
9.3101 2 0.0099031
9.32011 2 0.00989
9.33012 2 0.0098812
9.34006 2 0.0099441
9.34901 2 0.0109878
9.36002 2 0.0099841
9.37 2 0.0099961
9.37994 2 0.0100622
9.3909 2 0.0090969
9.40092 2 0.0090822
9.41085 2 0.0091494
9.42085 2 0.0091449
9.43083 2 0.009171
9.4408 2 0.0091963
9.45074 2 0.0092559
9.46071 2 0.0092859
9.47068 2 0.0093163
9.4797 2 0.0103023
9.49072 2 0.0092781
9.50063 2 0.0093661
9.51061 2 0.0093938
9.51958 2 0.0104211
9.53059 2 0.0094073
9.54053 2 0.0094649
9.55052 2 0.0094788
9.55947 2 0.010529
9.57045 2 0.0095529
9.58042 2 0.0095763
9.59036 2 0.009635
9.59938 2 0.0106232
9.61035 2 0.0096537
9.62037 2 0.0096317
9.63026 2 0.0097425
9.64026 2 0.0097342
9.64927 2 0.0107314
9.6602 2 0.0097974
9.67017 2 0.0098255
9.67917 2 0.0108259
9.69018 2 0.0098148
9.70014 2 0.0098628
9.71005 2 0.0099545
9.72006 2 0.0099433
9.73 2 0.0100013
9.74104 2 0.0089636
9.75 2 0.0100032
9.76094 2 0.0090588
9.77092 2 0.0090811
9.78086 2 0.0091392
9.79083 2 0.0091682
9.79983 2 0.0101654
9.81081 2 0.0091914
9.82078 2 0.0092175
9.83073 2 0.0092731
9.84071 2 0.0092904
9.84971 2 0.0102923
9.86065 2 0.0093511
9.86965 2 0.0103479
9.88059 2 0.0094042
9.89057 2 0.009433
9.90059 2 0.0094143
9.91056 2 0.0094441
9.92051 2 0.0094908
9.93049 2 0.0095113
9.94044 2 0.0095624
9.94944 2 0.010561
9.96041 2 0.0095889
9.97038 2 0.009617
9.98033 2 0.0096738
9.99034 2 0.0096557
10.0003 2 0.0097085
10.0102 2 0.0097582
10.0203 2 0.0097279
10.0302 2 0.0097575
10.0402 2 0.0098305
10.0501 2 0.0098611
10.0601 2 0.009853
10.0701 2 0.0098858
10.0801 2 0.009914
10.09 2 0.0099658
10.1 2 0.0099706
10.11 2 0.0100218
10.121 2 0.0090167
10.1309 2 0.0090773
10.1409 2 0.0091046
10.1509 2 0.0091314
10.1608 2 0.0091508
10.1708 2 0.0091846
10.1808 0 0.0092133
10.1908 0 0.0092378
10.2007 0 0.009267
10.2107 0 0.0092545
10.2207 0 0.0093158
10.2297 0 0.0103083
